1.4174188163076809
1.4159696765770484
1.4162543427731684
1.4178914096906303
1.4178524047822754
1.4179077552277737
1.4169611418992774
1.4169611418992774
1.4173556741766393
1.4170684424790065
1.416153511979103
1.4162470615106153
1.4166426372340795
1.4166532439327295
1.4166814754321424
1.4175372303050944
1.4167613642316237
1.4172324644446483
1.4164630953178154
1.4146904558505002
1.414425782889971
1.4149028121870035
1.4146626184425328
1.4144960078528943
1.4142275772999422
1.4137798399274522
1.4134759405528725
1.4148224046851368
1.414683214019446
1.4142902586828001
1.4154455880048942
1.4159699432228814
1.4165152296741719
1.4147261343770166
1.4153343682023918
1.4152716065346007
1.4162478063511983
1.4166502817532576
1.4139547355829154
1.4146055842962004
1.4162310311372064
1.4158207147462583
1.4152611317753017
1.4128058833446064
1.412466358219063
1.4125433627885828
1.4126973678036705
1.41288632528452
1.4127520186995708
1.4130844141829486
1.4124333807123266
1.4176324728316145
1.4161836781513275
1.4164682873119974
1.4181049033732844
1.4180658084237214
1.4181210982092438
1.4171748006555445
1.4171748006555445
1.4175693078126241
1.4172821058697058
1.4163673526525282
1.4164609220711046
1.4168563190415187
1.4168668734288736
1.4168950842142207
1.4177508489724668
1.4169751814205762
1.4174460911142037
1.4166768310531803
1.414904898431189
1.414640177581311
1.4151170526488306
1.4148769173805475
1.4147103159651988
1.4144421488942034
1.4139944186242903
1.413690564608197
1.4150366199534248
1.4148974179216427
1.4145045148644
1.4156595609251246
1.416183791007729
1.4167288575333596
1.4149402723155413
1.4155486371299808
1.4154858622426474
1.4164616964715915
1.4168640572796205
1.4141693694602995
1.4148198102812537
1.4164447355235785
1.4160346233506598
1.415475121777476
1.4130207393849807
1.4126812156042414
1.412758218180652
1.4129122191889727
1.413101051772731
1.4129668189856945
1.413299138335763
1.4126482417970796
1.4194907695668066
1.4180455129746279
1.4183293912385826
1.4199622142738626
1.419923546232561
1.4199788594266016
1.419034571243289
1.419034571243289
1.4194278853406572
1.4191415136936452
1.4182291297544207
1.4183223299842522
1.41871704352754
1.4187277382629297
1.4187559268426524
1.4196088888599412
1.4188350695700838
1.4193050906845177
1.4185379565678204
1.4167694009675575
1.4165056966687686
1.4169815427880448
1.416741989666257
1.416575896867182
1.4163077187795223
1.4158614139373051
1.4155583920596013
1.4169014544653107
1.4167627408909518
1.4163709350998979
1.4175231876923913
1.4180461385009322
1.4185901745298055
1.4168056766346055
1.4174116354443758
1.4173491078337808
1.4183230032677057
1.4187244440776507
1.4160356144482815
1.4166853107675783
1.418306716816414
1.4178972507476573
1.4173392885149279
1.4148899608969068
1.4145515315309614
1.4146282915301418
1.4147818074659613
1.4149704455266252
1.4148364010099899
1.4151678987544438
1.4145186521050361
1.4184056004344356
1.416958376526461
1.4172426384058225
1.4188777000213848
1.4188390052827113
1.4188944061693058
1.4179488089981638
1.4179488089981638
1.4183426405118684
1.4180558891389505
1.4171422738361832
1.4172355899222098
1.4176308628412286
1.4176415851354773
1.4176698157399543
1.4185238830371556
1.4177490068079572
1.4182196881851032
1.4174515291853809
1.4156804918239083
1.415416457527642
1.4158929619934355
1.4156530824511504
1.4154867715267019
1.4152181762745766
1.4147712898971576
1.4144678625905203
1.415812776231296
1.4156738854597133
1.4152815571151391
1.4164353803131158
1.4169590430478953
1.417503843156527
1.41571689420534
1.4163236058344761
1.416261000464453
1.4172362563566312
1.417638248516258
1.4149457022492744
1.4155963489969638
1.4172199972810855
1.4168099460218153
1.416251237816468
1.4137985026275375
1.4134596333439873
1.4135364935630357
1.4136902099386823
1.41387912564393
1.4137448877424736
1.4140768359424685
1.413426710246249
1.4181150962316236
1.4166673315684981
1.4169517023078453
1.4185873598314438
1.4185486261799103
1.4186040360773644
1.4176581078352113
1.4176581078352113
1.4180521034476001
1.4177652354176187
1.4168512687545793
1.416944630088359
1.417340029881605
1.417350743925041
1.4173789816330813
1.4182334206520177
1.4174582582835658
1.4179290962418165
1.4171606319696892
1.4153890029695884
1.4151248427110457
1.4156015152158414
1.4153615463587859
1.4151951657839765
1.414926519304349
1.4144794414493882
1.4141758941192684
1.4155212885760535
1.4153823349500327
1.4149898498474196
1.416144102160101
1.416667960491832
1.4172129419851633
1.4154253460417598
1.4160323522737053
1.4159697165773588
1.4169453040930706
1.4173474418379146
1.414653942808733
1.4153047704017765
1.4169289922314328
1.416518813981335
1.4159598842510397
1.413506301884539
1.4131672864100557
1.4132441793713566
1.41339796122469
1.4135869278457684
1.4134526500820093
1.4137847230560816
1.413134349988238
1.4182242499006075
1.4167764646247882
1.4170608923284302
1.418696272460385
1.418657049123353
1.4187122259957725
1.417766729351226
1.417766729351226
1.4181610694737985
1.417874007094429
1.4169598276422257
1.41705339792735
1.417448386924255
1.4174588559549526
1.417487025163013
1.4183425284292221
1.4175674228945365
1.4180378817433914
1.4172690415018367
1.4154987895881341
1.415234079403602
1.4157105585402243
1.4154705925913458
1.4153040594687754
1.4150363919118318
1.4145888176795844
1.4142851330584543
1.41563011241436
1.4154909376327474
1.4150982436329889
1.4162524721502898
1.4167763365482595
1.4173208821654613
1.4155336748306453
1.416142047923839
1.4160792726470492
1.4170542183799497
1.4174562694595134
1.414763798326127
1.4154133897014862
1.417036971986968
1.4166273124387234
1.4160681194553528
1.4136158880128846
1.4132764762287529
1.4133534507605319
1.4135073956487456
1.4136959714757213
1.4135618977317594
1.4138939902679788
1.413243518888905
1.419068107332974
1.4176217743643698
1.4179059376632661
1.4195395584837829
1.4195001811951076
1.419555210319007
1.4186108380065172
1.4186108380065172
1.4190049164850989
1.4187180668751667
1.4178047255094375
1.4178982839807655
1.4182927121905229
1.4183030738343212
1.4183311875562803
1.4191862484122326
1.4184119472251686
1.4188817816789998
1.4181135684260209
1.4163456464625828
1.4160809859798607
1.4165569080513283
1.416317185317333
1.4161507598998666
1.4158837492117042
1.415436430307183
1.4151329977719993
1.41647645633706
1.4163373345497907
1.4159449541262372
1.4170980089120775
1.4176213472592447
1.4181651713128376
1.416379920396802
1.416988219961877
1.4169254528490207
1.4178991614802843
1.4183007727417591
1.4156114238509168
1.4162598714118388
1.4178815631683699
1.417472521849228
1.4169137889170307
1.4144645650324743
1.41412533901282
1.4142022681322852
1.4143561221581655
1.4145443533218975
1.4144104954511183
1.414742260719795
1.4140924066521126
1.4189420671512873
1.4174955127313094
1.4177797175040645
1.419413600015634
1.419374235509046
1.4194292820506542
1.4184847480267122
1.4184847480267122
1.4188788738100357
1.4185919875971589
1.4176785140706802
1.4177720788821806
1.4181665834987571
1.4181769561576758
1.4182050768340424
1.419060228149105
1.4182858057968326
1.4187557270257891
1.4179874101882572
1.4162191636038306
1.4159544836028772
1.416430486241473
1.4161907265597384
1.416024281436109
1.415757192070582
1.4153098235210309
1.4150063496403555
1.4163500306061776
1.4162108959468211
1.4158184632639073
1.4169716961437657
1.4174951146740173
1.4180390390552
1.416253498871275
1.4168618393397872
1.4167990679502358
1.4177729508842956
1.4181746271905826
1.4154848255214356
1.416133420266779
1.4177553858093634
1.4173462616880073
1.4167874530251297
1.4143378008366314
1.4139985379330422
1.414075475736348
1.414229347133342
1.4144176222503047
1.4142837359644709
1.4146155514599947
1.4139656013164217
1.4179085377316005
1.4164581980255715
1.416743164818225
1.418381218686046
1.4183415817894376
1.4183966914070627
1.4174498398860438
1.4174498398860438
1.4178451143601598
1.417557411547837
1.416641478499452
1.4167353600452244
1.4171307527813901
1.4171410676846221
1.4171692380859306
1.4180269914531412
1.4172505661260926
1.4177215834227856
1.4169511296784165
1.41517874162359
1.4149131798867078
1.4153903587983159
1.41514997391319
1.414983041237032
1.4147155932789852
1.4142668843866435
1.4139625703415903
1.4153096170194808
1.4151700423790576
1.4147765123898703
1.4159327490726614
1.416457536781575
1.4170027308556548
1.4152126617262135
1.415823064414394
1.41576008074058
1.416736285039373
1.41713898044218
1.414442509437649
1.4150923701004687
1.4167183504617962
1.4163083374046472
1.415747978067131
1.4132923956356438
1.4129521093955206
1.413029276394595
1.413183606135397
1.4133722376631752
1.4132380723412228
1.4135707612552864
1.412919079510342
1.4171221942555343
1.4156721995998505
1.4159571093570533
1.4175947123686998
1.4175549854308838
1.4176100343885325
1.4166634986423106
1.4166634986423106
1.4170587479961445
1.4167710749385363
1.4158553191728773
1.4159492206057134
1.4163444345888287
1.416354697180766
1.4163828468680086
1.4172406101205137
1.4164643833150445
1.4169352100923407
1.4161648654137806
1.414393184204278
1.4141275745780477
1.4146045992601426
1.4143642728512043
1.4141973493493363
1.4139301648732463
1.4134814630834815
1.4131771943969154
1.4145238322877691
1.4143842462812541
1.4139907685714694
1.4151467219928917
1.4156713845664217
1.4162163587148426
1.4144267996647388
1.4150373333419828
1.4149743364486262
1.4159501751597654
1.4163527559685427
1.4136571433150322
1.4143065960855217
1.4159320548481682
1.4155222460090497
1.4149619680693053
1.4125072516760182
1.4121669667806993
1.4122441317866639
1.412398457520699
1.4125869641513855
1.4124528726273458
1.4127854854081006
1.4121339405950941
1.4175688410259804
1.416117934818232
1.4164030001201948
1.4180417665352432
1.4180022324619295
1.4180574201572393
1.417110091149972
1.417110091149972
1.4175054380491119
1.4172176688791298
1.4163014263872695
1.4163952943861493
1.4167909422821852
1.416801320511833
1.4168295185816144
1.4176873525226412
1.416910607508804
1.4173819021000187
1.4166112357052878
1.4148378161841495
1.4145722828183842
1.415049696526633
1.4148092162175807
1.41464225466097
1.4143744645436016
1.413925698903653
1.413621298154622
1.414968976020311
1.4148293998738917
1.414435765345941
1.4155924633841188
1.4161174564115
1.4166629707388287
1.4148721022621624
1.4154824148647154
1.4154194401337483
1.4163961843229915
1.4167990593646398
1.414101277230784
1.4147516929703559
1.4163784687164185
1.4159681686390249
1.4154076521730559
1.4129507753994266
1.4126104509305641
1.4126876286065895
1.4128419797252714
1.4130307801033706
1.4128965125684514
1.4132293278426715
1.4125774130898983
1.4184569965414016
1.4170112558210866
1.417295330961349
1.4189281225954473
1.418888500747322
1.4189433827267117
1.4179996343157082
1.4179996343157082
1.4183937320429267
1.4181068984912495
1.417193824652199
1.4172874554650645
1.4176815002293093
1.4176917269694627
1.4177197924580398
1.4185750638880952
1.4178011159353536
1.4182705523812464
1.417502459156587
1.4157360084871438
1.4154711652999126
1.4159467858171002
1.4157071646161867
1.415540727309264
1.4152743497122433
1.4148269528253934
1.4145235736746848
1.4158662506801585
1.4157270690504422
1.415334740946376
1.4164873021361464
1.4170104254433318
1.4175537903751254
1.4157694911613234
1.4163782655004633
1.4163154501755897
1.4172884106494865
1.4176898082184943
1.4150021288241064
1.4156496470768778
1.4172703216094722
1.4168617273399924
1.4163030871397526
1.413855604761911
1.4135163090088005
1.413593249516618
1.4137471262644248
1.4139350706433444
1.413801377336196
1.414133014658638
1.4134833792349886
1.4181664923385897
1.416720210863124
1.417004394863372
1.418637782405506
1.4185981216445211
1.41865301263477
1.4177089331527555
1.4177089331527555
1.4181031949786587
1.417816244769918
1.4169028195705953
1.4169964956312133
1.4173906672696854
1.4174008857590263
1.4174289583511668
1.418284601502958
1.4175103674109621
1.4179799604379602
1.417211561940895
1.415444519632824
1.4151795504833173
1.4156553390395061
1.415415628523823
1.415249121566539
1.4149826927420155
1.414535104377624
1.4142316052034327
1.4155747630249158
1.4154355185407614
1.4150430336786564
1.416196023983132
1.4167193428872686
1.4172628892037618
1.415477942997743
1.4160870119396927
1.4160241662884965
1.4169974583859262
1.4173990015401514
1.4147103693835654
1.4153580684816904
1.41697931655982
1.4165705952995127
1.4160117335743245
1.4135634040189127
1.4132239620748688
1.4133009353249393
1.413454877550433
1.4136428728451833
1.413509139675732
1.4138409017722509
1.4131910189769776
1.4183825960723992
1.4169348159304558
1.4172193109490676
1.4188542970501874
1.4188144422915019
1.418869317072062
1.4179243984403593
1.4179243984403593
1.4183191747467763
1.4180318677186143
1.417117433560451
1.4172112715915657
1.4176057215064863
1.4176158739472162
1.4176439540903876
1.4185008127517895
1.4177257975984041
1.4181957566244465
1.4174264477914207
1.4156580127917997
1.415392598347886
1.4158688173586962
1.4156288604271505
1.4154621339869105
1.4151957362844698
1.4147475309450013
1.4144436757133572
1.4157880895965942
1.4156486323109474
1.415255677194767
1.4164098496760056
1.4169337104186983
1.4174776812912206
1.4156910149200017
1.4163011395628808
1.416238185436477
1.417212281119649
1.4176142114803083
1.4149231266098445
1.4155711075361215
1.4171938284382284
1.4167848476212543
1.4162253269883125
1.4137748936344492
1.4134349775784754
1.4135120557460332
1.4136662077689348
1.4138542748673164
1.413720467493816
1.4140525780061042
1.4134019939520046
1.4176755474850882
1.4162264643814702
1.416511218593912
1.4181476582021564
1.418107738399838
1.4181626486198258
1.4172169061346491
1.4172169061346491
1.4176120579431772
1.4173244809979426
1.4164092119584855
1.4165031468252787
1.4168979268954727
1.4169080738496982
1.4169361751544036
1.4177938677183863
1.4170181591212854
1.417488518084663
1.4167184951222735
1.4149485522244074
1.4146828663377111
1.4151595019936525
1.4149193294848275
1.4147524440377024
1.414485865202891
1.4140372272633102
1.4137330906392085
1.415078688555227
1.4149390926886167
1.414545771796998
1.4157009806016645
1.4162253127213444
1.4167697466908553
1.414981497067315
1.41559225181925
1.4155292327635043
1.4165041659965398
1.416906452572445
1.414213009399281
1.4148614992006874
1.4164856409799174
1.4160763233790736
1.4155162839655548
1.4130637279526095
1.4127234826308344
1.4128006349667381
1.4129549353161268
1.4131431481994008
1.4130092326862405
1.4133416429735295
1.4126904681002905
1.4166094684695778
1.415160117555322
1.4154449598552428
1.4170815004020874
1.4170412454325112
1.4170960091119995
1.4161503900977395
1.4161503900977395
1.416545842047532
1.4162580844493695
1.415342512376796
1.41543660374046
1.4158311777067762
1.4158411622406122
1.415869222564654
1.4167277786871006
1.415951972211023
1.4164221595535478
1.4156517496592191
1.4138824193990802
1.413616318401555
1.4140929080140916
1.4138526953565476
1.413685678425407
1.4134197089040965
1.4129706596721339
1.4126663777310338
1.4140119333187227
1.4138721647728765
1.4134786349440276
1.4146340302880147
1.4151584583785322
1.4157026956680534
1.413914393030203
1.4145261708583856
1.4144630472146706
1.4154377212346092
1.4158400202436703
1.4131467938208697
1.4137945688204114
1.4154185666807209
1.4150095249500987
1.4144492109493207
1.4119971303918926
1.411656559838729
1.4117337803636496
1.411888217019225
1.4120762009961176
1.411942398737037
1.412274880399399
1.4116235255028347
1.416773932490704
1.415324900880224
1.4156096757940184
1.41724588212388
1.417205678849251
1.4172604509355886
1.416315001280888
1.416315001280888
1.416710336436737
1.4164226588926936
1.4155073060196428
1.4156013584757263
1.415995881974635
1.4160058857744031
1.4160339459492894
1.4168922208091113
1.4161165793070787
1.4165866968436236
1.4158164886371474
1.4140474253946482
1.413781430841167
1.4142579329818306
1.4140177726913177
1.4138508057043748
1.4135848087332026
1.4131359013337517
1.4128316980706417
1.4141769952430825
1.414037276679588
1.4136438513494176
1.4147989956727183
1.4153233083493681
1.4158674645817793
1.414079519668257
1.4146910437970663
1.4146279462029798
1.4156024629021817
1.4160046813708371
1.4133119549319295
1.413959696270539
1.4155833943713676
1.4151743968293584
1.4146142286228485
1.4121625669390478
1.4118221056928835
1.411899302159392
1.4120536907083943
1.4122416677226861
1.4121078769108546
1.4124402840259858
1.411789080425155
1.4174317885752072
1.4159840341798327
1.4162685395491208
1.4179034090110496
1.4178634125162086
1.4179182182299432
1.4169734460134786
1.4169734460134786
1.417368313993556
1.4170809566659892
1.4161664805910295
1.416260377416789
1.4166546990460676
1.4166647799095686
1.4166928394878309
1.4175499892971517
1.4167750076913006
1.4172448460039262
1.4164754445488574
1.4147074493769203
1.4144418805996137
1.414918032852785
1.414678082030395
1.4145113148202462
1.414245208049625
1.4137968679802222
1.4134929794290736
1.4148372429405218
1.4146977243064327
1.414304716970977
1.4154588572115328
1.4159827082327103
1.4165265402366825
1.4147400262204726
1.415350535551789
1.4152875421562146
1.4162614295724698
1.416663325879504
1.4139725993761691
1.4146202060710475
1.416242705133953
1.4158338843463965
1.4152742993169594
1.412824313127668
1.4124842891094997
1.4125613893423605
1.4127155854650684
1.4129035346289591
1.4127697896061229
1.4131018985323323
1.4124513001144368
1.4185194049174545
1.4170717741210512
1.417356263928748
1.4189909442255544
1.4189508704715932
1.4190056329430603
1.4180610147899408
1.4180610147899408
1.418455904954478
1.418168540778681
1.4172541098256977
1.417348032878694
1.4177422521617407
1.4177522917290672
1.4177803375476712
1.4186375877013966
1.4178626834519172
1.4183324180202719
1.4175630220464586
1.4157954090988563
1.4155297729139702
1.416005851504757
1.4157659222108148
1.4155991444687934
1.415333222502764
1.4148848398909082
1.4145809553527537
1.4159250324779273
1.41578548960566
1.4153924822902464
1.4165465173634522
1.4170703234323303
1.417614035838232
1.4158277426334713
1.4164384238572882
1.416375412965476
1.4173491090968742
1.417750955854691
1.4150606349240713
1.41570798091104
1.4173302321613195
1.4169215327895783
1.4163619534272331
1.4139124049721994
1.413572345414901
1.413649452338492
1.4138036618255467
1.413991530045577
1.4138578304055995
1.414189913425346
1.4135393558634983
1.4129144119752166
1.4114676875970036
1.4117519545449693
1.413385865469209
1.4133462302723974
1.4134011560980644
1.412456753193146
1.412456753193146
1.4128511096285326
1.4125640862139024
1.4116503966930805
1.4117440854340435
1.412138409886154
1.4121486504057361
1.4121767369066909
1.4130325609767032
1.4122580845542905
1.4127278511315389
1.411959245465367
1.4101915539153194
1.4099265457293495
1.4104024954197958
1.4101627110086343
1.4099961646390249
1.4097295784597705
1.40928189080532
1.4089783089401446
1.410321911563151
1.4101826413348233
1.4097900519539968
1.410943398446509
1.4114668777168136
1.412010624688486
1.4102250999466912
1.4108342506955134
1.4107713964909263
1.4117450371939495
1.4121467104377983
1.4094571727246032
1.410105166191571
1.4117269618418076
1.4113180749770715
1.410759061790523
1.4083098756272272
1.407970359915314
1.4080473505330653
1.4082013275007856
1.4083894107019974
1.4082556207024377
1.4085874832526506
1.4079374083055953
1.4178338936568802
1.4163848156871368
1.4166696372145497
1.4183056827919593
1.418265131567987
1.418319739696115
1.4173745752237827
1.4173745752237827
1.4177701632161552
1.4174823416221278
1.4165668178767103
1.4166610204894938
1.4170552614777037
1.417065091841962
1.4170931040817782
1.4179521520409535
1.4171765338251527
1.417646392965718
1.4168759014118577
1.4151077754280725
1.4148413852819952
1.4153177608121243
1.415077597320632
1.4149105185558373
1.4146452095755293
1.414195940528727
1.4138916332941112
1.4152366657374604
1.4150967873668172
1.4147032053587763
1.4158583581273805
1.4163826865917832
1.416926545816615
1.4151388371566713
1.4157513434582922
1.415688145552932
1.4166622287362394
1.4170643945932395
1.4143723376829984
1.4150192170353226
1.4166424974311773
1.4162338585616046
1.415673491498515
1.4132227335741738
1.4128819839805562
1.4129592399522397
1.4131137474363158
1.413301451590996
1.4131678024482972
1.4135002307116546
1.41284894316339
1.417077652566761
1.4156272458887742
1.4159123162593408
1.4175499319830662
1.417509457451616
1.4175641700859973
1.4166180353449536
1.4166180353449536
1.4170139071657761
1.4167258659540811
1.4158095492441667
1.4159037898979825
1.4162984893271087
1.4163083857820917
1.4163364397483507
1.4171960304621878
1.416419685255137
1.4168900650464546
1.4161189519852737
1.41434887827556
1.4140823710200918
1.4145592299529923
1.414318844775064
1.414151647773293
1.4138858667287955
1.413436299811815
1.4131317445042462
1.4144781113521658
1.4143381557490011
1.4139442601847978
1.4151004815175117
1.4156252910804172
1.416169752270788
1.4143803080035138
1.4149930597257532
1.4149298361602216
1.415904965160309
1.4163075212861802
1.4136127477061113
1.4142605101649626
1.4158854332771416
1.4154762975942818
1.41491547614711
1.412462148399115
1.4121211775018907
1.4121984855766179
1.4123530972873743
1.412541065161437
1.412407245528415
1.4127399751528529
1.4120881111492436
1.4172036927484475
1.4157535075218346
1.4160385364185424
1.4176758904512148
1.4176354031376779
1.4176900983543503
1.4167441253247586
1.4167441253247586
1.4171399498408392
1.4168519452320891
1.415935760682924
1.4160299949965678
1.4164246180188746
1.4164345034587371
1.4164625504705886
1.4173220507253153
1.416545826683473
1.4170161196996653
1.4162451102230378
1.4144753611343122
1.4142088733970761
1.4146856517628479
1.414445303532659
1.41427812623705
1.4140124238699177
1.4135629065979674
1.4132583926358904
1.4146045370830485
1.4144645943519705
1.4140707510471278
1.4152267942858232
1.415751523665645
1.4162958845284255
1.4145067295290399
1.415119440347843
1.4150562210590067
1.4160311757562973
1.4164336668373565
1.4137393460355923
1.4143869613100224
1.4160116106361476
1.4156025577555025
1.415041812039011
1.4125889125949584
1.4122479785816682
1.4123252779725552
1.4124798723121974
1.4126677962330303
1.412534005015062
1.4128666844126532
1.4122149164849345
1.417970702501935
1.416521773877733
1.41680659019423
1.4184423299673259
1.4184015597480777
1.4184560555671133
1.417511191573364
1.417511191573364
1.4179068934238566
1.417619014682195
1.4167034941419572
1.4167977817766222
1.417191792132958
1.4172015096238133
1.4172294875390612
1.4180889269905603
1.4173134196786659
1.4177830543615433
1.4170124756668951
1.4152451717351295
1.414978559848079
1.415454794958185
1.4152146591042962
1.4150475290377202
1.4147826957938237
1.414333249474634
1.4140289129335082
1.415373608618794
1.4152336446615295
1.414840010454256
1.415995025814827
1.4165192996054152
1.4170629003636264
1.4152755648701412
1.4158886277526994
1.4158253730819312
1.416799056713464
1.4172011389676225
1.4145098459972254
1.4151560904102412
1.4167789011542682
1.416370543729929
1.4158101179374352
1.4133602449119242
1.4130193518169818
1.4130966365446982
1.4132512014929277
1.4134387067692562
1.4133051653600808
1.4136375661308966
1.4129863050748834
1.4217702615005325
1.4203289189272517
1.420612086924687
1.4222401554077588
1.4222010510757026
1.4222559558595995
1.4213147172495533
1.4213147172495533
1.421707341024433
1.4214215344798444
1.4205114004785422
1.4206045779473286
1.4209977619428122
1.421008156547747
1.4210361925779795
1.4218880082827174
1.4211163597053085
1.4215846811849222
1.420819220864846
1.4190570058734002
1.4187934116435774
1.419267747701646
1.4190288503290303
1.4188630412329413
1.418596676396896
1.4181510382477958
1.4178486899369491
1.4191876347716466
1.419049054436143
1.4186580848549835
1.4198071724411316
1.4203287054634341
1.4208707774566605
1.4190915702820217
1.41969739031431
1.4196348786421262
1.420605411376733
1.4210056628220349
1.418325294363689
1.4189718536085167
1.420588135642607
1.4201803586567296
1.4196236251161605
1.4171824635639898
1.416844517723606
1.4169211588535287
1.417074436944574
1.4172621289219685
1.4171286751947723
1.4174592915902922
1.416811704723277
1.4210260125033631
1.419587270719556
1.4198698530143612
1.4214954085140188
1.4214570656908814
1.4215122016877826
1.4205720327718399
1.4205720327718399
1.4209634693586528
1.4206784472970018
1.4197702377642478
1.4198629538156875
1.4202560165826086
1.4202667387505181
1.4202948215225732
1.4211436140269567
1.420373261955679
1.420841283383434
1.4200777199135566
1.4183167038045197
1.4180543567196437
1.418528119613261
1.4182896443778712
1.4181243466132218
1.4178570741874152
1.4174129323457616
1.4171113174303431
1.4184484596721472
1.418310439002604
1.4179204620887427
1.419067533064099
1.4195881269877035
1.4201298475316315
1.4183532658980385
1.4189560741625291
1.4188938711986432
1.4198635788832523
1.420263238616967
1.4175862005010982
1.4182333524447506
1.4198476541079688
1.419439871958559
1.4188845036287159
1.416445789306105
1.4161090062691661
1.4161853954266175
1.4163381697300008
1.4165260788662057
1.4163925750478668
1.416722573917316
1.4160762813636056
1.4211652685582945
1.4197248324032035
1.4200077775409083
1.421635076651413
1.421596410876507
1.4216514790146035
1.420710455652758
1.420710455652758
1.4211025456984872
1.4208170799150657
1.4199076873459249
1.4200006305026778
1.4203939196672253
1.4204045152244156
1.4204325919369993
1.4212829815580235
1.4205117608076814
1.4209801142961898
1.4202154442837547
1.4184531506898637
1.418190184458957
1.4186643916166848
1.4184256391268493
1.4182600614031715
1.417993032353903
1.4175480891622074
1.4172460435243395
1.4185845138568705
1.418446206165306
1.4180556545187335
1.4192040535241883
1.4197252597479177
1.4202673663069145
1.4184889275952415
1.4190932171525346
1.4190308621675758
1.4200013394738078
1.4204014174051425
1.4177218321642207
1.418369038889047
1.4199848653230958
1.4195769008442225
1.4190207334794505
1.416579934219017
1.416242532224019
1.416319057048102
1.4164721026198126
1.4166600095783883
1.4165264654916108
1.4168568614175965
1.4162097571653742
1.4122396690272967
1.4108012722938348
1.4110837975531891
1.4127089021966728
1.4126704693323273
1.4127255446692528
1.4117856915281073
1.4117856915281073
1.4121771029946375
1.411892110687701
1.410984078437673
1.411076814376177
1.4114696983900474
1.4114803682466621
1.4115084303046512
1.412357232694329
1.411587079144631
1.4120549100529898
1.4112914556489207
1.4095311463852078
1.4092687514109832
1.4097423600750885
1.4095039433158854
1.4093386547255264
1.4090716457816759
1.4086275110425992
1.408325941485667
1.4096626749404348
1.4095246429048007
1.409134718270342
1.4102815059843288
1.4108019747725509
1.4113434753908185
1.4095674038365638
1.4101703430901171
1.4101081269066897
1.411077469003645
1.4114770141433293
1.4088008343784815
1.4094475784298028
1.4110613584943397
1.4106537805629609
1.4100984936308902
1.4076606453464788
1.4073238636543441
1.407400250818686
1.4075530211153027
1.407740805354416
1.4076073753339906
1.4079372980701297
1.4072911424483585
1.422711280158219
1.421277286705667
1.4215589721371653
1.4231789595987867
1.4231404128288563
1.42319520887843
1.4222584435510852
1.4222584435510852
1.422648817249121
1.422364607300481
1.4214592601822411
1.4215518105226566
1.4219432946857817
1.42195381581721
1.4219817593519655
1.4228284614115185
1.4220606976184533
1.4225269137377203
1.421765623646764
1.4200113669751298
1.4197495166989318
1.420221580778106
1.4199838968645333
1.4198190431673376
1.4195533168389676
1.4191103097304185
1.4188096004028339
1.420142036214157
1.4200043229687012
1.419615495740728
1.42075875381503
1.4212776286630922
1.4218172615981135
1.4200468230466181
1.4206485595430052
1.420586468162653
1.4215525324705909
1.421950810767664
1.419283328201782
1.419927502796077
1.421536028978735
1.4211299470622285
1.420576239140258
1.4181465097701222
1.4178105737188713
1.4178867651410987
1.4180391439156406
1.4182261670246352
1.4180932429546231
1.418422162739909
1.4177779429997464
1.42147975729772
1.4200378739692894
1.42032115082671
1.4219498152178176
1.4219106719729013
1.4219655857676579
1.4210240160866008
1.4210240160866008
1.421416803960165
1.4211308807585128
1.420220395396938
1.420313618113478
1.4207069289831884
1.4207173153373107
1.4207453584711065
1.42159754589758
1.4208256111809172
1.421294089241636
1.4205283236491542
1.41876551701908
1.4185017968269822
1.418976300924052
1.418737314236666
1.4185714354902161
1.418305019426668
1.4178591898000261
1.417556721465697
1.4188961471164043
1.4187575039264626
1.4183663775872635
1.419515894288117
1.4200376229073708
1.4205798762852966
1.4188000221184423
1.4194061367535395
1.4193435947550324
1.4203144591131727
1.4207148561436918
1.4180335349231477
1.4186802750133296
1.420297130592955
1.4198892266162495
1.4193322715507324
1.4168902628209916
1.4165521707896742
1.41662884466185
1.4167821882305816
1.4169699311238073
1.4168364375343083
1.417167178703905
1.4165193444652657
1.4197727087104088
1.4183295224203032
1.4186130584715546
1.4202431763697867
1.420203968081237
1.4202589173154216
1.4193165237808907
1.4193165237808907
1.4197096871565653
1.4194234940378412
1.4185121737949726
1.4186054933471903
1.4189991343721748
1.419009515239793
1.419037579535122
1.419890600864177
1.419117972703798
1.419586850701853
1.4188203709800071
1.4170560564516879
1.4167920648168066
1.4172669855590092
1.4170277832943432
1.4168617455410075
1.4165951483450898
1.4161488861183351
1.4158461363915484
1.4171867460750371
1.417047964304132
1.4166564721894948
1.4178070252137749
1.4183292252100168
1.4188719416849322
1.417090504265755
1.4176972490099085
1.4176346420820594
1.4186063439900634
1.419007097235828
1.4163234177125847
1.4169706666778952
1.4185889431346437
1.4181807023740687
1.4176232285279746
1.4151790971391522
1.4148406758420335
1.4149174238825546
1.4150709157777739
1.4152588044558916
1.4151252027267334
1.415456243671331
1.4148078186135522
1.4199995811075872
1.4185548240451704
1.4188387073777289
1.420470379721686
1.420430771222247
1.4204856093553593
1.4195425154382704
1.4195425154382704
1.4199363544573211
1.4196497107685968
1.4187372526113178
1.4188308254960857
1.4192245905724645
1.419234803533189
1.419262848009389
1.420117566799488
1.4193441473164172
1.4198132536309538
1.4190456728478065
1.4172804630589682
1.417015784870476
1.4174910762144044
1.4172516182237405
1.4170852899795043
1.416819120964716
1.4163720148454675
1.416068838409225
1.417410589797166
1.4172714967660613
1.416879429938755
1.4180312058257842
1.4185539731698504
1.4190969560617648
1.4173138823759566
1.4179222803054135
1.4178595038602544
1.4188317841050235
1.419232905999191
1.4165470849236093
1.417194127962185
1.4188136813771368
1.418405379702914
1.4178471124889824
1.4154013338965956
1.4150622581022876
1.415139148500171
1.4152929250280644
1.4154807305846921
1.415347133969954
1.4156785460646257
1.415029350164382
1.4195612557906334
1.418119181891273
1.4184025778881995
1.4200309933003334
1.4199910896796955
1.4200456497334755
1.4191046427690486
1.4191046427690486
1.4194980058048592
1.419211751052066
1.4183008369069847
1.4183943925043319
1.418787112413235
1.418797121615282
1.4188250620736862
1.4196789865023818
1.4189070545493454
1.4193749988489608
1.4186085684584115
1.4168476939491148
1.4165830956460106
1.4170573534267574
1.4168183449181209
1.4166522123779297
1.4163872784233398
1.4159406333145117
1.415637919704672
1.4169768519116839
1.4168378519971792
1.416446360062922
1.4175959665810487
1.4181177620065943
1.4186594020988808
1.4168799519827429
1.4174882437593996
1.4174254793654126
1.4183954597097044
1.4187957670125066
1.4161157376437083
1.416760640237831
1.4183766863809344
1.4179695383627022
1.417412115520438
1.4149719237399325
1.4146331825906435
1.4147099908477412
1.4148636030220807
1.4150507632054525
1.414917569922025
1.415248377708458
1.414600320355107
1.4109479413949035
1.4095050023027416
1.4097885072308087
1.411418246798797
1.4113788839920054
1.4114337467416558
1.410491661333814
1.410491661333814
1.4108848690784084
1.4105986622632245
1.4096874322643083
1.409780804271
1.4101742406035216
1.4101845388787904
1.410212575654803
1.4110657976726666
1.4102933242250306
1.4107619947345433
1.4099955259752082
1.4082319758955606
1.4079678494455188
1.408442622862953
1.4082034636551826
1.4080374048381015
1.4077711772513675
1.407324829939707
1.4070220882389088
1.4083623251498478
1.4082234949025867
1.4078320028280338
1.408982345517614
1.4095044556092564
1.4100469328880316
1.408265937091752
1.408873025620906
1.408810383700583
1.4097817030388726
1.4101823571862016
1.4074994888083903
1.4081462163578806
1.409763997189375
1.4093559992604319
1.4087985367485223
1.4063552808282145
1.4060167884528356
1.4060935498748182
1.406247068498731
1.4064347952891272
1.406301284325687
1.4066322734573593
1.4059839301116754
1.4178194540033404
1.416378137176629
1.4166613155247403
1.4182892673686207
1.4182500213004094
1.4183048570174805
1.417363764822673
1.417363764822673
1.4177564802712126
1.4174706234272203
1.4165604475091211
1.416653683772553
1.4170467394823933
1.4170570625100996
1.4170850779754227
1.4179371848280802
1.4171655697982055
1.4176337705644024
1.4168682176222829
1.4151064424585211
1.4148426938953058
1.4153169631957354
1.4150780719322753
1.4149122220662775
1.4146461481620518
1.4142003752830163
1.4138979936526657
1.4152367881155747
1.415098146431629
1.4147071246311935
1.415856179976659
1.4163777032774463
1.4169196364021226
1.4151405815824927
1.4157467863032178
1.4156842353618637
1.4166545598295543
1.4170547772212312
1.4143747671300129
1.4150209521434427
1.4166370123383327
1.4162293953818719
1.415672597444808
1.4132318830572095
1.412893829254631
1.4129704924498563
1.4131238146407077
1.4133113886836113
1.4131779973070797
1.4135086121165203
1.4128610108857094
1.419005455351203
1.4175643136166025
1.4178474971044732
1.419475026504849
1.4194354197052066
1.4194900740463607
1.4185494287453726
1.4185494287453726
1.4189423497256937
1.418656385434662
1.4177461708049457
1.4178395508849053
1.4182322476772282
1.418242386254303
1.4182703468301492
1.4191231363230499
1.4183516657446158
1.418819521339708
1.4180537886347573
1.416293275350698
1.416029150713117
1.4165032128358848
1.4162643553191845
1.416098413381497
1.4158331061455016
1.4153870212641435
1.4150845770077787
1.4164228843408353
1.416284095721827
1.4158929695028817
1.4170418551996322
1.4175633141050892
1.4181048498945963
1.4163263205964336
1.4169334665865327
1.4168708196106012
1.4178405362596005
1.4182406359948103
1.4155617482105634
1.4162069240532862
1.4178222927571482
1.4174151172753382
1.4168581962123743
1.4144188138881781
1.4140805086220807
1.4141572226386405
1.414310646393453
1.4144979036235146
1.4143646823311693
1.4146952680619898
1.414047678959636
1.4125637030005094
1.4111197853843247
1.411403549435066
1.4130340142623607
1.41299400668523
1.4130486111892977
1.4121064493003856
1.4121064493003856
1.4125003519369919
1.4122137106100627
1.4113016102234153
1.4113953079041937
1.4117884848425966
1.4117984803073278
1.4118264490308285
1.412681579083841
1.4119086675478347
1.412377168365891
1.4116097185735725
1.4098467445274017
1.4095817488192395
1.4100565912841199
1.4098172778834337
1.4096509166859965
1.4093857503715326
1.4089384811850503
1.4086353661592712
1.4099759632150741
1.4098367618651675
1.4094447473974336
1.4105958193536918
1.4111182817531767
1.4116605663271515
1.4098788859664757
1.410488102454998
1.410425242805346
1.411396392323035
1.4117972014262998
1.4091138609926037
1.4097594533072086
1.4113774938729706
1.4109698820800416
1.410411718932252
1.4079685573150946
1.4076293407090703
1.4077062558767672
1.4078600818552804
1.4080474387393744
1.4079140974539852
1.4082453297894963
1.407596434245381
1.4175637030005093
1.416119785384325
1.4164035494350664
1.4180340142623606
1.4179940066852297
1.4180486111892976
1.417106449300385
1.417106449300385
1.4175003519369915
1.4172137106100626
1.416301610223415
1.4163953079041938
1.4167884848425967
1.4167984803073275
1.4168264490308289
1.4176815790838406
1.4169086675478353
1.4173771683658907
1.4166097185735724
1.4148467445274018
1.4145817488192391
1.4150565912841198
1.4148172778834336
1.414650916685996
1.4143857503715327
1.4139384811850502
1.4136353661592709
1.414975963215074
1.4148367618651678
1.414444747397433
1.4155958193536915
1.4161182817531763
1.4166605663271516
1.4148788859664758
1.4154881024549977
1.4154252428053464
1.4163963923230347
1.4167972014262997
1.414113860992604
1.4147594533072085
1.416377493872971
1.4159698820800415
1.4154117189322517
1.4129685573150943
1.4126293407090702
1.412706255876767
1.4128600818552803
1.4130474387393746
1.4129140974539849
1.4132453297894962
1.4125964342453812
1.4135468164878071
1.4121026568075548
1.4123865192964498
1.4140169684231534
1.4139764839426108
1.414030872839353
1.4130889808365956
1.4130889808365956
1.4134832752881272
1.4131964030088655
1.4122839576723043
1.4123778706446002
1.4127707131934817
1.412780474660594
1.4128083818385229
1.4136646665979178
1.4128916907304703
1.413359899214255
1.412591969867956
1.4108300482871952
1.4105644831348119
1.4110392127986477
1.4107998653583993
1.4106333319070377
1.4103690658378936
1.409921250629095
1.4096179569668132
1.4109583613224979
1.4108189259449129
1.4104266503206728
1.41157787657557
1.4121004252243765
1.4126423742498115
1.4108607932298354
1.411471417483042
1.4114084139762517
1.4123790960139257
1.4127798834967218
1.4100971181805164
1.410741621461859
1.4123592962695002
1.41195212037621
1.4113936182446645
1.4089513792475972
1.4086117294479905
1.4086887348700055
1.4088427412545128
1.4090297512977341
1.4088965856170883
1.4092278877415936
1.4085787978103574
1.4172455436216258
1.4158009152920565
1.4160848503779937
1.4177159395259942
1.41767562234578
1.4177301151447657
1.416787753303866
1.416787753303866
1.4171820506912205
1.416895155505474
1.4159824877642107
1.4160763546222055
1.4164694782703688
1.4164793333449508
1.4165072749966034
1.4173634495263006
1.4165901977809012
1.417058700528354
1.4162906566349907
1.4145276459845704
1.4142621961291155
1.4147371536848483
1.4144977262399645
1.4143311941461862
1.414066479790493
1.4136187000215699
1.4133153569878083
1.4146563565168047
1.4145169567434885
1.414124628819803
1.4152762435034192
1.4157989622399094
1.4163412507890736
1.4145589388783113
1.4151692602499537
1.4151062874589433
1.4160775263691276
1.416478477995172
1.4137944487552294
1.4144396206368124
1.4160580648557626
1.4156505633286256
1.4150919741322163
1.412648431362691
1.4123088157574102
1.4123858164818042
1.4125398135087315
1.4127270293929053
1.4125937445314871
1.4129251486957644
1.4122758809765432
1.4171180360539266
1.4156823327512718
1.4159645053049346
1.417585564954925
1.417545574126074
1.417599767199948
1.416663157037152
1.416663157037152
1.4170549648881319
1.416769872219541
1.41586287456979
1.4159561287128537
1.4163468893952798
1.416356722313282
1.4163845022236978
1.4172352210423567
1.4164667357852947
1.416932405033106
1.4161691638386937
1.414416823682685
1.4141531000750858
1.414625154924384
1.414387205681875
1.4142217261602215
1.4139584919855759
1.4135135560424772
1.4132121080909197
1.4145448914194207
1.4144063874923176
1.414016515518066
1.4151610217910253
1.4156805113501723
1.416219519679454
1.4144481536220628
1.4150544898221873
1.4149919279907035
1.4159572700877254
1.4163557591982343
1.4136881436660151
1.414329526374719
1.415938076400658
1.4155330095878116
1.4149779117282653
1.4125492464329448
1.412211790842144
1.41228830313726
1.412441323349697
1.4126274447583664
1.4124949508101745
1.4128243051902123
1.4121790627652813
1.4122932687384215
1.4108578126337097
1.4111399540641894
1.4127606353839357
1.4127204900368424
1.4127745966261824
1.4118382945900763
1.4118382945900763
1.412230146809975
1.4119450404449245
1.4110381330391262
1.411131439636663
1.411521995626627
1.4115317459522803
1.4115594983433797
1.4124104178508468
1.4116420873065274
1.4121075490657968
1.4113443188338954
1.409592743126558
1.4093288847037981
1.4098007922283284
1.4095628860427147
1.4093973854573154
1.4091345208918542
1.4086894998638504
1.4083880599382805
1.4097204704942317
1.4095819180907727
1.4091920461566056
1.4103363420948638
1.4108557417494123
1.4113945108825536
1.4096235864480606
1.4102302664331854
1.4101676696092267
1.4111326291365347
1.4115310191486066
1.4088642147618213
1.409505076054705
1.4111131304553897
1.4107083064741752
1.410153219948813
1.4077254301220072
1.4073879034529464
1.4074644291295235
1.4076174760706548
1.407803435591603
1.4076710324091284
1.408000334976241
1.4073551742634047
1.4193931211300495
1.4179485700401875
1.418232536178153
1.4198632754085787
1.4198225330199004
1.4198768186184096
1.4189348960232233
1.4189348960232233
1.41932946843156
1.4190424223476001
1.4181296288559466
1.4182236720978771
1.4186164108891117
1.4186260512320088
1.4186539311889328
1.4195109791623877
1.4187378280595913
1.4192059686667942
1.4184376469073015
1.4166759557399313
1.4164100428842996
1.4168848001671142
1.4166453910496994
1.416478736646195
1.4162148950859592
1.415766711127232
1.4154632681349582
1.4168038165485886
1.416664232729945
1.4162717481484324
1.4174232661100008
1.4179459556819447
1.4184878276254598
1.4167059727797242
1.4173174482166784
1.4172543576181564
1.41822497172759
1.4186258211927605
1.4159428670542022
1.4165869162415898
1.418204694942938
1.4177976735040534
1.4172388911181566
1.4147966898423487
1.4144567503504843
1.4145338172707846
1.414687946597132
1.4148748086778329
1.4147417108684075
1.4150731102744485
1.41442379946384
