1.4289799043608007
1.4288949684388377
1.4289596977109713
1.428586656989178
1.4288421975427228
1.4281547148773708
1.4289244032471942
1.429064315736337
1.4311547515177772
1.4314340389832194
1.431155025139367
1.427758286297792
1.4256371895555806
1.4264476073666854
1.4264350184285648
1.4273906356564805
1.4274568867787067
1.4265924598803175
1.4259590475504278
1.4254342178419481
1.425576406612312
1.425389229899737
1.424412819325171
1.4249080582569094
1.4252050678990078
1.42506611727185
1.428083127598237
1.4275450575363013
1.4280386675674512
1.4271714834141394
1.4266071000361837
1.426721944906504
1.427108231581722
1.4244578793693243
1.4329537898217979
1.432869025111133
1.4329336419033896
1.432560600559618
1.4328162019302726
1.4321285674569246
1.432898241503032
1.433038056697975
1.4351288069962134
1.4354080649992842
1.4351289379279566
1.4317322721009793
1.4296110669406448
1.4304215551304427
1.4304088913954849
1.431364561557434
1.4314307212742696
1.4305662293082586
1.429932942935252
1.4294080067091146
1.4295502152874184
1.4293629279375817
1.428386426168036
1.4288817240226444
1.4291787249668264
1.429039722257772
1.4320569598932409
1.4315187893672694
1.432012409740959
1.4311451876089216
1.4305807730085633
1.4306956593473963
1.4310818776892713
1.4284314913637064
1.4329758389839466
1.432891185941052
1.4329557289234724
1.4325827059051832
1.4328383326077954
1.4321506373916957
1.4329202638363532
1.43306001097595
1.435150853702557
1.435430079210899
1.4351508951065333
1.4317544455003757
1.4296332787424357
1.4304437704239734
1.430431060398091
1.431386715823432
1.431452814874799
1.4305883254585243
1.4299551498810823
1.4294301731639212
1.4295723870347046
1.429385039669235
1.4284085296771603
1.4289038396496
1.4292008202361473
1.4290617918256385
1.4320790206944214
1.4315408141393389
1.4320344162365426
1.4311672137863327
1.4306028079145736
1.4307177145061372
1.4311038706000287
1.4284535958438582
1.4309317406596496
1.430846864281214
1.4309115548833071
1.4305384952140536
1.4307940712527505
1.4301064975221531
1.4308762191697117
1.4310161024200008
1.4331067602898695
1.4333860507876708
1.4331069807493806
1.4297100987015834
1.4275888551388547
1.428399339836912
1.4283867223928794
1.429342407291437
1.4294086276737412
1.4285441331579931
1.4279107359894219
1.4273858402543078
1.427528043540132
1.4273408162059291
1.4263643226589124
1.4268596083956884
1.4271566296975058
1.4270176526899065
1.4300348990920608
1.4294967645952006
1.4299904032453756
1.4291231614315114
1.4285587381025533
1.428673604188657
1.4290598847785148
1.4264093868835548
1.4305063981029937
1.4304214918581748
1.430486207009326
1.4301129414059237
1.4303686645128508
1.4296806962965443
1.4304508412940486
1.4305907920937488
1.432682634869139
1.4329620765723698
1.432682841305167
1.4292840919305416
1.427161667014609
1.4279726059543747
1.4279599741326554
1.4289161916721362
1.4289824395368649
1.4281174615006584
1.4274837272790568
1.4269585313215993
1.4271008150457232
1.4269134734226576
1.4259364319586039
1.4264319968593138
1.426729181209706
1.426590122344839
1.429609056344102
1.4290706149192127
1.4295645270085098
1.4286968028434734
1.4281320649430966
1.42824699852876
1.428633485513029
1.4259815215625602
1.4278574624194953
1.4277728167958867
1.4278373562480613
1.4274642770093695
1.4277199493503279
1.4270321327464888
1.4278018733480664
1.4279416300653032
1.4300328245403977
1.430312088608186
1.430032849147983
1.426635896908563
1.4245143981071926
1.4253250200708958
1.4253122993241134
1.426268104827346
1.4263342030643382
1.4254695758636096
1.4248363198132399
1.4243112515338345
1.4244534891430576
1.4242661005499648
1.423289432835518
1.4237848243002016
1.424081848563822
1.4239427930938862
1.4269605028808878
1.426422203485067
1.4269158810968074
1.4260485436436665
1.4254840491413021
1.425598977911701
1.4259851840828555
1.4233345063921665
1.430857462419495
1.4307728167958862
1.4308373562480614
1.4304642770093696
1.4307199493503278
1.430032132746489
1.4308018733480665
1.430941630065303
1.4330328245403976
1.4333120886081863
1.4330328491479831
1.429635896908563
1.4275143981071927
1.428325020070896
1.4283122993241133
1.4292681048273461
1.4293342030643386
1.42846957586361
1.4278363198132396
1.4273112515338342
1.427453489143058
1.427266100549965
1.4262894328355178
1.4267848243002017
1.4270818485638221
1.4269427930938856
1.429960502880888
1.429422203485067
1.4299158810968071
1.4290485436436662
1.428484049141302
1.4285989779117014
1.4289851840828558
1.426334506392167
1.433006982771302
1.4329229999242694
1.4329870896195962
1.432614607369956
1.4328700564427035
1.432182876806758
1.4329513376650878
1.4330905706126373
1.435179376009989
1.4354581011067338
1.4351789614564052
1.4317876870350434
1.429669260218396
1.4304787974800048
1.4304658669698587
1.431420301023063
1.4314860118566908
1.4306225723971122
1.4299907205378006
1.4294661673458195
1.4296082375794228
1.4294208093195049
1.4284454287987787
1.4289402063453083
1.4292367270291744
1.429097734504913
1.4321112995035987
1.4315735550648325
1.432066472005853
1.431200410009501
1.430636725603181
1.4307515974962206
1.4311369733987511
1.4284904458525265
1.4329327045311475
1.4328489524389418
1.4329128909843498
1.4325403891652724
1.432795934540281
1.4321085120310937
1.432876991843443
1.4330160982579394
1.4351054402605168
1.4353841389272495
1.435104829855008
1.4317134852420228
1.429594803186734
1.4304044777139886
1.430391443901093
1.4313459985589725
1.431411587247288
1.430548015102729
1.4299163043616183
1.429391578625346
1.4295336831823486
1.429346093663541
1.4283705389753842
1.428865422249822
1.4291619458954905
1.4290228749088922
1.4320369032924258
1.4314989939546992
1.431991949857285
1.4311257922216556
1.43056203664193
1.430676971219265
1.4310622727030922
1.4284155653611383
1.4332657850623542
1.4331818990445204
1.4332459219905018
1.4328735705071485
1.433128953635163
1.4324419560319426
1.4332101409749822
1.4333492867119062
1.435437481040652
1.435716096523773
1.4354370105520822
1.432046957618065
1.429929233290673
1.430738513479691
1.43072555812042
1.4316796772812337
1.4317453290781408
1.4308821677372079
1.4302505876193168
1.429726177060801
1.429868205110004
1.429680799289698
1.4287057259911866
1.4292003526710628
1.4294967656431468
1.4293578015362842
1.4323703959318475
1.4318328011454464
1.4323255487809077
1.4314597764722448
1.430896278055735
1.4310111258438334
1.4313963393438554
1.4287507292360602
1.4270899447064271
1.4270048446139707
1.4270697036918885
1.4266957457401552
1.4269519303581608
1.4262627180397407
1.4270342948454506
1.4271745259263713
1.429270182738444
1.4295501491121403
1.4292704198354005
1.4258653496262066
1.4237390102048388
1.4245514386601559
1.4245387992754004
1.425496779552152
1.4255631697152462
1.424696600783474
1.4240616641342885
1.4235355164385792
1.4236780599235632
1.423490394221919
1.4225115595069122
1.4230080312738342
1.4233057688046589
1.4231664630100183
1.4261909494855116
1.4256515304649082
1.4261463566625925
1.4252770307592821
1.424711251785444
1.4248263897958933
1.4252136082886424
1.4225567316677346
1.435704840562333
1.435620939327446
1.435684990190071
1.4353118895160069
1.4355678406105548
1.4348793257094852
1.435649042293936
1.43578838059552
1.4378810552262336
1.4381602044768962
1.437880455912355
1.434483652525105
1.4323615732307238
1.4331725435961515
1.4331594951561075
1.4341155800661167
1.4341812819416253
1.4333163268530498
1.43268358979153
1.4321580294148606
1.4323003607713032
1.4321124790075346
1.431135363540718
1.4316310375019197
1.4319280386335933
1.4317887484556335
1.4348076035547273
1.4342688378678379
1.4347625854687631
1.4338950384401696
1.433330379097191
1.4334454949574227
1.4338314217098445
1.431180461883925
1.4307309551013352
1.4306468826551504
1.4307110459976529
1.4303379459455663
1.4305938362230044
1.4299054731299317
1.4306752040380977
1.4308146396338814
1.4329069997477974
1.4331861784608313
1.4329065431237655
1.4295096667219171
1.427387695845659
1.4281985958323937
1.4281856221891869
1.4291416541651627
1.4292074474460619
1.4283425574251083
1.4277096944067056
1.4271842405476933
1.4273265520961969
1.42713878096969
1.426161756697853
1.4266573717361846
1.4269543815657746
1.4268151434697107
1.4298337712597227
1.4292951060368697
1.429788843295255
1.4289213342453866
1.4283567061248106
1.4284717805165301
1.4288577756022953
1.426206849889543
1.4326566768611808
1.4325728351698224
1.432636847362407
1.4322637277408818
1.432519714320582
1.4318311083542674
1.4326008582164536
1.4327401672791833
1.4348330639983256
1.435112216281347
1.4348324115223678
1.4314354649288963
1.4293132388139977
1.4301242760663775
1.4301111991204207
1.431067351701072
1.431133022836659
1.430268000130725
1.4296352782305235
1.4291096518272197
1.4292519976991225
1.4290640653137257
1.4280868668744584
1.4285825876406977
1.4288796004320905
1.4287402838736898
1.4317593750485498
1.4312205449267363
1.4317143211466872
1.4308467164575411
1.4302820171635597
1.4303971542395744
1.4307830749066361
1.4281319693981551
1.4347309551013352
1.4346468826551497
1.434711045997652
1.434337945945566
1.4345938362230044
1.4339054731299312
1.4346752040380977
1.4348146396338808
1.436906999747797
1.4371861784608306
1.436906543123765
1.4335096667219174
1.4313876958456593
1.432198595832394
1.4321856221891869
1.4331416541651625
1.4332074474460614
1.432342557425108
1.4317096944067056
1.4311842405476933
1.4313265520961964
1.43113878096969
1.430161756697853
1.4306573717361841
1.430954381565774
1.4308151434697105
1.4338337712597222
1.4332951060368697
1.4337888432952548
1.4329213342453864
1.4323567061248104
1.43247178051653
1.4328577756022949
1.4302068498895428
1.4316827914001837
1.431598778497527
1.4316629031699886
1.4312897841704424
1.4315457099330322
1.430857255774714
1.4316270199606151
1.431766426317545
1.4338590085198897
1.434138190265282
1.4338584987337781
1.4304614791257089
1.4283393614289335
1.4291503283026208
1.429137326153501
1.4300934258001186
1.4301591883410958
1.429294230702784
1.4286613828456995
1.4281358629600531
1.4282781890240164
1.4280903672758813
1.4271132600315939
1.427608921874963
1.4279059433642718
1.4277666788877672
1.4307855427535456
1.4302468130957686
1.4307405789731795
1.4298730122627588
1.4293083441911802
1.4294234397986825
1.429809428799087
1.4271583574037734
1.4335294111366408
1.4334457408458205
1.4335096301304517
1.4331369407027066
1.4333926584779038
1.4327047807402562
1.433473636301101
1.433612742209662
1.4357033615461299
1.4359821789235627
1.4357026475893713
1.4323096518703768
1.430189826864279
1.4309999591249822
1.4309868646434747
1.4319419372056705
1.4320074927109407
1.43114343959566
1.4305115025970838
1.429986436147444
1.4301286264352266
1.429940862611922
1.4289647517842
1.4294599263404035
1.4297565926770113
1.4296174141316906
1.4326331213456476
1.4320948690507809
1.432588080116003
1.4317214598110284
1.4311573983884838
1.4312724207181085
1.4316578663483646
1.4290098045202957
1.4315783332441727
1.43149500518671
1.431558679939663
1.4311855584522033
1.4314417274832318
1.4307526660929275
1.4315223729839675
1.431661390164098
1.433755230433633
1.4340342943295412
1.433754149888137
1.430357422338459
1.4282348709691906
1.4290461193576498
1.4290328180211807
1.4299891294039335
1.4300545263233482
1.4291893084145488
1.428556964384996
1.4280310184287193
1.428173423724442
1.4279851594272597
1.4270076874030526
1.4275035849379025
1.427800571635546
1.4276610988314584
1.4306808719335617
1.430141740419641
1.4306355476672106
1.4297678290418898
1.4292030360806993
1.429318297562252
1.4297040132292844
1.4270528053813012
1.4326305623221787
1.4325468918421183
1.4326107915548258
1.4322376713113225
1.4324937187081317
1.431804960933821
1.4325746964722919
1.4327139082408216
1.4348071194767613
1.435086242297412
1.434806324310958
1.431409450732084
1.4292871161990623
1.4300982238301354
1.430085072087341
1.4310412776020263
1.431106857332222
1.4302417695586664
1.429609173615348
1.4290834406943864
1.4292258063742291
1.4290377633515705
1.4280604737173235
1.4285562534064329
1.428853257499909
1.428713888859613
1.4317332073435538
1.431194276757705
1.4316880633201954
1.4308204206523247
1.43025569013594
1.4303708686804673
1.4307567210141858
1.4281055813925372
1.4346526114843272
1.434569052672037
1.434632878574908
1.4342597766568868
1.4345158493856542
1.4338270308685912
1.4345967188056121
1.4347358625187958
1.4368291661831047
1.4371082565090256
1.436828281489534
1.433431624131479
1.4313093280008524
1.4321204391236655
1.4321072410899465
1.4330634318680233
1.433128950932751
1.4322638657089317
1.4316313805611782
1.4311056071491932
1.4312479781215157
1.4310598750832235
1.4300825772264467
1.4305783690333889
1.4308753527692295
1.4307359584274786
1.4337552681447343
1.4332163015297739
1.4337100698157783
1.4328424468297343
1.4322777250419498
1.4323929238392068
1.4327787139249426
1.4301276858726886
1.43141179297857
1.431328531883921
1.431392164436587
1.431018967781266
1.4312752179357908
1.430585944092504
1.4313557984181986
1.431494795937115
1.4335892100435657
1.43386831553128
1.4335880595396004
1.4301906861504379
1.4280676559172218
1.4288791014747988
1.4288657609115178
1.4298222900428037
1.4298876554079223
1.4290222320973094
1.4283898227561471
1.4278637192109924
1.4280061627606147
1.4278178066141811
1.426840093895152
1.4273361197272825
1.4276331617617177
1.4274936355177625
1.4305141256138514
1.4299748368242677
1.4304687482053997
1.4296008369165958
1.429035915373797
1.4291512202499674
1.4295369799089028
1.4268852234438407
1.4324731166817817
1.4323900716926277
1.4324535497277906
1.432080876759593
1.432336802318077
1.4316484084136878
1.4324171734019364
1.4325559193725512
1.434647574687782
1.4349262711833712
1.4346463431337169
1.4312537826793355
1.429133670821263
1.4299440177097849
1.4299306525468405
1.4308858691745299
1.4309510897981588
1.4300868440297494
1.429455395697387
1.4289299692037505
1.429072224207833
1.4288840684571087
1.4279076758219174
1.4284030392645644
1.4286996591497878
1.4285602986573251
1.4315766790318398
1.4310380893157548
1.4315313131321106
1.4306645985727877
1.4301004522116338
1.4302156191995261
1.4306007975817696
1.4279527449835936
1.431333449361562
1.4312507019008083
1.431313997013843
1.4309407984925868
1.4311972310984409
1.430507501831164
1.4312773131857128
1.4314160188220297
1.4335113764788734
1.4337903935794745
1.4335097979053693
1.4301126435600007
1.427989288072415
1.4288009447660703
1.4287873798122774
1.4297440677456648
1.4298091588946114
1.4289435403811328
1.4283115089106195
1.4277850858124919
1.4279275887859337
1.4277389007277144
1.4267609144237463
1.4272571170244865
1.4275541329651733
1.4274144504755306
1.430435622498863
1.4298960323171714
1.4303899747259234
1.429521949500944
1.4289569342909363
1.4290723635726452
1.4294579182315508
1.4268060594269865
1.4324338421407183
1.4323506927138396
1.4324142514566696
1.43204107312683
1.4322973486133135
1.4316080140272747
1.4323778207515188
1.4325167502150895
1.4346112567499094
1.4348903297428939
1.4346100167181766
1.4312128595498337
1.4290898677190118
1.4299013167683292
1.4298879299141234
1.430844444308801
1.4309097490084506
1.430044328247575
1.4294120297019774
1.4288858856657987
1.4290283345079007
1.4288399183458336
1.4278621974042753
1.428358235354238
1.4286552570310382
1.4285157050856283
1.4315361864150316
1.4309968615963367
1.4314907547009836
1.4306228630940059
1.430057950279807
1.430173275408708
1.4305589728196602
1.427907327923992
1.43285511932052
1.432772282639094
1.4328356305431524
1.4324626758509653
1.4327188904182855
1.4320297377672082
1.4327990592163415
1.4329377557809542
1.4350314843554195
1.4353103441858737
1.4350300261295559
1.4316350255234596
1.4295131450301126
1.4303242137081544
1.430310720143873
1.4312667400950525
1.431331865241419
1.4304668654831165
1.4298351407429972
1.4293091499204809
1.4294515434247024
1.429263070898603
1.4282857984565724
1.4287816282833037
1.4290784578559776
1.4289389099844845
1.4319579222591743
1.4314187678753616
1.4319123796069406
1.4310449520542377
1.4304803313176542
1.4305956506682374
1.430981011103452
1.4283309097195198
1.4273700377532477
1.4272847443808754
1.4273497161013304
1.42697635824854
1.4272320155127873
1.4265441992022423
1.4273145678832817
1.4274547616655142
1.429546456815856
1.4298260315303641
1.4295469682008746
1.4261472107367494
1.4240244853907207
1.424835477250479
1.4248230020865467
1.4257793462431012
1.4258458060297836
1.4249807501772713
1.4243465879347295
1.4238214879147322
1.4239637649843964
1.4237766128022369
1.4227995212558493
1.4232950844902674
1.4235923619309203
1.4234533794914317
1.4264725846332031
1.4259342228898333
1.4264282367040988
1.425560376151203
1.424995563385424
1.4251104371759509
1.4254971670667915
1.422844611156184
1.426510463479848
1.42642527435596
1.4264901757968247
1.4261168924899186
1.426372529447778
1.42568477378222
1.426454980704889
1.4265950968541359
1.4286865326843594
1.4289660363446905
1.428686971338001
1.425287932727958
1.4231655778277545
1.4239764428970871
1.4239639321631297
1.424920111505185
1.4249865114407725
1.424121595922452
1.4234876249484028
1.4229625759996258
1.4231048346233304
1.42291766365316
1.4219407216066156
1.4224362154666226
1.4227334288725664
1.4225944477910508
1.4256131632479176
1.4250748583161748
1.425568778339418
1.42470107247128
1.4241363570647063
1.4242512289291274
1.4246378464947227
1.421985805088027
1.4264402506165477
1.4263550093684172
1.4264199459490776
1.4260466253692297
1.426302272480283
1.4256144864922313
1.4263847742940854
1.426524929259825
1.4286164947501077
1.4288960339375272
1.4286169697694378
1.4252175717323539
1.4230950316092377
1.423905960073783
1.423893467124838
1.424849728874143
1.424916158735278
1.4240511730498615
1.4234171064415662
1.4228920319571792
1.4230342998038632
1.4228471382276986
1.4218701214312328
1.4223656499784447
1.4226628954017435
1.4225239136412406
1.4255428739405607
1.425004540603004
1.4254985075217583
1.4246307243112415
1.424065960225065
1.4241808330525392
1.424567506780757
1.4219152081221054
1.4262034974876443
1.4261182710780862
1.426183200598255
1.4258097675776022
1.4260655059653464
1.425377477201818
1.4261479933175125
1.4262881674385306
1.4283804364257882
1.428660052732102
1.4283808778523377
1.4249804745487284
1.4228572703387519
1.4236684593676276
1.4236559449768829
1.4246125068819706
1.4246789351143572
1.4238136738600318
1.4231794463058804
1.4226541886970048
1.4227965040205686
1.4226092599891584
1.4216319277479486
1.4221276192796468
1.422424952057092
1.422285916177736
1.425305838313493
1.4247673192944597
1.4252614372422874
1.4243933840259084
1.4238284426785213
1.4239433598636668
1.4243301337464105
1.4216770292187233
1.4263178086752417
1.4262328577254664
1.4262976044861677
1.4259242453894205
1.4261800242878875
1.4254919043613494
1.4262622443949577
1.4264022435887909
1.4284945677727274
1.4287740835624934
1.4284947937780539
1.4250951823431244
1.4229722401608498
1.4237833727779936
1.4237707480203858
1.4247271980450085
1.4247934750209095
1.423928289033153
1.4232943787043775
1.422769065649065
1.422911382334609
1.4227240088779254
1.4217467349415793
1.422242416021737
1.422539676066557
1.4224005894632772
1.425420249223211
1.4248816865517693
1.4253757210511144
1.4245077845407683
1.4239429093301834
1.4240578660577352
1.4244444592818903
1.4217918351449474
1.423835413257346
1.4237506559659676
1.4238152692279784
1.4234421716638046
1.4236978186728046
1.423010062811718
1.4237798510147455
1.4239196757873283
1.4260107778340538
1.4262900743965718
1.4260108919694068
1.422613723509167
1.4204921863054025
1.4213028047773648
1.4212901303215073
1.4222459505613483
1.4223121094638094
1.421447479713344
1.4208141128674094
1.4202890850790273
1.420431317395771
1.4202439888183123
1.4192673293263944
1.4197627086732452
1.4200597532945007
1.4199207235260198
1.4229384420797073
1.422400178712997
1.4228938746012239
1.4220265174662559
1.421462014235292
1.421576922752961
1.421963191172098
1.4193124019120154
1.4239096914975002
1.4238247034512952
1.4238894678632243
1.4235163898684882
1.4237719405752274
1.423084427587382
1.4238541968363905
1.4239941481420262
1.4260847135835255
1.4263640365760564
1.4260850235708038
1.4226879253021876
1.4205666433370638
1.421377124543381
1.4213645533902735
1.4223202530254384
1.4223865340732125
1.4215220370077273
1.4208885290435915
1.4203636737995016
1.420505871792845
1.4203187044742762
1.4193422191497884
1.4198374927687316
1.4201345344281844
1.4199955831220399
1.42301283829088
1.4224747398231306
1.4229683967497915
1.4221011352541006
1.4215367031965427
1.4216515490299164
1.422037891867757
1.4193872824034028
1.4277431512318972
1.4276582301485061
1.4277229523601487
1.4273497991975508
1.4276054310277868
1.4269177055869575
1.4276876222706207
1.427827553915043
1.429918693193458
1.4301980577777944
1.4299189332222668
1.4265211891141667
1.4243994282850945
1.4252101066605303
1.4251974962806102
1.4261534136643084
1.426219663157786
1.4253549606904876
1.4247213874147424
1.4241963745817738
1.4243386108290172
1.4241513516611972
1.4231746256418876
1.4236700275581111
1.4239671245543568
1.4238281198083442
1.4268460919711692
1.426307836227757
1.4268015972879802
1.4259341431288064
1.42536958248964
1.425484471717632
1.4258708585473756
1.423219700465942
1.425979904360801
1.4258949684388373
1.4259596977109714
1.4255866569891777
1.4258421975427233
1.4251547148773709
1.425924403247194
1.4260643157363373
1.4281547515177777
1.4284340389832197
1.428155025139367
1.4247582862977926
1.4226371895555807
1.4234476073666855
1.423435018428565
1.4243906356564813
1.4244568867787073
1.4235924598803178
1.4229590475504283
1.4224342178419485
1.422576406612312
1.4223892298997378
1.4214128193251712
1.4219080582569097
1.4222050678990077
1.4220661172718498
1.4250831275982374
1.4245450575363021
1.4250386675674511
1.4241714834141395
1.4236071000361836
1.4237219449065048
1.4241082315817226
1.4214578793693244
1.4248574624194947
1.4247728167958862
1.4248373562480614
1.4244642770093694
1.4247199493503278
1.424032132746489
1.4248018733480663
1.4249416300653028
1.4270328245403976
1.4273120886081858
1.4270328491479831
1.4236358969085627
1.421514398107193
1.4223250200708957
1.422312299324113
1.4232681048273461
1.4233342030643383
1.4224695758636097
1.4218363198132402
1.4213112515338349
1.421453489143058
1.4212661005499656
1.420289432835518
1.4207848243002015
1.4210818485638217
1.4209427930938858
1.423960502880888
1.4234222034850668
1.4239158810968073
1.4230485436436664
1.422484049141302
1.4225989779117008
1.4229851840828553
1.4203345063921669
1.4266909221538921
1.4266063434930978
1.426670840744986
1.4262976863384313
1.426553439802887
1.4258654107460647
1.4266352987822972
1.4267750358383195
1.4288668041503303
1.429146109809924
1.4288667587994466
1.4254691607205419
1.4233471830552238
1.4241580021880447
1.4241452422144503
1.425101265466216
1.4251673321489122
1.4243024995463702
1.4236691781843909
1.423143952316107
1.4232862281792305
1.4230987477368864
1.4221218393276172
1.422617359089581
1.4229144386899937
1.42277532978019
1.4257937565611771
1.4252552998896932
1.4257490816349963
1.424881551518372
1.4243169284343997
1.4244319005994168
1.424818150762474
1.422166924454706
1.4260769901694847
1.42599233693735
1.4260568903478468
1.4256834365137991
1.425939392838024
1.4252508175852605
1.4260213240075439
1.4261611770071096
1.428254611633188
1.428534142584748
1.42825457182812
1.4248542443620826
1.4227305680772186
1.4235420351291261
1.4235292678419569
1.4244860562197876
1.4245521794960805
1.4236866554215308
1.4230528208993467
1.4225271777108641
1.4226695669737075
1.4224819404088835
1.421504251610284
1.4220001667156301
1.422297485059045
1.4221582665535608
1.4251791066923276
1.4246402218462628
1.4251343994407353
1.4242661746276293
1.4237010996620298
1.4238161624684962
1.4242027252658505
1.4215493727160997
1.4244802835639911
1.42439554853047
1.4244601512017443
1.4240868849763642
1.4243426689004008
1.4236545488760977
1.4244246795498858
1.4245645330553869
1.4266566903475746
1.4269361025884346
1.4266567540937567
1.4232580777337291
1.4211355443996736
1.4219465537181324
1.421933847099575
1.42289011757309
1.4229562740324277
1.4220912309285993
1.4214576226638809
1.4209323201887658
1.4210746237208296
1.4208871714605018
1.4199100388014685
1.4204056626250479
1.420702838277524
1.4205637273307619
1.4235828886391058
1.4230443467501808
1.4235382691820173
1.4226705070382561
1.422105737915476
1.4222207129696522
1.4226071316205782
1.4199551335569425
1.4244100707006906
1.4243252835429274
1.4243899213539972
1.4240166178556748
1.4242724119329049
1.4235842615861087
1.4243544731390823
1.4244943654610762
1.4265866524133233
1.4268661001812708
1.4265867525251934
1.4231877167381246
1.4210649981811567
1.421876070894828
1.4218633820612834
1.4228197349420477
1.422885921326933
1.422020808056009
1.4213871041570445
1.4208617761463191
1.4210040889013629
1.4208166460350404
1.419839438626085
1.4203350971368705
1.4206323048067009
1.4204931931809528
1.4235125993317483
1.4229740290370099
1.4234679983643574
1.4226001588782173
1.422035341075835
1.422150317093064
1.4225367919066128
1.4198845365910209
1.4266166439137378
1.42653229600777
1.4265966421097398
1.4262234681337478
1.4264793179004638
1.4257910459704004
1.4265609529606527
1.4267005634836216
1.4287928684008577
1.42907214763044
1.4287926271980493
1.4253949589275208
1.4232727260235618
1.4240836824220287
1.4240708191456841
1.4250269630021253
1.4250929075395091
1.4242279422519868
1.4235947620082092
1.423069363595633
1.4232116737821563
1.4230240320809227
1.4220469495042227
1.4225425749940948
1.4228396575563096
1.4227004701841695
1.4257193603500047
1.4251807387795599
1.425674559486428
1.424806933730527
1.4242422394731484
1.4243572743224613
1.4247434500668155
1.4220920439633185
1.4241692521949332
1.4240847627548108
1.424149207215676
1.4237758089800525
1.4240317804830416
1.4233431748100203
1.4241135527516682
1.4242532988793943
1.426346696273783
1.4266261592035252
1.4263465305752594
1.4229467787570829
1.4208233260975258
1.4216347332459605
1.4216219018828546
1.4225785931168273
1.422644625802104
1.4217791744443862
1.4211455463520133
1.4206198882081178
1.4207622735404608
1.4205745775659977
1.4195969552947898
1.4200928478307637
1.4203901137991883
1.4202508702712358
1.4232714568008655
1.422732564331503
1.4232266767539783
1.4223585489650774
1.4217935314076817
1.421908613503824
1.4222950578905726
1.4196420741621725
1.4264280544859858
1.4263436618750618
1.4264080395865821
1.4260347721172448
1.4262906776755007
1.4256022540352051
1.4263723560615624
1.4265120149786634
1.428604801304447
1.4288841546205642
1.4286045796709361
1.425206049340104
1.4230832991698026
1.4238944492456471
1.4238815930334152
1.4248379693749975
1.424903943023554
1.4240387697844819
1.4234054134335299
1.4228798979230988
1.4230222410710422
1.422834567536191
1.4218572524871984
1.4223529941565183
1.422650152413161
1.4225109373026072
1.4255305532291138
1.424991810412117
1.4254857535290333
1.4246179154278216
1.4240530838602357
1.4241681418514371
1.424554423835677
1.421902357545706
1.4255644148357323
1.4254804093523612
1.4255445304945773
1.4251713552746286
1.4254273266755644
1.4247387511295073
1.4255086294723287
1.4256480454068987
1.4277409793577298
1.4280201996625697
1.4277404527752289
1.4243429305338964
1.4222204807936907
1.423031577949543
1.423018565079524
1.4239748148040332
1.4240405765306356
1.4231754811078694
1.4225425527778572
1.4220169413299666
1.4221592911323695
1.4219714281566118
1.4209941631899523
1.4214899065255646
1.421786971691947
1.4216476801560152
1.4246670249400128
1.4241282024414967
1.4246220438334443
1.4237543421200927
1.4231895854179086
1.4233047032042467
1.423690742281914
1.4210392679520822
1.4277309551013355
1.42764688265515
1.4277110459976525
1.4273379459455662
1.4275938362230043
1.4269054731299318
1.4276752040380982
1.4278146396338813
1.429906999747797
1.430186178460831
1.4299065431237654
1.426509666721917
1.4243876958456594
1.4251985958323938
1.4251856221891872
1.4261416541651626
1.4262074474460615
1.4253425574251082
1.4247096944067057
1.4241842405476937
1.4243265520961967
1.4241387809696897
1.4231617566978527
1.4236573717361847
1.4239543815657745
1.4238151434697108
1.4268337712597225
1.4262951060368698
1.4267888432952551
1.425921334245387
1.4253567061248107
1.4254717805165305
1.4258577756022954
1.4232068498895425
1.4245121857577265
1.424428522696952
1.4244924188794141
1.4241192424155091
1.4243753354506636
1.4236864562886138
1.4244563059840047
1.4245955273301742
1.4266890903146012
1.426968251694699
1.4266882783524075
1.4232909021402713
1.421168235563819
1.4219794734770572
1.4219663110133636
1.4229226666059398
1.4229882455217615
1.4221230199637513
1.421490343547505
1.4209645190642997
1.4211069084825823
1.4209188242323003
1.419941376875681
1.4204372380570338
1.4207342858275833
1.42059489012786
1.4236146895300197
1.4230756661034327
1.4235695281804592
1.4227017505096575
1.4221369313626675
1.4222521320860306
1.4226380344970124
1.419986491940846
1.424363629277418
1.424280427726297
1.4243440216089227
1.4239708060061411
1.4242270916458182
1.4235377267372857
1.4243076143407152
1.424446582620778
1.4265412188156574
1.4268203273357303
1.426540015149613
1.4231424985542291
1.4210193215004954
1.4218308339450252
1.4218174648758315
1.4227740616777589
1.4228393963029555
1.4219739053749845
1.4213415111951406
1.420815341623352
1.420957799688434
1.4207693929203726
1.4197915972288926
1.4202876698660607
1.4205847235602154
1.420445170935819
1.4234658971076741
1.4229265438831658
1.4234204838833235
1.4225525149339675
1.4219875534401663
1.4221028795321196
1.4224886331056945
1.4198367309580704
