1.4276803178981063
1.4277989912627922
1.4300917744677197
1.4299514824657664
1.4296946139573643
1.429528701256266
1.4293895368625582
1.429250723871809
1.4290188159958024
1.4299121798895194
1.428904496892728
1.4290433668817615
1.428691599544179
1.4286716340758736
1.4278005904976656
1.4287895019627341
1.4285797641886029
1.4276614609211133
1.4277077101935245
1.4284165107855131
1.4273322160902477
1.4328026916954886
1.4329210470111977
1.4352072829019735
1.4350674044398055
1.4348114955390525
1.4346460663667502
1.4345071548142194
1.4343685541618958
1.4341370672514617
1.43502839764821
1.4340233644625107
1.4341620618251847
1.43381107608762
1.433790964379998
1.4329224436726307
1.4339086351033197
1.4336991414875433
1.4327834868248566
1.4328296920996206
1.4335364009345772
1.4324551597459467
1.4334047868456956
1.4335232018014676
1.4358106704087243
1.4356707139362206
1.4354146217405486
1.43524910141731
1.4351101439366047
1.4349715054399241
1.4347399420686693
1.4356316493263668
1.4346261198799712
1.434764847147699
1.434413716836792
1.4343936350197621
1.4335246388991423
1.4345113412479427
1.4343018057764076
1.4333856521344395
1.4334318646717132
1.4341389681238705
1.4330571525231286
1.432929103289311
1.4330474378155993
1.4353324747621943
1.4351926952483591
1.4349373684382418
1.4347720453259114
1.4346329202463408
1.4344940276550566
1.4342621841702041
1.435154072531896
1.4341491152323878
1.4342881834761627
1.4339369402061684
1.4339164363969898
1.433048441489401
1.43403432160981
1.4338242350443369
1.432909112631002
1.432955468148553
1.4336616722712832
1.4325809132675102
1.4322609927744663
1.4323794259796114
1.4346658924574744
1.4345260407792546
1.4342708216784177
1.4341054066670167
1.4339660235495246
1.4338268263416858
1.4335945524079516
1.434487611025053
1.4334817556146282
1.4336211757531732
1.4332694490572115
1.4332486919906995
1.4323801960573441
1.4333668158769874
1.4331561782161515
1.4322405143854144
1.4322870030851942
1.4329935689383395
1.4319120831474461
1.4336595414197189
1.4337779150788772
1.4360632303615026
1.4359234491475958
1.43566835944592
1.435503027756869
1.435363714240287
1.4352245863823652
1.43499242843304
1.4358850394734755
1.4348796895858882
1.4350190404211607
1.4346674899251153
1.4346467424995315
1.433778683979908
1.434764807468086
1.4345542744459345
1.4336390717403835
1.4336855373848651
1.4343917472249288
1.433310805772269
1.4274782340077536
1.4275970850696424
1.4298925066478474
1.429752078713183
1.4294953609648795
1.4293292765825854
1.4291896666588075
1.4290503305627071
1.4288176794975842
1.4297130932784643
1.4287038010917374
1.4288432729727818
1.428490660769716
1.4284702710634278
1.4275982952392225
1.4285885498322304
1.4283778703127863
1.4274585622106966
1.4275050385768895
1.42821452116692
1.4271288941957354
1.4266796741026468
1.426798347373257
1.4290910490569406
1.4289507646010104
1.4286939499883664
1.428528045115853
1.4283888570494117
1.4282500125531026
1.428018065153507
1.4289114997629402
1.4279038075040071
1.4280427168912597
1.4276909179271036
1.4276709129272784
1.4267999073485904
1.4277888042270135
1.4275790036699556
1.426660738256562
1.4267070033217621
1.4274157653096304
1.4263315006882433
1.427148275908977
1.4272670285742362
1.4295612651849037
1.4294208867765552
1.429163899631697
1.4289978836627166
1.4288586027950632
1.428719665832197
1.428487563786723
1.429381595165044
1.42837322887566
1.4285122306672764
1.4281601967698987
1.4281401789155028
1.4272685901185052
1.4282581487722157
1.428048208696912
1.4271293284499371
1.4271756242555351
1.4278848609275112
1.426799870521813
1.4279447294040224
1.428063362883232
1.4303552155821804
1.4302149856484818
1.4299583111977034
1.4297924697020095
1.4296533043634394
1.4295144745948483
1.429282564994604
1.4301757719353094
1.4291684074294595
1.4293073100127496
1.42895559688863
1.4289355587845705
1.428064882814558
1.4290534342186911
1.4288436406378309
1.4279257204953235
1.4279719859831133
1.4286804720248076
1.427596600369454
1.4294088246421364
1.4295275368574643
1.4318203538346916
1.431680082770735
1.4314236130580489
1.4312577152659869
1.4311182914170648
1.4309791486429975
1.430746807731752
1.4316411064513619
1.430633003080066
1.4307722738552537
1.430420104411899
1.4303997767326297
1.4295287835409471
1.4305178946138477
1.43030752203426
1.4293892520368414
1.4294356588145494
1.4301443493115111
1.4290599623889932
1.429601895396055
1.4297204285971188
1.432009465903659
1.4318694364167344
1.4316135704845638
1.4314479539738945
1.431308644236762
1.4311695834902074
1.4309374324378346
1.431830671290313
1.4308240474389624
1.4309632678972088
1.4306115005473083
1.4305910436647427
1.4297215147123383
1.430709078444258
1.4304987686490214
1.429582033443542
1.4296284342265104
1.4303359022677498
1.4292532686554433
1.4259318534948322
1.4260504850925249
1.4283407073666035
1.4282006283533617
1.4279450318177465
1.4277793468937632
1.427639708100507
1.4275002482207166
1.4272675481486956
1.4281621694037339
1.4271546196550395
1.4272943102027138
1.4269419645471253
1.4269211358126672
1.4260512198330555
1.427039479504273
1.426828430264896
1.4259112672043017
1.4259578485478641
1.4266655625071585
1.4255822923293662
1.426270180934583
1.4263889121518905
1.4286813791696722
1.4285411525318175
1.4282851247479014
1.4281192696389917
1.4279796095351578
1.427840160094412
1.4276074248093973
1.4285025091626786
1.4274941539244903
1.4276338023847424
1.4272812895689213
1.427260602892329
1.4263898058917497
1.4273789511286599
1.4271679786231781
1.4262498956042253
1.4262964522021302
1.4270049139330399
1.425920616229346
1.4293998115057032
1.4295185224039693
1.4318101980837874
1.4316700326641512
1.4314143174920795
1.4312485293002146
1.4311087740330122
1.4309691901811061
1.4307362959396166
1.4316315846792589
1.4306233516379718
1.4307631739882294
1.430410561772846
1.4303896806522967
1.4295192194538955
1.4305081263137547
1.4302968747732054
1.4293791347331264
1.429425762609875
1.4301339126491575
1.4290499467609319
1.4275986764187576
1.4277172091494423
1.4300058388497647
1.4298658470929544
1.4296102506395747
1.4294446732718329
1.4293052451710293
1.4291660268966748
1.4289336782263578
1.4298272706574193
1.4288206004953579
1.4289600179447
1.4286080924619318
1.4285874379217667
1.427718098966963
1.4287055897656538
1.4284949660557875
1.4275784201207873
1.4276248998676981
1.428332174888338
1.4272496916454218
1.4299344286766704
1.4300530606506665
1.4323436090097188
1.4322034998123858
1.4319476876937378
1.4317819714554127
1.4316424273530939
1.4315030934955433
1.4312705515178779
1.4321648899100488
1.4311573772099235
1.4312969101647208
1.4309446910154264
1.430924020407048
1.4300539524293565
1.4310422704471568
1.4308314723394828
1.4299141578625065
1.4299606760349144
1.4306685444106888
1.429585153937384
1.4275313734632011
1.4276500643246535
1.429941193230239
1.429801066390753
1.4295455021432513
1.4293797573826739
1.429239977970306
1.4291003542239187
1.428867419596722
1.429762700575575
1.428754617517617
1.4288944955632215
1.4285418788279964
1.4285209218580497
1.4276506824632669
1.4286393947060123
1.4284280524791728
1.4275105418556802
1.4275571936329063
1.4282651477929225
1.4271814234985303
1.4309336098575274
1.4310519450423471
1.4333375526376462
1.4331977203016517
1.4329420162212267
1.4327766383087979
1.432637678938367
1.4324990068860028
1.4322674400662718
1.433158833417948
1.4321539409534347
1.4322927334096753
1.4319417115256952
1.4319214844371564
1.431053223532927
1.4320392057598563
1.4318295586748644
1.4309141712828595
1.4309604162508904
1.4316668906024599
1.430585921081541
1.428741826694527
1.4288603410817629
1.4311498913902359
1.431009802385164
1.4307533867327078
1.4305877118817143
1.4304486857449623
1.430309994676206
1.4300783170447802
1.430970628832154
1.4299642753719801
1.4301030393487244
1.4297516786244369
1.4297316598022332
1.428861858659686
1.4298494174008873
1.4296398330973967
1.4287228352052606
1.428769054582454
1.4294768285979869
1.4283940456190996
1.4297398953081486
1.4298584094131563
1.4321477151578994
1.432007648790896
1.431751394825714
1.4315857434604775
1.4314466463055222
1.4313078607200862
1.4310760645178935
1.4319685884524176
1.430962207205817
1.431101089377219
1.430749633773211
1.4307294963564479
1.4298598092124604
1.4308473241937245
1.4306375515414564
1.429720667211607
1.4297669339671668
1.4304745921703386
1.429391899413086
1.4325363488031941
1.432654743722152
1.434941665555176
1.4348017476628219
1.4345458063917198
1.4343803294997697
1.4342413478738982
1.434102669482737
1.4338710657257743
1.4347627652226829
1.433757385759616
1.4338961687226917
1.4335450338919422
1.433524876225515
1.432656101908513
1.4336426096402
1.433432983482375
1.4325170592569934
1.4325632956947447
1.4332702032676352
1.4321886292607273
1.4305344174168155
1.4306528120535462
1.4329394893228395
1.4327995940685543
1.432543814484727
1.432378361078533
1.4322393084344593
1.4321005355266174
1.4318688131988884
1.432760724842947
1.4317553175934536
1.4318942187511865
1.431542989040717
1.43152271277973
1.430654052461288
1.4316405164330372
1.431430701926435
1.43051489126334
1.4305611750794578
1.431267966839988
1.4301864830547137
1.4306646917833952
1.43078306619516
1.4330690336477334
1.4329291920656442
1.432673671197903
1.4325082768801676
1.4323691527454598
1.4322302769320177
1.4319984351714026
1.4328904804861056
1.431885204695656
1.4320242403451748
1.4316729428617168
1.431652511688293
1.4307841491725088
1.431770389353853
1.4315603585951087
1.4306448530567917
1.4306911923589647
1.431397711031988
1.4303165289883037
1.431398348891101
1.4315167629061143
1.4338034163009363
1.4336635352886606
1.4334079820505705
1.4332425400131874
1.4331033458051392
1.4329643922528583
1.4327324336457155
1.4336248480605793
1.4326192259927621
1.4327583472426817
1.4324069006660398
1.4323864235338102
1.4315178074083912
1.4325043638907333
1.4322942005899402
1.431378425488929
1.4314247959540887
1.4321315133650463
1.431049998503085
1.431196089977065
1.4313143849941805
1.4335988175197707
1.4334590698900989
1.4332037215545723
1.4330384383333046
1.432899406999808
1.4327606236529227
1.432528936538187
1.433420385084002
1.4324157833240032
1.4325547265691583
1.4322036640189213
1.4321832457000678
1.431315466402594
1.4323010448086506
1.4320911535681522
1.4311762628634168
1.4312225714251916
1.4319286154141073
1.4308481591547342
1.4309951186539485
1.4311132948613177
1.433395669560163
1.4332560402210495
1.4330007889965701
1.4328356489342464
1.4326968278207715
1.4325582776904
1.4323269411152497
1.4332172823605829
1.4322137194326867
1.432352405876638
1.432001790605954
1.4319815101635158
1.4311144916949474
1.4320991211980096
1.4318896275836586
1.4309755455670075
1.4310217606398197
1.4317272084149337
1.430647750610393
1.426994649882172
1.427113122690566
1.4294002751106776
1.429260384002271
1.4290051325310853
1.4288396698000363
1.4287002166092042
1.4285609416625267
1.4283285508822643
1.4292219785995264
1.4282157769117334
1.42835528265068
1.4280034068615342
1.4279826038362173
1.4271138542932258
1.4281007904138678
1.4278900202109834
1.4269740868175516
1.4270206066803182
1.4277273712713971
1.4266455526622266
1.4309978688594696
1.4311163421382431
1.4334039021645721
1.4332639733260515
1.4330084523760747
1.432842950502098
1.4327036156749375
1.43256449825606
1.432332305093741
1.4332253792324203
1.4322192238553388
1.4323585326031891
1.4320068149469105
1.4319862095791933
1.431117270038602
1.4321042790924725
1.431893822804217
1.4309777001403072
1.431024141039131
1.4317310986508096
1.4306491296722488
1.4318605127428357
1.43197900521174
1.43426637832111
1.4341264788166452
1.4338712920039225
1.4337058171559274
1.433566293419324
1.4334269323448874
1.4331944238559773
1.4340881421968943
1.4330817534772051
1.4332213611136808
1.4328693633380825
1.432848478036083
1.4319796586875546
1.4329667310787266
1.4327558004304286
1.431839789036793
1.4318863481702366
1.4325931542241026
1.4315112143166104
1.4307898157862982
1.4309081692204906
1.4331927746863968
1.433053047144686
1.4327982161590962
1.4326329435585043
1.4324935585512877
1.432354327787765
1.4321220504055538
1.433014795116634
1.4320095766880911
1.4321490620151496
1.4317974437461154
1.4317765414080943
1.4309087806911287
1.4318946803889014
1.4316839311146086
1.430769033533835
1.430815554664372
1.4315214914169287
1.4304408517058587
