1.4311134419168492
1.4303968020846611
1.43449660034361
1.432652259479518
1.4318598775887559
1.4359311183563166
1.4370758549986882
1.4318220846633003
1.432614501299809
1.4292955107309244
1.4303509177335367
1.4318325556151588
1.4325770032793812
1.4315041862112272
1.4310920694839533
1.4355658692923041
1.434472533570909
1.4344416615449582
1.4358981147861165
1.4366969544025132
1.4374000789921666
1.437052001771718
1.4355444165236402
1.4344625234588624
1.4340448982542855
1.4366425011169983
1.431001575303169
1.4302848591572148
1.4343853091971697
1.432540666246686
1.431748168076189
1.4358200222530426
1.4369649057256424
1.4317103041067867
1.4325028370999988
1.4291833975557744
1.4302389133380427
1.4317207480299878
1.432465268137356
1.4313923190428512
1.4309801124120243
1.435454685145212
1.4343611696007479
1.434330276653539
1.4357869134814116
1.4365859191415122
1.437289122298311
1.436940979935473
1.4354331424138105
1.4343510846951524
1.4339333620830614
1.4365313724156066
1.4323695415468625
1.4316540687934491
1.4357472091306593
1.4339058626340073
1.4331147683879535
1.4371793946583205
1.4383222692228965
1.4330770311625376
1.4338681601041454
1.430554566318192
1.4316082542302613
1.433087482606498
1.4338307173096274
1.4327596458185674
1.4323481962260916
1.4368147361299146
1.435723175421555
1.4356923521335034
1.437146435963792
1.4379439817006436
1.43864596154385
1.4382984487325012
1.436793310648185
1.4357131751787644
1.4352962254762454
1.4378896094480085
1.432458496656705
1.4317421503756835
1.4358400620720708
1.4339965784447988
1.433204551844661
1.4372739517640651
1.4384181954955846
1.433166838926827
1.4339589001879367
1.4306413611375386
1.4316963392972615
1.433177332686515
1.4339214819866182
1.4328491214899715
1.4324372178810354
1.4369088996350503
1.4358160728053546
1.4357852304031595
1.437241059617788
1.4380394940473091
1.4387423270666742
1.438394419458188
1.4368875400712007
1.4358061377791433
1.4353887346093934
1.4379851474491747
1.4329777430369646
1.432261886684595
1.436357062064244
1.4345148066576625
1.4337233119096566
1.4377899841182222
1.4389334529572262
1.433685604119521
1.4344771335273854
1.4311618339720318
1.432216089490799
1.4336960820242426
1.434439720273886
1.4333680877100814
1.4329564516237403
1.4374251665033344
1.4363330675397603
1.4363022407942216
1.4377570831129969
1.438554996440387
1.4392573499117833
1.4389096715895477
1.4374037945126101
1.436323116574763
1.4359059825559615
1.4385006599873655
1.4318658764232843
1.4311499437571487
1.435245770917804
1.4334032134248313
1.4326116023970894
1.4366788880149473
1.4378225036841799
1.4325738235630072
1.4333654693275748
1.4300497207968812
1.4311040850953036
1.4325842744390713
1.4333279851318612
1.4322562205417053
1.4318444945518103
1.4363139823562425
1.4352217035695993
1.4351908559028013
1.4366458818082917
1.437443961179386
1.4381463932179277
1.4377986497533028
1.43629252040278
1.4352116778110526
1.4347944463847364
1.4373895312859741
1.4332420936765025
1.4325265145933928
1.436620356204901
1.4347786903974882
1.4339874648012563
1.4380527728442631
1.4391958280269264
1.4339496930128615
1.434740953341458
1.4314268258298601
1.432480668776188
1.4339601338510275
1.4347034760581014
1.4336322377069444
1.4332207070857397
1.4376880388882112
1.4365962885689445
1.4365654530817231
1.4380197653193796
1.4388174645678222
1.4395195503308083
1.4391719737440956
1.4376665723423503
1.436586254987148
1.4361692204499628
1.438763046370462
1.4330400680636883
1.4323243317750383
1.4364193091815158
1.4345771226724147
1.43378568820618
1.4378520869613556
1.4389954206489253
1.4337478344921748
1.4345393037788958
1.431224343224761
1.4322784137251166
1.4337582467054422
1.4345017447118917
1.4334302514830708
1.4330185798974344
1.437487218881779
1.4363951590695596
1.436364297435663
1.4378189604718299
1.4386169239276674
1.439319167988529
1.4389714841981924
1.4374656512966286
1.4363850422863909
1.4359678579761963
1.4385623974919872
1.4326482695537899
1.4319321496661839
1.4360291621151011
1.43418606669607
1.4333942317278827
1.4374626764212572
1.4386066043832546
1.4333564074491583
1.4341482772021354
1.4308316108786003
1.4318862489856543
1.4333668461231863
1.4341107476761503
1.4330386933745844
1.4326268352950824
1.437097649255199
1.4360050511877647
1.435974186096381
1.437429607621034
1.438227938667411
1.4389305563564623
1.438582707055239
1.4370761351610544
1.435994983682389
1.4355776150559125
1.438173448031344
1.4324367890421594
1.4317204473391458
1.4358185268025756
1.4339749597042095
1.433182909414603
1.4372524454404243
1.4383967043274946
1.433145136334486
1.4339372213508776
1.4306196173923376
1.431674585557343
1.4331556046617582
1.4338997430487783
1.4328273733770938
1.4324154309254824
1.4368873513472982
1.4357944743644175
1.43576361626638
1.4372194618559275
1.4380179641654625
1.4387207960212423
1.438372865331601
1.4368659128972623
1.4357844729524807
1.4353670247407113
1.4379635389248668
1.4312876335572524
1.4305711901025504
1.4346701386073215
1.4328261687271011
1.4320339633978463
1.4361043173027246
1.437248771963433
1.4319960955924673
1.43278833575113
1.4294701331588038
1.43052524636335
1.4320065278815295
1.4327507628594114
1.4316782171525926
1.4312661548295764
1.4357391058178415
1.434645989070869
1.4346151030778196
1.4360711934496544
1.4368699171507946
1.4375728537627679
1.4372248362166073
1.4357175474174886
1.4346358879342005
1.4342183098457448
1.4368153673230113
1.4324991140688832
1.4317828924295888
1.435880773919847
1.434037275718961
1.433245285711126
1.4373145482835579
1.4384586720191936
1.4332073667071399
1.4339993916023883
1.4306821266450669
1.4317369097916612
1.433217769342958
1.4339617674867833
1.4328895371500834
1.432477559199177
1.4369494037257429
1.4358565658942166
1.4358256729078211
1.437281339214761
1.4380798916527433
1.438782614097988
1.4384346779402457
1.4369277696812808
1.4358463986641092
1.4354289001609466
1.4380252764294885
1.4330027791924618
1.4322870174658895
1.4363822121327026
1.4345399249281374
1.433748451701991
1.437815054926931
1.43895843755791
1.4337105743066703
1.4345020823789592
1.4311869721663775
1.432241078926619
1.4337209775103854
1.43446449966455
1.4333929624269455
1.4329812608734578
1.4374501574994154
1.4363580377461724
1.4363271691385227
1.4377818933702615
1.4385799121740006
1.4392821824239106
1.438934476919444
1.4374285599266858
1.4363478960318212
1.435930679252455
1.4385253545915233
1.43177571742415
1.4310597038662407
1.435156015040859
1.433313238932589
1.4325215353145802
1.4365892982353146
1.4377330455792248
1.4324837455988344
1.4332754839648234
1.4299593513669324
1.4310138344397276
1.4324941948786567
1.4332379889276765
1.432166101486207
1.4317543244354345
1.436224346496903
1.4351319380403755
1.4351010851481611
1.4365562782654466
1.4373544558002318
1.4380569675695039
1.437709182043645
1.4362028734668888
1.4351219038740053
1.4347046200821947
1.4373000111088907
1.432875331322101
1.4321594632658328
1.436255359206944
1.4344127526916184
1.433621148115293
1.4376884331128732
1.4388319963619396
1.4335832361569936
1.434374875616271
1.4310592316780448
1.4321134934725446
1.4335936287549143
1.4343372584130234
1.4332655543153223
1.4328537717331054
1.4373234602577116
1.4362311508935615
1.4362002700867424
1.4376552227258483
1.4384533950411797
1.4391557712108685
1.4388080019310383
1.437301821620851
1.436220975840204
1.435803674226172
1.438398791513976
1.431726175837194
1.4310102060292371
1.4351069710116906
1.4332639617145095
1.4324722020985363
1.436540304975174
1.4376840639978787
1.4324341954149753
1.433225990016524
1.4299097474445113
1.4309641542785516
1.432444551974686
1.4331882782236567
1.4321163980908214
1.4317044956371996
1.4361752147282554
1.4350826656000135
1.4350517568981827
1.4365069543195752
1.4373053480265117
1.4380078289523939
1.4376599728160453
1.4361534561410776
1.435072390821924
1.4346549593312057
1.4372506199121213
1.4298524198182632
1.42913560192062
1.4332369210019154
1.4313918752695776
1.4305992220594321
1.4346718941153431
1.435816973361581
1.4305612633647689
1.4313539515002514
1.4280339133222408
1.4290895741440497
1.43057167124976
1.431316287947989
1.4302431628183505
1.429830836316119
1.434306439615755
1.4332126843071995
1.4331817634649784
1.4346386450751392
1.4354378721268448
1.4361411800398367
1.43579295082048
1.4342847769340368
1.4332024996768729
1.4327846471880956
1.4353832008137513
1.4306348129487678
1.429917807829655
1.4340203121992123
1.432174728540816
1.4313818513902252
1.4354556825216527
1.4366010740606556
1.431343847250919
1.4321367593748118
1.428815803403959
1.4298717380343993
1.4313542429338744
1.4320990504922786
1.4310256356512294
1.4306131770593902
1.4350901065147121
1.4339960319253648
1.4339650936585582
1.4354223708878806
1.4362218496148693
1.436925343178371
1.436577008122416
1.4350683916923108
1.4339858055482089
1.4335678158592708
1.4361671175591213
1.431387247455203
1.4306709495021424
1.4347694827734068
1.4329256824861298
1.4321335761985585
1.4362034521802831
1.437347722746148
1.4320955861506262
1.4328877274025777
1.429570013469916
1.4306249053961662
1.4321059617577867
1.4328500323447586
1.4317776699817075
1.4313656021272472
1.4358382195786505
1.4347452019240554
1.4347142880164012
1.436170137910056
1.4369688563917424
1.4376716574041322
1.4373236561040008
1.435816495571451
1.434734959900399
1.4343173639897215
1.4369141477280971
1.4300171565598503
1.4293004704298258
1.4334008709764867
1.4315562452503736
1.430763762150319
1.4348355479638257
1.435980397648567
1.43072586169995
1.431518379662876
1.4281990248689567
1.4292544943966217
1.4307362892002877
1.4314807742468572
1.4304078599860985
1.4299956444804478
1.434470198239823
1.4333766924831974
1.4333457908138991
1.43480238282112
1.435601401013333
1.4363045768174971
1.435956433087634
1.4344486066098145
1.4333665661230597
1.43294883093812
1.4355468067917618
1.431175766943573
1.4304592471751043
1.4345588474608815
1.432714575494269
1.431922253885279
1.4359932211994504
1.4371378226903875
1.4318843150359541
1.4326766715513197
1.4293580199836533
1.4304132419678552
1.4318947202963583
1.4326390277173862
1.4315663499842168
1.4311541977576476
1.4356279216707488
1.434534625100708
1.4345037181863995
1.4359599921449497
1.4367588818897938
1.4374618970689121
1.4371138143803626
1.4356062733076589
1.4345244491704907
1.4341067736745208
1.43670423862162
1.4312130558147995
1.4304965614842533
1.4345959445096947
1.4327517732385469
1.4319594903894686
1.4360302532338753
1.4371748057814027
1.4319215752214587
1.4327138929512568
1.429395391042037
1.4304505767663533
1.4319319894914155
1.432676272764728
1.4316036390403422
1.4311915167816243
1.4356649830531132
1.4345717464240955
1.4345408464835399
1.435997059246518
1.4367958936434608
1.437498882633531
1.4371508216591113
1.4356433646776023
1.4345615954250606
1.4341439523982622
1.4367412815220837
1.4322970884560693
1.4315807096112345
1.4356797268964618
1.433835707993888
1.4330435091160503
1.4371138624006508
1.4382582646411928
1.433005508186454
1.433797742039827
1.4304796440399676
1.4315346547405907
1.4330158821973733
1.4337600361405738
1.4326875509262098
1.4322754320108715
1.4367485837193108
1.4356554363948317
1.4356245172617608
1.4370805343672117
1.4378793510125887
1.438582231755709
1.4382341883943432
1.4367268486355593
1.4356451859633523
1.4352275376871806
1.4378246275510138
1.4319581600740783
1.4312414530841395
1.4353422386581782
1.433497428765508
1.4327048832160723
1.43677700960576
1.437921923389462
1.4326668989221047
1.4334594794258806
1.430139910065372
1.4311954058582053
1.432677291980474
1.4334217902616757
1.432348822817096
1.4319365385009195
1.436411588569706
1.4353179727188734
1.4352870483799793
1.4367437179576925
1.4375428593778188
1.438246060207447
1.437897871682299
1.4363898880659332
1.4353077550418274
1.4348899423456967
1.4374881553669898
1.4318090045891718
1.4310921958475447
1.4351938504629245
1.4333486377883995
1.432555937199316
1.436628881468061
1.4377739910254008
1.4325178581800866
1.4333105938261337
1.4299904258318388
1.4310460666642129
1.4325282152002459
1.4332728100723084
1.4321996665925951
1.431787262405014
1.4362633430402496
1.4351694874253256
1.4351385351914197
1.4365954495514195
1.4373948123631513
1.4380981179489727
1.4377498425673059
1.4362415225861598
1.4351591700235475
1.4347412274507312
1.4373399837651346
1.4321323517144817
1.431415841102029
1.4355157769218903
1.4336713380130914
1.432878969025163
1.4369502085521684
1.4380948403542069
1.4328409098512724
1.433633313877202
1.4303145324932518
1.4313697344880185
1.4328512642468452
1.433595549841706
1.4325228537584613
1.4321106238465426
1.4365848250952433
1.4354914282188338
1.4354604899128405
1.4369167966212306
1.4377158221261004
1.4384188349780487
1.438070706127189
1.436563018959782
1.4354811195171655
1.4350633539371562
1.4376610215730035
1.431577020352288
1.4308609487926427
1.4349585828164366
1.4331151707374008
1.4323232560817805
1.4363921768374748
1.4375361316338178
1.4322851546729571
1.4330771044167765
1.4297602632109778
1.430814815084559
1.432295475194458
1.4330392980342905
1.4319672418663205
1.4315552195412946
1.4360269691987992
1.4349341803064657
1.4349032437096227
1.4363586859133024
1.4371573010118444
1.43785988669392
1.437511943701052
1.4360050906613044
1.4349238058036444
1.4345062444362406
1.4371024483102661
1.4316671793514222
1.4309511886835506
1.4350483386933814
1.4332051452296433
1.4324133231642895
1.4364817666171075
1.437625589738773
1.4323752326371295
1.433167089779528
1.4298506326409268
1.430905065740135
1.4323855547548718
1.4331292942384748
1.4320573609218183
1.4316453896576706
1.4361166050581382
1.4350239458356895
1.4349930144642629
1.4364482894561468
1.437246806390998
1.4379493123423435
1.4376014114107096
1.4360947375971957
1.435013579740691
1.4345960707387821
1.4371919684873489
1.4323594134827935
1.431643154701678
1.4357419740137336
1.4338980240086394
1.4331058854125736
1.4371759652437843
1.438320232332892
1.433067738559108
1.4338599122913376
1.4305421532926965
1.4315969789749092
1.4330780468785733
1.4338220605785792
1.4327497146991997
1.4323375602845663
1.436810636097756
1.435717527924631
1.4356865739032023
1.437142411726045
1.437941278499869
1.4386440498324546
1.4382960010029884
1.4367887054195787
1.4357071116749807
1.4352894131074163
1.4378863650556357
1.431945907358349
1.4312292695562854
1.4353302916778232
1.4334853492917052
1.4326927865042176
1.4367650483800443
1.4379099248991307
1.4326546089237495
1.4334472068775177
1.4301276772013347
1.4311830604955273
1.4326649182715598
1.4334093246049975
1.4323364084778347
1.4319240287266606
1.4363995181834224
1.4353058216018986
1.435274848427141
1.4367314611133895
1.4375307633577659
1.4382339071549557
1.4378856697334474
1.436377562110065
1.4352953882443156
1.4348774603184493
1.4374758070706841
1.4329676149728943
1.4322509725928227
1.4363518269473186
1.4345069680322946
1.4337144289342756
1.4377865547036857
1.4389314160672209
1.4336763115160909
1.4344688857145766
1.4311494209465359
1.432204814235446
1.4336866462963167
1.4344310635428377
1.433358156590713
1.4329458156822135
1.4374210664711755
1.4363274200428362
1.4362964625639207
1.437753058875249
1.4385522932396124
1.4392554382003875
1.4389072238600347
1.437399189284004
1.4363170530709786
1.4358991701871318
1.4384974155949923
1.4317188455900378
1.4310019559566363
1.4351040945859799
1.433258663296157
1.4324658701168074
1.436539291688428
1.4376845329204455
1.4324277802159144
1.4332206084633823
1.4299000564018898
1.4309558160086366
1.4324381356398321
1.4331828138681244
1.4321095475370966
1.4316970922886378
1.43617370718091
1.4350797218961013
1.435048764436779
1.4365058460085747
1.4373053069839972
1.4380086923005495
1.4376603748576486
1.4361518756502685
1.4350693960865004
1.4346514011481892
1.4372504635880516
1.4331418066132982
1.4324253606107125
1.4365253652110306
1.434680877279878
1.4338885147433664
1.4379597536500934
1.4391043330319662
1.4338503224452588
1.434642720165898
1.4313240433744152
1.432379142865259
1.4338606185626879
1.4346048231228683
1.4335321875320788
1.4331199010278368
1.437594302996713
1.4365008755427964
1.4364699040967817
1.4379261375387868
1.438725255987894
1.4394282129709888
1.4390800583049246
1.4375723201778525
1.4364904175463167
1.4360725817785915
1.438670281801006
1.42891382408262
1.4281989358836558
1.4322893591912909
1.4304492091173466
1.4296586682452843
1.4337204978211864
1.4348625112852227
1.4296207665423817
1.4304113422951685
1.4271001773470313
1.4281529938596191
1.4296311274303692
1.430373734987559
1.4293034867555419
1.4288922392185146
1.4333559939942795
1.4322651403623734
1.4322342908688668
1.4336872697162666
1.434484399827335
1.4351858169010865
1.434838506193758
1.4333343305036692
1.432254933431442
1.4318381701193073
1.4344298165903573
1.430317875308247
1.4296033015203637
1.4336914532380605
1.4318523445674933
1.431062221435436
1.435121869587
1.436263326041224
1.4310244835837531
1.4318146414202915
1.4285051425572295
1.4295575039617598
1.4310349017215385
1.4317771976799778
1.4307074592032885
1.4302964935951248
1.4347576340071426
1.4336673993611428
1.433636602160987
1.4350888794113648
1.435885481107644
1.4365865815856445
1.436239485285563
1.4347361725951118
1.4336573588329558
1.4332408950668383
1.4358311143473057
1.4320535246687094
1.4313386736115663
1.4354281590974036
1.4335884608276679
1.4327980685438366
1.436859080860959
1.4380009509715237
1.432760394690413
1.433550821606219
1.4302401506994011
1.4312929246763713
1.4327708498947536
1.433513441895763
1.4324433092064255
1.4320322381331252
1.436494761622266
1.4354041783319589
1.4353733898734857
1.4368261972049818
1.4376230129802086
1.4383243811666193
1.4379771831310155
1.4364733947653718
1.4353942204205703
1.4349776571728372
1.437568727964209
1.4325342782884498
1.4318189373026549
1.435911159105231
1.434070232614804
1.433279308478841
1.4373430485068028
1.4384856935098824
1.433241629497719
1.4340325882667704
1.4307196778649078
1.431773174482834
1.4332521005570265
1.4339952036084955
1.4329243429863159
1.4325130043904204
1.4369784947539825
1.4358871835975533
1.4358563794824235
1.4373101737097733
1.4381075105871313
1.438809358321511
1.4384619309996556
1.4369571403239625
1.4358772416249515
1.4354604092262693
1.4380532154260195
1.4317613400567617
1.4310462509023039
1.4351373561970742
1.4332969186103521
1.4325062248662517
1.4365688051984191
1.437711085488568
1.4324684582055547
1.4332591866809063
1.429947298664353
1.4310004189697247
1.4324788831887547
1.4332217143453687
1.432151203927054
1.4317399408284437
1.4362043057564948
1.43511328330335
1.4350824634727852
1.436535788814588
1.4373329669609
1.4380345731759168
1.4376872258754552
1.4361828267837593
1.435103233782767
1.4346864683965297
1.4372785589086519
1.4321436836678438
1.4314289135024747
1.4355179149743487
1.4336784353199101
1.4328881356263456
1.4369486706405923
1.4380904090764794
1.432850472654586
1.4336408069689703
1.4303305201293506
1.4313831753319475
1.432860929455168
1.4336034380999478
1.4325334282619233
1.4321224082495017
1.4365843974816053
1.4354939438611827
1.435463160628126
1.4369158007478269
1.4377125183593629
1.438413806815043
1.4380666508406732
1.4365630417012634
1.4354839943576176
1.4350674834753787
1.4376582481412927
1.4321904274378872
1.4314757473203075
1.4355646003123024
1.433725172330974
1.4329349178487385
1.4369952477729426
1.438136884845254
1.4328971454340762
1.4336874346576034
1.4303774020688973
1.4314299185076862
1.432907552966068
1.4336499564284517
1.4325800510916658
1.4321690044547724
1.4366309367654395
1.4355405125085323
1.4355097031092072
1.4369622087669522
1.4377589639748236
1.4384601703726025
1.438113010297157
1.4366094342892775
1.4355304386413388
1.4351138900405553
1.4377045512697593
1.4286773074154926
1.427962102775323
1.4320535738103068
1.430212983855011
1.42942220613967
1.4334851960316446
1.4346276266287783
1.42938452524056
1.430175337592336
1.426863045666423
1.4279163409954874
1.429394990482798
1.4301379509695231
1.4290672920411864
1.4286560255991971
1.4331207050902972
1.4320295933326141
1.431998792694564
1.4334523136938948
1.4342495095917727
1.4349512240537392
1.4346038591402233
1.4330993428258019
1.4320196432444754
1.4316028831076117
1.4341952128797222
1.4324174892061978
1.431703060919956
1.4357907974041453
1.433951858326522
1.4331618342361487
1.437221004464559
1.4383622768239386
1.4331239741419117
1.433914033071739
1.430605022868342
1.431657162994577
1.4331343355977955
1.4338764671653255
1.4328069120324038
1.4323959408927955
1.4368567477679515
1.435766612214329
1.4357357870995684
1.4371878238717666
1.4379844203485919
1.4386853852270083
1.4383383051729561
1.4368351207490742
1.4357564307991537
1.4353399492108152
1.4379298947523915
1.4324920669486512
1.4317776895382537
1.4358649915017725
1.4340262538150765
1.4332363072445269
1.4372950685334085
1.4384362430059694
1.4331984945129208
1.4339884758716126
1.4306797649851086
1.431731832591573
1.4332088739879099
1.4339509572600087
1.4328814901446543
1.4324705789407484
1.4369308705326798
1.4358408548611032
1.4358100436938486
1.4372619580749026
1.438058443855926
1.4387593563562455
1.4384123197304528
1.4369093034889608
1.4358307233082939
1.4354143066582983
1.4380039805533193
1.4295388107186946
1.4288245233560861
1.4329116768397265
1.4310729908261406
1.4302830894669196
1.4343416456657594
1.4354827187747445
1.4302451672924117
1.4310351035602458
1.4277266469246557
1.428778575767312
1.4302554974988104
1.4309974755885126
1.4299281129743966
1.4295171751460196
1.4339774098165141
1.4328874235084528
1.4328565861749292
1.4343083660940281
1.4351048894713865
1.4358057199138052
1.4354586791869366
1.4339556960769748
1.4328771675920153
1.432460713223475
1.4350502836817858
1.4320785608242068
1.4313638043928611
1.435453309165862
1.4336135790981426
1.4328232083361714
1.4368841516696684
1.4380259355722083
1.432785364877563
1.4335757704577932
1.430265288893747
1.4313179141121914
1.432795745380897
1.433538221286427
1.4324681839232902
1.4320570473828433
1.4365197526183473
1.4354291485383712
1.4353983182177872
1.4368510074622474
1.4376479287138229
1.438349213678747
1.4380019884609123
1.4364981601794475
1.4354189998776288
1.435002353869331
1.4375934225683675
1.43212530459425
1.4314106382106935
1.435499994503816
1.4336603161092065
1.4328699905585638
1.4369307288020186
1.4380724113409828
1.4328320376570534
1.4336223981464264
1.4303121708332942
1.4313646572879304
1.432842368891797
1.433584739614931
1.4325148067530322
1.432103643588114
1.4365662919021807
1.4354757171857209
1.4354448606988681
1.4368974154813725
1.437694374329283
1.4383955772363057
1.4380483479173962
1.4365445527674616
1.4354654441613504
1.4350487604345077
1.4376397256968338
1.4315966033151741
1.4308813823930986
1.4349734062225021
1.4331325486295559
1.4323416847753647
1.4364051513499367
1.437547661201582
1.4323038598703735
1.4330947585182812
1.4297821871176373
1.4308354987171525
1.432314265238227
1.4330572280465008
1.4319865067593054
1.4315751326641148
1.4360405471324271
1.4349492751273525
1.434918436123865
1.4363720510686064
1.4371694380744122
1.4378711763982563
1.437523743608301
1.4360189971079815
1.4349391673365801
1.434522284646505
1.437114952930641
1.4324068304180897
1.431691383102598
1.4357843061794726
1.4339430603782848
1.4331520048921436
1.4372164266927452
1.4383592523139124
1.4331142913480424
1.4339053815040828
1.4305919373765754
1.4316455890287596
1.4331247518015553
1.4338679623569692
1.432796934874693
1.432385515250068
1.436851797512279
1.4357602967449423
1.4357294804306433
1.4371835030653601
1.4379809934543102
1.4386829471084686
1.4383354560112498
1.4368304020181282
1.4357503214333347
1.4353334041999866
1.4379266523484726
1.4326338921864006
1.431918696702247
1.436010503271316
1.434169746373833
1.4333789212795538
1.4374421833843616
1.4385846442925971
1.4333411200558777
1.4341319799182182
1.4308195581760201
1.4318728335156505
1.4333515344332832
1.4340944730938425
1.433023795815431
1.4326124516880911
1.4370776085147914
1.4359863964507393
1.4359555644210051
1.4374091181701747
1.4382064498280789
1.438908161962875
1.4385607508870488
1.4370560884779247
1.4359763135911499
1.4355594633702462
1.438151995831105
1.4324691554448128
1.431753828193041
1.4358465532967444
1.4340053763930363
1.4332143811886664
1.437278529535879
1.4384212200056112
1.4331765217206962
1.433967551755593
1.4306544466293045
1.431707913263078
1.4331869164827553
1.4339299867949744
1.4328590986476826
1.432447643523762
1.4369138498907237
1.4358223882747414
1.4357915370720846
1.4372453804241936
1.438042920941591
1.4387447651852143
1.4383972686198945
1.4368922588021469
1.4358122471449626
1.4353952796202218
1.437988389853094
1.4320880157230234
1.431373323901545
1.4354628974550026
1.4336231183649293
1.4328327540543748
1.436893696767594
1.4380354282499674
1.4327947774715488
1.4335851767464896
1.4302747997749108
1.4313273224894323
1.4328050996967403
1.4335474945675892
1.4324775176969073
1.4320663245641376
1.4365292305198165
1.4354385958623337
1.4354077324017285
1.4368603483798041
1.4376573625756164
1.4383585916716877
1.4380113406386479
1.4365074613975184
1.4354282979067807
1.4350115817107665
1.43760268279637
1.431876535211393
1.4311616215745069
1.4352522621424768
1.433412011373069
1.432621431741095
1.436683465786761
1.4378255281942074
1.432583506356877
1.433374120895231
1.430062806288648
1.4311156590611214
1.432593858235312
1.4333364899402172
1.4322661976994164
1.431854920194538
1.4363189326119152
1.4352280190389861
1.4351971625717268
1.4366502026146977
1.4374473880736676
1.4381488313364676
1.4378014989150096
1.436297239133726
1.4352177871768719
1.4348009913955653
1.4373927736898928
1.4319138240826197
1.4311989358836552
1.4352893591912907
1.4334492091173463
1.432658668245284
1.4367204978211856
1.4378625112852224
1.4326207665423811
1.433411342295168
1.4301001773470314
1.4311529938596192
1.432631127430369
1.4333737349875588
1.432303486755542
1.431892239218514
1.4363559939942792
1.4352651403623735
1.435234290868867
1.4366872697162663
1.4374843998273348
1.4381858169010862
1.437838506193758
1.4363343305036693
1.4352549334314422
1.4348381701193067
1.4374298165903567
1.4318019574689398
1.4310869929562093
1.4351780680448498
1.433337615884515
1.4325469587327166
1.4366094017179116
1.4377515620121768
1.4325089859858677
1.433299678095358
1.4299880641718812
1.4310409894641245
1.432519319845198
1.433261999845534
1.4321916195871658
1.4317802821465853
1.436244809847187
1.4351537763922122
1.435122905977447
1.4365760684115614
1.4373733645663338
1.4380748602072304
1.4377274843575132
1.4362230563938396
1.4351434946677322
1.4347266339480826
1.4373186878889652
1.4329761491093436
1.4322613809740987
1.4363516063085622
1.4345115251320983
1.4337210445418076
1.4377826006643197
1.438924478976922
1.4336829969150353
1.4344735125466792
1.4311626865997604
1.4322153180939377
1.4336932921115688
1.4344357594255643
1.4333656505285315
1.4329543674922087
1.4374180463727242
1.4363272318921725
1.436296347510308
1.4377491470750994
1.4385463273146155
1.439247634977832
1.438900318802403
1.4373961872876886
1.4363168591430704
1.4359000455395423
1.4384915540949792
1.43047861034363
1.4297633477017253
1.4338561415858846
1.4320149156598232
1.4312239269068696
1.4352880746338048
1.4364307126833704
1.4311859343146824
1.4319769580442894
1.428663957510468
1.4297173216403187
1.4311962707985986
1.4319392600761367
1.4308684324212997
1.430456920705057
1.4349233277921938
1.4338318355987043
1.4338009512560255
1.4352547213417508
1.4360523548033848
1.4367541431781556
1.43640662079763
1.4349015600202175
1.4338215451741148
1.4334045074616575
1.4359976500810965
1.4332142597040922
1.4324987197929278
1.4365928474452276
1.434751031919998
1.4339597740152707
1.4380252859077638
1.4391683376136706
1.4339218454213427
1.4347131382302174
1.4313989656526402
1.43245274235493
1.4339322189718138
1.434675504291922
1.4336042824244366
1.4331926652430576
1.437660455407317
1.4365686145695198
1.4365377389685239
1.437992039135368
1.438789886675949
1.4394919427591306
1.4391443186430826
1.4376387821904777
1.4365584067617292
1.4361412695676563
1.4387352636980004
1.433102393090412
1.4323867768654819
1.4364815562987876
1.4346394386871661
1.4338480645027034
1.4379141898044896
1.4390573883406248
1.4338100648648289
1.4346014740304072
1.43128685247749
1.4323407379594357
1.4338204113866426
1.4345637691498971
1.4334924152560606
1.433080708171129
1.4375492712602242
1.436457250599359
1.4364263540771038
1.4378808378306633
1.4386788514149482
1.4393809860652746
1.439033296806838
1.4375275080806478
1.4364469679980196
1.4360297333964325
1.4386241349966091
1.4331769708328654
1.4324614054837792
1.4365557503964144
1.4347138341757208
1.4339225375110816
1.437988253873339
1.4391313545226554
1.4338845852358382
1.4346759168302807
1.4313615945942568
1.432415407556432
1.4338949497767568
1.4346382592445803
1.4335669933683113
1.4331553462190814
1.437623394024952
1.4365314932461328
1.4365006106713845
1.4379549720337996
1.4387528749222822
1.439454957194512
1.4391073113643342
1.4376016908205345
1.4365212605071596
1.4361040908439149
1.4386982207975367
1.433351162473269
1.432635793501668
1.4367292886601262
1.4348877434233038
1.4340966233201722
1.4381614528197468
1.4393042714874003
1.4340585961650054
1.4348497512816019
1.431536217022136
1.4325897361862445
1.4340689220431273
1.434812018824611
1.4337410243096764
1.4333294315647045
1.4377966305504895
1.436704948746093
1.4366740522042454
1.4381280506973375
1.4389258376705636
1.439627731965113
1.4392801458092241
1.437774821714383
1.4366946249824974
1.4362775024353742
1.43887108700355
1.4332765847308162
1.4325611648833712
1.4366550945624994
1.4348133479347498
1.434022150311794
1.4380873887508978
1.4392303053053703
1.4339840757939963
1.434775308481728
1.4314614749053696
1.4325150665892485
1.4339943836530136
1.4347375287299278
1.433666446197426
1.4332547935167523
1.4377225077857616
1.4366307060993193
1.4365997956099654
1.4380539164942014
1.43885181416323
1.4395537608358762
1.4392061312517275
1.4377006389744968
1.4366203324733573
1.436203144987892
1.4387970012026223
1.4315470617282184
1.4308318845560954
1.4349243621933334
1.4330832714114763
1.4322923515593209
1.4363561580897968
1.4374986796202358
1.4322543096865137
1.4330452645699818
1.4297325831952161
1.4307858185559763
1.4322646223342554
1.4330075173424814
1.4319368033639197
1.4315253038658804
1.43599141536378
1.4349000026869903
1.4348691078738867
1.4363227271227352
1.437120330300692
1.4378220377811464
1.437474534380701
1.4359695797821703
1.4348896542844984
1.4344726238955163
1.4370655617338715
1.4323056225925184
1.43159111799251
1.4356795062577052
1.4338402650936912
1.4330501247235818
1.4371099083612846
1.4382513275508935
1.4330121935853986
1.4338023688719286
1.430492909693192
1.4315451585990822
1.4330225280126252
1.4337647320233005
1.4326950448640283
1.4322839838208665
1.4367455636208597
1.4356552482441682
1.4356244022081488
1.437076622567062
1.4378733850875915
1.438574428533153
1.4382272833367116
1.4367238466392442
1.4356449920354442
1.4352284130395911
1.4378187660510005
1.432953237605506
1.432237519628887
1.4363331681035338
1.4344906477100579
1.4336991184859473
1.4377660616667904
1.4389094559765638
1.433661024122811
1.43445258843066
1.4311373682439565
1.4321913987654429
1.4336713346064145
1.4344147889605303
1.43334325903156
1.4329314320752236
1.4374010257307681
1.4363087653058109
1.4362778408885444
1.43773256942439
1.4385308044002805
1.4392330438068008
1.4388852676918447
1.4373791426008746
1.43629838297974
1.4358810185014668
1.4384759633947541
