1.4207328646055293
1.4207216646660894
1.4158895359949635
1.4148545092412892
1.4116002823422615
1.4118153833795277
1.4144188783519105
1.4185378396087223
1.4195929645498195
1.4201510718317776
1.4193478141588889
1.4188687742961101
1.4181434098708272
1.4198799704417022
1.4144824071069981
1.4159301047786343
1.41621450159987
1.4148380980172475
1.4150205575617163
1.4150408596268806
1.4148490117868915
1.4146569058446579
1.4148267670399206
1.414400771194123
1.4143072921377715
1.4146373708375508
1.4124152111271744
1.4126209206905387
1.4098833609810186
1.410058447818904
1.4099375753173569
1.4151658507756946
1.4141567510321773
1.42034138336981
1.4203301978973353
1.4154956332398767
1.4144601739082219
1.411204300810677
1.4114195724786716
1.4140243784887205
1.4181453188288273
1.4192009027650396
1.4197592948561588
1.4189556681561069
1.4184763947870944
1.417750712186331
1.4194880967603907
1.4140879439915908
1.415536266878592
1.4158208365377776
1.4144437082601717
1.414626228215051
1.4146465627866758
1.414454658299814
1.4142624473690808
1.4144323436988795
1.4140062200576649
1.4139127256243822
1.4142429718322742
1.4120196750780418
1.4122255700607074
1.4094865959637033
1.40966174768043
1.4095408907947657
1.4147716884419044
1.4137621421591215
1.4219032373274918
1.4218920548801868
1.4170608685705461
1.4160261115591246
1.4127725149850288
1.41298762140818
1.4155906075484241
1.4197086914112105
1.4207635550850242
1.4213215561541543
1.4205184824659005
1.4200395421055798
1.4193143552906207
1.421050538049546
1.4156541275076227
1.4171014632375554
1.4173858270228468
1.4160096684106518
1.4161920683429754
1.4162123833996603
1.416020603469255
1.4158285287935533
1.4159983184301217
1.4155724718456513
1.4154790351827193
1.4158090503537868
1.413587311220686
1.4137930428602778
1.4110559909079545
1.4112310258011944
1.4111102351341323
1.4163374045873653
1.4153285489562246
1.4210137915843704
1.4210025931575152
1.416172153660298
1.4151374780667412
1.4118843894294375
1.412099407844282
1.4147019928817623
1.4188195258999137
1.4198742907098116
1.4204322024807754
1.4196292213137853
1.419150347955353
1.4184252314229722
1.4201611910862797
1.4147654988650145
1.4162127029581162
1.416496996842405
1.4151210780924872
1.415303477625679
1.4153237699333734
1.4151319843716121
1.4149399465568941
1.415109754405542
1.4146838970881164
1.4145904469169401
1.4149204100983073
1.4126990291984969
1.4129046570903245
1.4101680584531444
1.4103430868792868
1.4102222474870403
1.4154487088484256
1.4144399544307291
1.4211442853296101
1.4211330820804333
1.4163034545786604
1.415268923177763
1.4120163832732995
1.412231344811234
1.4148334928361592
1.4189503661598788
1.4200049779714052
1.420562794805982
1.4197599366480462
1.4192811411250252
1.4185561306511376
1.420291815646717
1.41489698657015
1.41634398225813
1.4166282185297696
1.4152525413448458
1.4154349207412336
1.4154552022134417
1.4152634355339713
1.4150714327154195
1.4152412288525558
1.4148154141336031
1.41472196908807
1.4150518764333995
1.4128308745482079
1.4130364406336016
1.4103003134589163
1.410475320258778
1.4103544756612374
1.4155800962930223
1.4145714907217477
1.4216010134379495
1.4215897933106467
1.4167630077929279
1.4157289810663423
1.4124783617268146
1.412693124195566
1.4152937426765477
1.4194083070697556
1.4204623833869814
1.421019867944204
1.4202174403179586
1.419738917218877
1.4190142779497164
1.420749001608247
1.4153571935381253
1.4168034598081796
1.4170874944355443
1.4157126627281005
1.4158949716456763
1.41591521519368
1.4157235146022278
1.415531634270259
1.4157013894171038
1.415275723792804
1.4151822966870238
1.4155120086062225
1.413292333272196
1.4134976830350714
1.4107632059791178
1.4109381370869978
1.4108172742709273
1.4160399523491105
1.4150318677403124
1.4183458723562739
1.4183345822155535
1.4134884838720143
1.4124502084138328
1.4091865898486833
1.4094021339455434
1.4120131597656846
1.416144308880358
1.41720269381224
1.4177624046496995
1.4169567215150878
1.416476273782878
1.415748675782973
1.4174904046191603
1.4120768586086572
1.413529042286606
1.4138141765849455
1.4124338824216696
1.4126169602200547
1.4126372569504497
1.4124447392891075
1.4122521013804685
1.4124225988137964
1.4119951214210311
1.41190128084606
1.4122323106174965
1.4100037749532934
1.4102098442996382
1.407464468979934
1.4076401292260494
1.4075186872108651
1.4127624039090878
1.4117502081281632
1.41935130076381
1.4193399747402433
1.414494086845364
1.4134556951591246
1.410192228572255
1.4104076508364691
1.4130185658797074
1.4171497116965546
1.4182081825326187
1.4187678628165468
1.4179621497230919
1.4174817084080176
1.4167540561096137
1.4184958023282697
1.413082253417991
1.4145345631982522
1.4148196318252084
1.4134394533362797
1.4136225802792757
1.413642835851416
1.413450254090279
1.4132576392741747
1.4134282206225224
1.4130006045347112
1.4129067106208975
1.413237724013327
1.4110093155124475
1.4112152281315824
1.4084700341010727
1.4086457290115966
1.408524153834096
1.4137678480807738
1.4127555838241288
1.4191609885534862
1.419149633880556
1.4143027384411708
1.4132640142378832
1.4099998765300346
1.4102152622769666
1.4128267220621349
1.4169588541228044
1.4180176403606077
1.4185774324955849
1.4177715049297053
1.4172909532786497
1.4165630875940067
1.4183052631967223
1.4128904166696212
1.4143431651598777
1.414628254534425
1.4132478293723527
1.4134310356651647
1.4134512663322794
1.4132585921479122
1.4130659479300935
1.413236630760727
1.412808812080162
1.4127148571390407
1.4130459379065188
1.4108170880470352
1.4110229366486122
1.4082772167135538
1.4084529787279065
1.4083312781960307
1.413576211085565
1.4125636550835672
1.4189906158315244
1.4189792436664586
1.414131405865588
1.4130924119200476
1.409827643887268
1.4100430242483144
1.4126549928656214
1.416788002320316
1.4178470498254032
1.4184069481732084
1.417600836622694
1.4171201854691802
1.4163921421742138
1.4181346955888794
1.4127186962689966
1.4141718067009568
1.4144569291114484
1.4130762589789485
1.4132595248839053
1.4132797425594994
1.4130870004655482
1.4128943249811976
1.4130650793705264
1.4126371114286345
1.4125431140940932
1.4128742583902831
1.4106449879535243
1.4108508144788727
1.4081045867866175
1.4082804007456162
1.4081586183792552
1.413404657273894
1.4123918571595198
1.4196698098759615
1.419658413883853
1.4148087565430332
1.413769285887784
1.4105032980011858
1.4107186987218603
1.4133316490936523
1.4174663044866014
1.4185258203917992
1.4190859255270412
1.4182794764950466
1.41779863717014
1.4170702744304415
1.4188135318968953
1.4133953718154921
1.414849129362568
1.415134330133301
1.4137531717626635
1.4139365371542396
1.4139567407602958
1.413763887360823
1.4135711474785904
1.4137420150617184
1.4133138019285991
1.4132197384411063
1.4135510059483831
1.411320915138401
1.4115267394526254
1.4087795143933268
1.4089554170824359
1.4088335145669941
1.414081632834089
1.4130683921279392
1.4204134160723065
1.4204022173160087
1.4155621139560817
1.41452546627295
1.4112658632277653
1.411481380070083
1.4140891703009077
1.4182148340540088
1.4192716290174605
1.4198306607479771
1.419026112537911
1.4185462899046317
1.41781977482
1.4195591510227366
1.4141528085172301
1.415602793110686
1.4158876880986835
1.4145089828377506
1.414691712632535
1.4147120699808091
1.4145199447044696
1.414327513757923
1.4144976059069152
1.4140709920499215
1.4139773897644021
1.4143080142918865
1.412082170817319
1.4122882997764816
1.4095461885838567
1.4097215415081379
1.4096005443773278
1.4148373373178766
1.413826633001443
1.4201179780126405
1.4201067307036825
1.4152650834354867
1.4142279055893838
1.410967275464708
1.411182721965404
1.41379134726402
1.417918544807752
1.418975839941041
1.4195350422672415
1.4187301571046433
1.4182501635506302
1.417523310498683
1.4192633565635653
1.413854995220803
1.4153056762633973
1.4155905962286053
1.4142115201065988
1.414394378794942
1.4144146928289265
1.4142224166609179
1.4140299425442078
1.4142002018784265
1.4137732574665876
1.4136795543231626
1.4140102818363884
1.4117837659332506
1.4119897778954102
1.409246868772287
1.4094223299319033
1.4093011230095853
1.4145398402332947
1.413528674482343
1.419947605290678
1.4199363404895848
1.4150937508599037
1.4140563032715487
1.4107950428219407
1.4110104839367519
1.413619618067506
1.4177476930052644
1.4188052494058363
1.419364557944865
1.4185594887976318
1.4180793957411608
1.41735236507889
1.4190927889557212
1.4136832748201782
1.415134317804476
1.4154192708056281
1.4140399497131941
1.4142228680136828
1.4142431690561468
1.414050824978554
1.413858319595312
1.4140286504882256
1.4136015568150593
1.413507811278215
1.4138386023201526
1.4116116658397386
1.4118176557256708
1.4090742388453505
1.4092497519496128
1.4091284631928103
1.4143682864216236
1.4133568765582956
1.419711985696096
1.4197007058140283
1.41485676782514
1.4138189783982018
1.4105568132572426
1.4107722774246239
1.4133821388937937
1.417511421072793
1.4185693152398346
1.419128777459885
1.4183234628234904
1.417843231346855
1.417115970045014
1.4188569090676595
1.413445810566985
1.4148973196955479
1.4151823345389691
1.413802647693611
1.413985635674646
1.4140059291433325
1.41381350771501
1.4136209535671527
1.4137913618745177
1.413364097640788
1.4132703071477022
1.4136011896363705
1.4113736430713715
1.4115796417842927
1.408835481415528
1.4090110572775767
1.4088896892889362
1.4141310388876533
1.4131193104887383
1.4185869203583925
1.4185756094158004
1.413731069880128
1.4126930200324717
1.4094304581369532
1.4096458573485973
1.4122560450534196
1.416385983629026
1.4174441166986205
1.418003643301527
1.4171981756972336
1.416717872802323
1.4159904511434898
1.4177316822163313
1.4123197176711841
1.4137715613071804
1.4140565680918677
1.4126767553558635
1.4128598126183127
1.4128800757642304
1.4126875713538232
1.4124950053023344
1.4126655092362301
1.4122380637089826
1.4121442147514105
1.4124751366971093
1.4102473382808147
1.4104532420729612
1.4077087915308955
1.407884423683633
1.40776292773797
1.413005095614744
1.4119931498936857
1.4205878597794643
1.4205766176222712
1.4157438222213412
1.4147084722721524
1.4114538078225192
1.4116688127726513
1.414272669890478
1.4183923963936924
1.419447814371799
1.420005991674834
1.419202550546257
1.4187234284316794
1.417997867873489
1.419734772066671
1.4143361978634519
1.415784306810813
1.4160686832849627
1.414692152108977
1.4148747006725306
1.4148949605014227
1.4147030051657017
1.4145108891846532
1.414680875930039
1.4142546454592964
1.4141610893045702
1.4144912113077173
1.4122687789647175
1.4124743516659757
1.4097364836358033
1.4099116419235604
1.4097905979451013
1.4150198243192469
1.4140104596206104
1.420397547569141
1.4203862767625839
1.4155524738171479
1.4145167913509107
1.411261455780299
1.411476424213149
1.4140808260729056
1.4182015388199425
1.4192572721997887
1.419815561353872
1.41901190575287
1.4185326733023114
1.417806899357882
1.4195442329351238
1.4141443611150823
1.4155929087724388
1.4158773059941792
1.41450052814505
1.4146831560584194
1.4147033909822866
1.414511343223335
1.414319197840572
1.4144892860682445
1.4140628530047474
1.4139692358227138
1.4142994252009098
1.4120765514993057
1.412282060183005
1.409543666248284
1.4097188916398709
1.4095977223070366
1.4148281873240387
1.4138185308800484
1.4212018069512815
1.4211905433782066
1.4163555224396045
1.415319623684377
1.4120634650145063
1.412278518762721
1.4148835761413108
1.4190052784299947
1.4200612413073983
1.4206196728660618
1.4198158327514794
1.4193364835478035
1.4186105505156343
1.4203482960944687
1.4149471295573783
1.4163959898224172
1.4166804734631326
1.415303333266512
1.4154859913850866
1.4155062425621845
1.4153141664797955
1.4151219686027832
1.4152920743977238
1.4148655774365182
1.414771952566019
1.4151022256982706
1.4128787834747387
1.4130843848680892
1.4103452837396262
1.410520541570634
1.4103993800457404
1.415631106157143
1.4146212264435203
1.421795814634737
1.4217845184885525
1.4169472068292581
1.4159106964931951
1.4126530028070412
1.4128680742219406
1.415474367771085
1.419598154695036
1.4206547166061922
1.4212134080587067
1.420409138470326
1.4199295513440289
1.4192032100619654
1.4209418485985628
1.4155379449035614
1.4169876332545681
1.4172722117734964
1.4158944608535249
1.416077248264791
1.41609747887659
1.4159052575338884
1.4157129796257282
1.4158832343938152
1.4154564176107194
1.4153627053905584
1.4156931334982532
1.41346866061286
1.4136742487569722
1.4109338963828677
1.4111092689163076
1.4109879463250918
1.4162223048115028
1.4152118624499161
1.421500376575071
1.4214890318762265
1.416650176308663
1.415613135809629
1.4123544150439842
1.4125694161172622
1.4151765447341969
1.41930186544878
1.4203589275297732
1.420917789577971
1.420113183037058
1.4196334249900269
1.4189067457406477
1.4206460541393908
1.4152401316071348
1.4166905164072794
1.416975119903418
1.4155969981223728
1.4157799144271979
1.4158001017247077
1.415607729490337
1.4154154084120134
1.4155858303653264
1.4151586830273852
1.4150648699493182
1.415395401042755
1.4131702557287917
1.4133757268759009
1.410634576571298
1.4108100573400728
1.4106885249573495
1.415924807726921
1.4149139039308158
1.4211795706195076
1.4211682020936212
1.416327526986108
1.4152900097773649
1.4120300691579024
1.4122450905908073
1.4148532009622277
1.418980167615065
1.4200376980961689
1.420596766931803
1.4197918229094109
1.4193118766909867
1.4185848779968753
1.4203248904474075
1.4149168071536293
1.4163678390688905
1.4166525209252705
1.4152739109060872
1.4154569266975316
1.4154770999255033
1.4152846163856114
1.4150922309094063
1.415262766056518
1.4148353735273502
1.4147414942963317
1.4150721486008548
1.4128461829136685
1.4130516518496528
1.4103095041780074
1.4104850736768917
1.410363421145088
1.4156017832871157
1.4145904388992356
1.4196575956385484
1.4196462464019488
1.414802323312659
1.4137642293332744
1.4105020937824557
1.4107173427229995
1.4133272011446407
1.4174568065752053
1.418514949049796
1.4190743976309774
1.4182689615723685
1.417788704012299
1.4170612810842134
1.418802392205659
1.413390856333086
1.4148427218688338
1.4151276341758132
1.413748057896653
1.413931154235311
1.4139513708052305
1.4137588117361746
1.4135662862753038
1.4137368682684628
1.4133093053454056
1.4132154056118127
1.4135462832604857
1.4113188015148246
1.411524517676544
1.40878048415492
1.4089561401589255
1.4088345084482992
1.4140762335087285
1.4130642937351614
1.4200690163626293
1.4200576638162925
1.4152162418963559
1.4141786432697485
1.4109181947134934
1.4111333041547052
1.4137418156288892
1.4178693331263612
1.4189269624713814
1.419486120605181
1.4186810840615256
1.4182010708412138
1.4174740018645233
1.4192142374106735
1.4138054357962373
1.4152565993483295
1.4155413511057122
1.4141625012242516
1.4143455174148283
1.4143657133917908
1.4141732354832541
1.4139808131460658
1.4141513300810973
1.413723948284885
1.413630082562111
1.413960788856334
1.411734464935858
1.4119400376196067
1.4091974366328175
1.4093730125987993
1.4092514087921795
1.4144904790260557
1.4134790334247314
1.419503508139195
1.4194920337619201
1.4146477996571265
1.4136090872513152
1.4103467773104048
1.4105616553671243
1.4131716902901945
1.4173021632213079
1.418360824675728
1.4189202878091434
1.4181145778893696
1.4176342400782487
1.4169064766443435
1.4186480177251422
1.4132353203604628
1.4146879261448522
1.414972674473625
1.413593200247081
1.413776503631716
1.4137965837353486
1.4136037644573256
1.4134112770075278
1.4135821823044397
1.4131540540349181
1.413059951891378
1.413390843931741
1.411163323098776
1.4113685470026398
1.4086245495913998
1.4088003615332771
1.408678248501216
1.413921012212116
1.4129086228990115
1.421072147926753
1.4210606657019866
1.4162138652448195
1.4151745947114345
1.4119105569799142
1.4121255434045676
1.4147369611848875
1.4188696308988902
1.4199288596173367
1.4204886188363544
1.4196824789138365
1.4192018859294355
1.41847373276822
1.4202162009964245
1.4148006245495666
1.4162540090859028
1.4165389056759194
1.4151587033489597
1.4153421066193468
1.4153621954024318
1.4151692704502432
1.41497668174158
1.4151476820202102
1.4147193192924177
1.4146251645041708
1.4149562317453206
1.4127275323058424
1.412932857746347
1.4101874096529199
1.410363316792004
1.4102411323360464
1.4154866835112516
1.4144737523929272
1.4207989461988608
1.4207875203742466
1.4159448301777218
1.4149066479348815
1.4116453650734615
1.411860313471803
1.4144695133270826
1.4185984524675648
1.4196566137521471
1.4202159062898796
1.4194105333226372
1.4189303664322503
1.4182029409656611
1.4199438121843138
1.4145331336568905
1.415985042992141
1.4162697663437036
1.4148906629782334
1.4150738374693093
1.4150939608872308
1.4149012925008777
1.414708848221243
1.4148795863329287
1.4144517886182524
1.414357787332618
1.4146885763872392
1.412461727982844
1.4126670688837117
1.4099238694029697
1.4100995731095118
1.4099776698689583
1.4152185092966982
1.4142065814181117
1.4196539413727955
1.4196424733304283
1.4147991164040992
1.413760610965744
1.410498890553719
1.4107137428649266
1.4133233048656497
1.4174530092525346
1.4185114635741272
1.4190708261329352
1.4182652697100055
1.4177850205678197
1.4170573989683228
1.4187986138092825
1.4133869244133432
1.41483924502432
1.4151239480287956
1.4137447170699626
1.413927980580123
1.4139480617617728
1.4137552858796874
1.413562831561239
1.413733695223047
1.413305662883425
1.413211584499417
1.4135424168574051
1.411315295820387
1.4115204998591482
1.408776992057754
1.408952767214168
1.408830692496702
1.4140724828402504
1.4130602900065445
1.4222887674540463
1.4222773579384247
1.4174435847921862
1.4164072932210559
1.4131520168307252
1.4133665548099004
1.4159709505745999
1.420092309824766
1.4211485398197112
1.4217068016960566
1.4209029032506264
1.4204236186331984
1.4196975214362813
1.4214351992111227
1.4160344526472832
1.4174837131190103
1.417767905267867
1.4163913485511344
1.4165741931797498
1.416594274306083
1.4164019512656638
1.416209863256874
1.4163802988561347
1.4159532684139822
1.4158594327509348
1.4161896124491393
1.4139668683862114
1.4141718119675082
1.411433671727068
1.4116090574025686
1.4114873606257625
1.4167185765661876
1.4157084973728933
1.4204405581099873
1.4204291799394573
1.415590128822832
1.4145528999994095
1.4112940568456254
1.4115089645247116
1.4141162008710206
1.418241848134994
1.4192990726193553
1.419857951582215
1.419053253577932
1.4185734630303306
1.4178466764532058
1.4195861395682816
1.4141797825639004
1.4156303976689188
1.4159149642999986
1.4145368374108043
1.4147198129286414
1.4147399644856389
1.4145475187103287
1.414355203226457
1.414525714950545
1.4140984076183223
1.414004538638591
1.4143350812710394
1.4121098736130901
1.4123152189362067
1.409574014189551
1.409749540435874
1.4096278774934812
1.4148645581763084
1.413853511481273
1.4205511123668657
1.4205397182167858
1.4157014139125843
1.4146642665070257
1.411405931290034
1.4116207509608139
1.4142275862043587
1.4183526826236974
1.4194098082441424
1.4199685979088361
1.4191639924258173
1.4186842688801042
1.4179575525855577
1.4196967926050157
1.4142911539212915
1.4157416373894793
1.4160261341195564
1.4146482470926396
1.4148312222113446
1.4148513510193519
1.4146588996126852
1.4144666209897976
1.4146371509259652
1.4142098328607875
1.4141159503728122
1.4144464410155597
1.412221591590901
1.412426833166253
1.4096860817347405
1.4098616015139664
1.409739889846389
1.4149758624373678
1.4139649169557764
1.4203952507257287
1.420383886123588
1.4155444941922612
1.4145072560473049
1.4112481793231473
1.4114631465720857
1.414070565514881
1.4181964337762734
1.4192536806253644
1.419812601418197
1.4190078723971773
1.4185280537653937
1.4178012499349368
1.4195407988117663
1.414134155059077
1.4155847975983649
1.4158694053241228
1.4144911593551477
1.4146741252037163
1.4146942940919611
1.4145018633891522
1.4143095285423795
1.4144800161986315
1.4140527408986001
1.4139588879899354
1.4142894546940648
1.4120640783101353
1.412269496477799
1.4095280741472471
1.409703596047528
1.4095819792276723
1.4148189476375475
1.4138078741522777
1.4208773467299654
1.4208659405240807
1.4160296662084895
1.4149928792845816
1.4117359158996876
1.411950593378194
1.4145563360903508
1.418679783273609
1.4197365263981256
1.4202950787218518
1.4194907807614694
1.419011251804284
1.418284800655971
1.4200233540061085
1.4146198731841308
1.4160698356395147
1.4163541883379671
1.4149769052235357
1.415159830000232
1.415179931719522
1.414987527518583
1.4147953363861117
1.4149658370434994
1.4145386254745027
1.4144447558006366
1.41477510685329
1.4125512049651783
1.4127562920244454
1.4100167192491697
1.4101921849626946
1.4100704602818814
1.4153043310488596
1.4142937576833234
1.4219933293943803
1.421981871326099
1.4171465542715913
1.41610973253749
1.4128534290676682
1.4130678967052217
1.4156731275377115
1.41979602057851
1.4208527507432922
1.4214111832153213
1.4206069478173584
1.4201274922791967
1.4194010571149638
1.421139404751951
1.4157366393508566
1.4171865962717216
1.4174708133977887
1.4160938858199823
1.4162768593421566
1.4162968971542007
1.416104423222112
1.4159122920431588
1.4160828948276458
1.4156555338306482
1.4155615973096947
1.4158918799936417
1.413668463502143
1.413873290086437
1.411134351915498
1.411309845826334
1.411187939258021
1.4164210794816057
1.415410538853793
1.4212488884773233
1.4212374566472452
1.4164035531349657
1.4153671360142428
1.4121117780318193
1.4123262537481998
1.4149307213324822
1.419052298282242
1.4201086365460993
1.4206669096988855
1.4198629502778757
1.4193836439934011
1.4186574752446532
1.4203952561637165
1.4149942199517933
1.416443633960103
1.416727801532254
1.415351241410088
1.4155341255140448
1.4155541828133704
1.4153618107456576
1.4151697264665029
1.415340221912947
1.41491308480794
1.4148192118771163
1.4151493992679955
1.4129266136424108
1.4131314733410454
1.4103932968059028
1.4105687127997693
1.4104469289831836
1.4156784101991122
1.4146682357398643
1.421652583950456
1.4216410908979034
1.416803889120426
1.4157665279018192
1.4125089637821335
1.4127234206479173
1.4153296691446837
1.419454316973533
1.4205115696728825
1.4210702145705678
1.4202656112033358
1.4197859566602578
1.4190591662753773
1.4207982695362642
1.4153931985496069
1.4168438793538793
1.4171281625518344
1.4157507450331739
1.4159338377796387
1.4159538496086401
1.4157612398573838
1.4155690461453665
1.4157397920472437
1.4153121325275924
1.4152181112197992
1.4155485209611696
1.4133242633151197
1.413529045746958
1.4107890920616253
1.4109646898617534
1.4108426196244699
1.4160779718582632
1.4150669430056981
1.4209081430333992
1.4208966762190502
1.4160608879838001
1.415023931378572
1.4117673127462846
1.4119817776908956
1.4145872629394545
1.4187105946772653
1.4197674554756898
1.420325941054132
1.4195216136638529
1.419042108374462
1.4183155844050672
1.4200541209480297
1.4146507791505434
1.416100917042261
1.4163851506862994
1.41500810062328
1.4151911039515268
1.4152111352678103
1.415018627380929
1.4148264805687103
1.414997119132545
1.414569683504884
1.414475725787221
1.4148060402355234
1.4125824134553873
1.4127872290015666
1.4100480369520298
1.4102235568351886
1.4101016093496324
1.4153353025757696
1.4143246398917697
1.4226318097413828
1.4226205290056155
1.4177942295682382
1.4167600331603323
1.4135097585734113
1.4137243085082678
1.4163246695256513
1.4204391184734113
1.4214933124645448
1.4220507302764838
1.4212482732203424
1.4207697737890552
1.4200450616988123
1.421779768550168
1.4163880995045373
1.4178345412109257
1.418118456783876
1.4167438581278446
1.4169262455969707
1.416946418741968
1.416754614464574
1.4165627784528578
1.4167326715061495
1.4163067818231851
1.416213266673608
1.4165429419884552
1.4143235417624052
1.414528620012192
1.4117945236819773
1.4119695089594915
1.4118484233386774
1.41707092387602
1.4160627499487586
1.4223961901468007
1.422384894330059
1.4175572465334745
1.4165227082869853
1.4132715290087132
1.4134861019961398
1.416087190351939
1.4202028465409402
1.4212573782985432
1.4218149497915038
1.4210122472462006
1.4205336093947498
1.419808666664936
1.421543888662106
1.4161506352513449
1.4175975431019976
1.4178815205172175
1.416506556108261
1.416689013257934
1.4167091788291533
1.4165172972010298
1.416325412424699
1.416495382892441
1.416069322648914
1.4159757625430955
1.4163055293046736
1.4140855189940376
1.4142906060708138
1.4115557662521547
1.4117308142874554
1.4116096494348032
1.4168336763420506
1.4158251838792018
1.4220355052145148
1.4220241632562742
1.4171945655536986
1.4161594250479084
1.4129069443237254
1.413121475407985
1.4157236173378533
1.419841137164702
1.4208962455913272
1.4214540351481655
1.4206509341458025
1.4201720864559122
1.4194467527295365
1.4211827819227159
1.4157870781023503
1.417234786604702
1.4175188178034568
1.41614336175093
1.4163259578625638
1.4163460855372372
1.4161540435762991
1.415962098131721
1.4161322416404454
1.415705829542837
1.415612166016291
1.4159420636816293
1.413721191435114
1.413926192418104
1.4111903189376995
1.4113654860214753
1.411244113979963
1.4164704855351706
1.4154614572145925
1.4218451930041915
1.421833822396587
1.4170032171495057
1.4159677441266665
1.4127145922815052
1.412929086848483
1.415531773520281
1.4196502795909518
1.4207057034193167
1.4212636048272038
1.4204602893524159
1.419981331326544
1.4192557842139295
1.4209922427911688
1.4155952413539805
1.4170433885663274
1.4173274405126732
1.415951737787003
1.4161344132484521
1.416154516018101
1.4159623816339326
1.4157704067876398
1.4159406517786508
1.4155140370882882
1.415420312534434
1.4157502775748216
1.413528963969702
1.4137339009351335
1.4109975015501806
1.4111727357377857
1.4110512383418983
1.416278848539962
1.4152695284740306
1.4216947597705907
1.4216833828280788
1.416851900402533
1.4158162204122375
1.412562479038191
1.412776999350681
1.4153801589448254
1.419499433559725
1.4205550645209175
1.4211130665034122
1.4203095975317797
1.419830550836973
1.4191048618899502
1.4208416467070286
1.4154436373011003
1.4168920696868594
1.4171761669575027
1.4158002209641218
1.4159829363000451
1.4160030379916768
1.4158108602115709
1.4156188522339286
1.4157891388600434
1.4153624282397812
1.415268679926395
1.4155987046491574
1.4133769912480905
1.4135819480786254
1.4108450590838262
1.4110203300568946
1.4108987943464117
1.416127377911828
1.4151178613664979
1.4218021824633453
1.4217909192197136
1.4169655621438215
1.4159316354781677
1.4126819912161788
1.41289654653692
1.4154963987221654
1.4196099702759
1.42066390299975
1.421221214598861
1.4204189415273534
1.4199405415985245
1.4192160071186057
1.4209503361580111
1.4155598199051627
1.4170058996698474
1.4172897822068538
1.4159154285212485
1.41609775637823
1.4161179425147483
1.4159262061469384
1.4157344014017543
1.4159042228963503
1.4154784824747133
1.4153850097185563
1.4157146215046916
1.4134956418559164
1.4137007421819319
1.4109671536089141
1.4111420869417821
1.4110210831554537
1.416242477687692
1.4152345478728061
1.4206802486897656
1.4206688247071793
1.415837487547273
1.4148016285541232
1.41154799836231
1.4117623657107563
1.4143654504377894
1.4184848306046607
1.419540601604491
1.4200985786716749
1.419295049253408
1.4188159981422144
1.4180902191207774
1.4198270728924345
1.41442891576269
1.415877551019053
1.4161615703299597
1.4147857383082096
1.4149685225264148
1.414988571146287
1.4147963047527403
1.4146043217324504
1.4147747221971758
1.4143478195504404
1.4142539992643237
1.4145840114544164
1.4123624044353444
1.4125671625973397
1.409830436744383
1.4100057575410427
1.4098840451483536
1.4151127388999776
1.414103106245949
1.4205696944328872
1.420558286429851
1.4157262024575208
1.4146902620465074
1.4114361239179014
1.4116505792746543
1.4142540651044508
1.4183739961159576
1.4194298659797038
1.4199879323450542
1.419184310405523
1.4187051922924412
1.4179793429884258
1.4197164198557004
1.4143175444052989
1.4157663112984922
1.4160504005104018
1.4146743286263737
1.4148571132437113
1.414877184612575
1.4146849238503838
1.41449290396911
1.4146632862217556
1.4142363943079752
1.4141425875301035
1.414472651709896
1.4122506864575337
1.4124555483672938
1.409718369199194
1.4098936964629507
1.4097720327954455
1.4150014346389181
1.413991700771445
