1.434242525141602
1.4332452775878208
1.4330369589048761
1.4326234158440867
1.4321215709273936
1.432153753791376
1.4319714881055126
1.4320665621971718
1.4321985576183955
1.431537040530611
1.4317201809558775
1.4317291498026987
1.4313877480653796
1.4320234390333442
1.431342780985102
1.4313263917511974
1.4315973205193242
1.4294383150312193
1.429458631259623
1.4293710487419782
1.428877808175377
1.434589999647914
1.4335931870106113
1.433384933818119
1.4329716467581488
1.4324700196236977
1.4325021809041878
1.4323199878431068
1.43241500527667
1.4325469565753564
1.4318856986119108
1.4320687623241566
1.4320776862602944
1.4317364530783387
1.4323718739429334
1.431691486042308
1.431675123709644
1.4319459276592519
1.4297879323456306
1.4298081973901646
1.4297206308454264
1.4292276546235054
1.434946026080098
1.433949681498495
1.4337415936406874
1.4333282991519851
1.4328269104364244
1.4328590767197094
1.4326769874911083
1.432772000780234
1.43290385431557
1.4322429850864824
1.4324259544304059
1.4324349833782188
1.4320938580469713
1.4327289615515566
1.4320489642413476
1.4320325569776429
1.4323032515147158
1.4301460867871234
1.4301664550456494
1.4300789888100423
1.429586112930485
1.4346533848789258
1.4336604668224668
1.4334530550028064
1.433041299983085
1.432541633904245
1.4325736777798235
1.4323922040562735
1.4324868668619606
1.4326182879287572
1.4319596456302
1.432141990654895
1.4321509245388908
1.4318110030726037
1.4324439335304937
1.4317662331115404
1.431749913115476
1.4320196663066214
1.429870027375765
1.4298902595056917
1.4298030593774875
1.4293119554152887
1.4353673216065208
1.4343751190695633
1.4341670620898268
1.4337579740440163
1.4332586341718245
1.4332904184558928
1.4331088604269984
1.4332029789248177
1.4333347264898515
1.4326756384415271
1.4328579510008885
1.432865593827125
1.4325265334536077
1.4331592312784904
1.4324811826769543
1.4324654933774144
1.4327348434418867
1.4305889028869885
1.4306077943201798
1.4305199607122359
1.4300307532939407
1.4328419372090138
1.4318429085652913
1.4316342031152474
1.4312199653381208
1.4307172234966483
1.4307494594617414
1.4305668642671279
1.4306620993490946
1.4307943383114858
1.4301316227138232
1.4303150920602976
1.4303240531469048
1.4299820530689509
1.4306188835211937
1.429936994328985
1.4299205872804692
1.4301919960651936
1.4280291743647202
1.4280495023312758
1.4279617505017255
1.4274676575593008
1.4318269713387382
1.4308278847013773
1.4306190045239275
1.4302052277485164
1.4297024497929085
1.4297346392319996
1.4295519894239146
1.4296471326069806
1.4297794654407934
1.4291165230255973
1.4293000232688509
1.42930872199133
1.4289668281465233
1.4296037412978848
1.4289216413307773
1.4289053599887536
1.4291767418130048
1.4270142343923289
1.4270342921626264
1.4269463927446833
1.4264525868063107
1.431916512442151
1.430917544889916
1.4307087122864024
1.430294917189461
1.4297922001283665
1.4298243924797998
1.429641770580315
1.4297369160093765
1.4298692210498
1.4292063839188196
1.4293898594665362
1.429398593812082
1.429056723135911
1.4296935539937303
1.4290115592019013
1.4289952621376005
1.4292666175715916
1.4271043065731441
1.4271243997968064
1.42703653072716
1.4265427396242334
1.4320934566675088
1.4310947190007217
1.4308859565840208
1.4304721907014073
1.4299695902701772
1.4300017817997215
1.4298192079155152
1.42991434470815
1.430046607572
1.4293839486069464
1.4295673791774144
1.4295761472885027
1.4292343381257677
1.4298710162106627
1.4291892016586918
1.4291728911079058
1.4294441899098818
1.427282316653006
1.4273024421839309
1.4272146127268217
1.4267208922953671
1.4339760398128312
1.4329784432884756
1.4327700068447826
1.4323564528911954
1.4318544304501248
1.4318866112236543
1.4317042696139122
1.4317993500960025
1.4319314154871887
1.431269614949262
1.4314528250473135
1.4314617245055254
1.4311202380861352
1.431756164120566
1.4310752206571868
1.4310588606320451
1.4313298724224475
1.4291702327705418
1.4291904812383183
1.4291028287598393
1.4286095026863206
1.4337074165025918
1.4327094627228572
1.4325008835573574
1.4320873845683606
1.4315851794437504
1.4316173514802548
1.43143492614471
1.4315299998888174
1.4316621486601682
1.4310000322695953
1.4311833164542573
1.4311921090432709
1.4308505531179718
1.43148672603303
1.4308054670438137
1.4307891541855053
1.4310602451466863
1.4289000162280947
1.4289201583357778
1.428832414812409
1.4283390442325514
1.433794819624537
1.4327969766451232
1.4325884200925005
1.4321749686393623
1.431672819250103
1.4317049875523773
1.4315225823235087
1.4316176451851963
1.4317497795733618
1.4310877360644993
1.4312709999674502
1.4312797906989407
1.430938273118441
1.4315743755541168
1.4308931916294798
1.4308768810069634
1.4311479417263893
1.42898795412714
1.4290080930887217
1.428920358829594
1.4284270440857616
1.433445207136757
1.4324469209560595
1.4322382739519262
1.4318246323553565
1.4313222600246933
1.431354443263888
1.4311719576083128
1.431267063999681
1.4313992559205877
1.4307369208848821
1.4309202659146782
1.430929064076263
1.4305873931165636
1.4312237774697694
1.430542293286815
1.4305259737211287
1.4307971554075776
1.4286362025309578
1.4286563540769446
1.4285685827608539
1.428075044672921
1.4336178753991793
1.4326198025343182
1.432411175794882
1.431997695127416
1.4314954291082922
1.431527598232455
1.4313451449883086
1.4314402164864222
1.4315723930511615
1.4309101713763726
1.431093480256572
1.4311022372225197
1.4307606581285843
1.4313969133371849
1.4307155491726895
1.4306992520366584
1.4309703693880993
1.428809944047279
1.4288300507015974
1.4287422768299327
1.4282488914146285
1.431080628778701
1.4300818414030814
1.4298729292200316
1.429459558481746
1.4289569270955436
1.4289890787456567
1.4288064580499038
1.4289015160720524
1.429033859397121
1.4283710060170385
1.4285544630704599
1.42856300629801
1.4282212881922585
1.4288580371621125
1.4281760419459422
1.4281598391435775
1.4284311148365771
1.4262695109623844
1.426289404896517
1.4262014489350718
1.4257079745070897
1.432165893919178
1.4311672090590732
1.4309582945278436
1.4305450371828041
1.4300424563727896
1.4300745976421019
1.4298919892511008
1.4299870232624148
1.4301193656145015
1.4294565527136245
1.4296399938991602
1.4296484977885975
1.4293068332038097
1.4299435235084403
1.42926157324615
1.4292453906376485
1.4295166322373956
1.4273553145796603
1.4273751667682257
1.427287198986965
1.426793821395587
1.4337798537542612
1.4327819527812091
1.4325732215011797
1.4321602310497574
1.431658045546363
1.4316901673226354
1.4315077074802947
1.4316026784430824
1.4317349067026697
1.4310726363762734
1.431255931176003
1.431264459543366
1.4309230481960131
1.4315592333308083
1.4308778386312722
1.430861653715248
1.4311326874742
1.428973014154749
1.4289928829200722
1.4289050010725521
1.4284119733327711
1.4313449761260044
1.4303465294361526
1.430137710052794
1.4297244160646938
1.4292219570437068
1.4292541041377014
1.429071551563903
1.429166590067205
1.429298876832515
1.4286362745000698
1.4288196662945314
1.4288282414301008
1.428486623182585
1.4291231489001313
1.4284414089883994
1.4284251949353424
1.42869638375457
1.4265354589412915
1.426555382036586
1.4264674749519186
1.425974127031433
1.432428103285013
1.4314297508258715
1.4312209041332746
1.430807789395808
1.4303053757918474
1.4303375058584689
1.4301549577874972
1.4302499591515512
1.4303822583540824
1.429719664098338
1.4299030444387393
1.429911542755606
1.4295699932052182
1.4302064720717018
1.4295247470031485
1.4295085711020248
1.429779721976504
1.4276191282767965
1.4276389710270592
1.42755103103852
1.4270578209552172
1.4339525220166836
1.4329548343594674
1.4327461233441354
1.4323332938218167
1.431831214629962
1.4318633222912025
1.431680894860291
1.4317758309298236
1.4319080438332434
1.431245886867764
1.4314291455178971
1.4314376326896228
1.431096313208034
1.4317323691982238
1.431051094517146
1.4310349320307776
1.4313059014547216
1.4291467556710693
1.4291665795447261
1.429078695141631
1.4285858200744785
1.4296945886137844
1.428696585125217
1.4284878561933685
1.4280747523487
1.4275725162691169
1.4276046484261906
1.4274221762790984
1.4275171712527202
1.4276494004852893
1.4269870896796875
1.427170400347303
1.4271789680527789
1.4268375031844633
1.42747374698448
1.4267923073310638
1.4267761022211771
1.4270471700733813
1.4248872105374744
1.424907121048364
1.4248192510206594
1.424326126444274
1.4309546599981515
1.4299569806257408
1.4297482945714672
1.4293353991917597
1.4288333251590681
1.4288654394668798
1.4286830198378926
1.4287779690358402
1.4289101685290566
1.428248043966082
1.428431298202389
1.4284398228547046
1.428098488196952
1.4287345323729814
1.428053287802604
1.428037107358165
1.4283080806336057
1.4261488899528398
1.4261687524259616
1.4260808891069223
1.4255879730391916
1.434061304953308
1.433063810944468
1.4328553721525945
1.4324419315922532
1.4319399597273719
1.431972130120099
1.431789800815109
1.4318848572863654
1.4320169217045688
1.4313551616458486
1.4315383558760137
1.4315472159961131
1.4312057830976863
1.4318416504668945
1.4311607519573948
1.4311444121261159
1.4314153898232662
1.429256036387817
1.4292762431100265
1.4291885788117331
1.428695349574818
1.4342403871601337
1.4332431313215466
1.4330347876775442
1.4326213104741434
1.4321194603982876
1.4321516366156988
1.4319693631279113
1.432064424091155
1.4321964329225823
1.431534883432293
1.4317180282713848
1.4317269596376163
1.4313855730764615
1.4320212758585853
1.431340587699644
1.4313242164238094
1.43159514134044
1.4294361807494487
1.4294564583783873
1.4293688547766867
1.4288756552106645
1.4343277902820788
1.4333306452438128
1.433122324212688
1.4327088945451447
1.43220710020464
1.4322392726878206
1.43205701930671
1.4321520693875338
1.4322840638357754
1.4316225872271975
1.4318057117845777
1.431814641293286
1.431473293076931
1.4321089253796724
1.43142831228531
1.4314119432452677
1.431682837920143
1.429524118648494
1.4295443931313312
1.4294567987938713
1.4289636550638745
1.4345728957961703
1.4335760168804232
1.4333675639994663
1.4329548037986004
1.4324531353908523
1.4324852434987685
1.4323029880222913
1.43239790042854
1.432529959008851
1.4318684418253669
1.4320515408482166
1.4320601649396376
1.4317190531669923
1.432354568544866
1.431673939758642
1.4316577210905408
1.431928494228179
1.4297708580914694
1.4297908143402798
1.4297030791230934
1.429210430905802
1.434577171759106
1.43358030941297
1.4333719064541295
1.4329590145384876
1.4324573564490637
1.4324894778501234
1.432307237977495
1.4324021766405726
1.4325342084004773
1.431872756022003
1.4320558462172017
1.4320645452698022
1.4317234031448292
1.4323588948943828
1.4316783263295587
1.4316620717453168
1.4319328525859467
1.4297751266550096
1.4297951601027503
1.4297074670536767
1.4292147368352277
1.434112280398116
1.4331161242779333
1.4329079818016488
1.4324950458142136
1.4319937479327065
1.4320258801612447
1.4318437999382987
1.4319387389489269
1.4320706173587043
1.4314097642830192
1.431592710718822
1.431601586029229
1.4312605980922368
1.4318956078946965
1.4312156402708467
1.4311993093110085
1.431469927958585
1.4293134254581334
1.4293336330265953
1.4292461009832451
1.4287535007780536
1.434201821501529
1.4332057844664725
1.4329976895641239
1.4325847352551584
1.4320834982681647
1.4321156334090444
1.431933581094699
1.432028522351322
1.4321603729677117
1.4314996251762415
1.4316825469165075
1.4316914578499809
1.4313504930816245
1.431985420590542
1.4313055581419711
1.4312892114598552
1.4315598037171715
1.4294034976389494
1.4294237406607757
1.4293362389657223
1.4288436535959768
1.4348436570878773
1.4338471437123148
1.4336388585142232
1.4332259774913787
1.4327244969263324
1.432756620417845
1.432574456469096
1.4326693887417419
1.4328013505316843
1.4321401816033519
1.432323202125766
1.4323319705669746
1.4319909131240736
1.4326261698071605
1.431945886657474
1.4319296028644686
1.4322003006828237
1.4300432089156867
1.4300633101240554
1.429975687035815
1.429483042324284
1.4331911315941894
1.4321950531351055
1.4319868334274668
1.4315742084054408
1.4310729456226363
1.431105047530657
1.4309229562066896
1.4310178318212408
1.4311497494886454
1.4304888396846516
1.4306717834940457
1.4306805070245705
1.4303396181370334
1.43097460471675
1.43029459171468
1.4302783348229153
1.4305489078227511
1.4283928262300987
1.4284128762545976
1.428325269139264
1.427832888772412
1.4343085484488673
1.4333113288473516
1.4331027831667047
1.4326899462156526
1.4321881054426895
1.4322202181067238
1.4320378945082926
1.432132826433388
1.4322649415734574
1.4316031733423356
1.4317863376241462
1.4317949298075472
1.4314537181766662
1.4320894568068467
1.4314085727161854
1.4313923652987766
1.431663225310185
1.4295049101125625
1.4295248372002105
1.4294370531062464
1.4289442783814579
1.4340399251386284
1.4330423482817334
1.4328336598792795
1.4324208778928178
1.4319188544363144
1.431950958363325
1.4317685510390898
1.4318634762262026
1.4319956747464369
1.4313335906626685
1.4315168290310893
1.4315253143452924
1.4311840332085035
1.4318200187193104
1.4311388191028118
1.431122658852236
1.4313935980344248
1.4292346935701155
1.42925451429767
1.4291666391588158
1.4286738199276892
1.4331230522976375
1.4321255696714519
1.43191685395976
1.4315042512239327
1.4310022731844558
1.4310343600840927
1.4308519572626852
1.4309468453105492
1.4310790562680042
1.430416980260937
1.4306002071752977
1.4306086156707978
1.4302674032311362
1.4309033418908808
1.430222157117561
1.430206035018919
1.4304769362563592
1.4283183629056206
1.4283381032881435
1.4282501952454176
1.4277575138514735
1.4334769407483539
1.4324799178930634
1.432271342554997
1.4318587982478248
1.431357053468077
1.431389138723937
1.4312068319330848
1.4313017027080968
1.4314338293124047
1.4307721096371906
1.4309552465970545
1.4309637226236398
1.4306226332108505
1.4312582663247453
1.4305774420311428
1.43056129295953
1.430832080932939
1.428674383065343
1.4286941880623925
1.4286063592447418
1.4281138191937401
1.4340077734244276
1.4330114402254794
1.432803075447853
1.4323906187836641
1.4318892238935084
1.4319213066837027
1.431739143938684
1.4318339888044187
1.4319659888790057
1.4313048037015705
1.4314878057296898
1.431496383052903
1.4311554781804217
1.4317906529755422
1.4311103694015146
1.4310941798704466
1.4313647979478088
1.4292084133049265
1.4292283152237661
1.429140605243727
1.42864827720714
1.4337412880956568
1.4327446059261346
1.4325361233877592
1.4321236558307728
1.4316220834162399
1.431654164115981
1.4314719254470833
1.4315667767032496
1.431698846747799
1.4310373781202217
1.431220449821126
1.4312289577557304
1.4308879682011766
1.4315233780627643
1.4308428090735996
1.4308266487512942
1.431097349850932
1.4289403310442501
1.4289601652024613
1.428872385261588
1.4283799717180838
1.4338286912176013
1.4328321198484004
1.4326236599229023
1.432211239901774
1.4317097232225922
1.4317418001881035
1.4315595816258824
1.4316544219996283
1.431786477660992
1.431125081915126
1.4313081333343185
1.4313166394113996
1.4309756882016462
1.4316110275838514
1.4309305336592657
1.4309143755727527
1.4311850464306348
1.4290282689432952
1.4290480999554063
1.4289603292787727
1.4284679715712936
1.4312870866420067
1.4302911521224655
1.430083054871936
1.4296702139562167
1.4291690275454119
1.429201152305489
1.4290191122958964
1.4291140295416846
1.4292458791850922
1.4285851718728286
1.4287680777452085
1.4287769493405686
1.4284360380931764
1.429070906936871
1.4283910894421794
1.4283747629539267
1.428645321117991
1.4264893012562252
1.426509502532485
1.426421989017616
1.4259295004844743
1.4302763967346666
1.4292804207910976
1.4290721987352781
1.4286596871064987
1.4281584748998835
1.4281905664271015
1.4280084874078869
1.4281033390116031
1.4282352557060258
1.4275743863812378
1.427757314322746
1.427765998515158
1.4274251631485846
1.4280600910630783
1.427380123014888
1.4273638863169862
1.42763442522357
1.4254786298473743
1.4254986381263062
1.4254110191911575
1.4249187356609094
1.4282018215015293
1.4272057844664727
1.4269976895641232
1.426584735255159
1.4260834982681645
1.4261156334090441
1.4259335810946991
1.426028522351322
1.426160372967712
1.4254996251762417
1.425682546916507
1.4256914578499813
1.4253504930816248
1.4259854205905425
1.4253055581419711
1.4252892114598557
1.4255598037171722
1.4234034976389498
1.423423740660776
1.4233362389657218
1.422843653595977
1.4296560229551791
1.4286592382701424
1.4284507580799468
1.4280381771297148
1.4275365541389928
1.4275686452195355
1.4273863942458862
1.4274812695128865
1.427613340530418
1.4269518314236351
1.4271349189924254
1.4271434662651428
1.426802423189626
1.4274378917164356
1.4267572777733915
1.4267410972572232
1.4270118324501126
1.4248545274269744
1.4248744033307523
1.4247866352096952
1.4242941248295862
1.4293916756078764
1.4283945502370705
1.4281859772471848
1.427773319546767
1.4272715241908305
1.4273036198274915
1.4271213007318873
1.4272161955177343
1.4273483230950241
1.4266865629406036
1.4268697157683536
1.4268782311330523
1.4265370881992994
1.4271727799784166
1.4264919107309348
1.4264757414654592
1.4267465635321201
1.4245885794480677
1.4246084261906835
1.4245206091928477
1.4240279723052423
1.4297455640585923
1.4287488984586816
1.4285404658424223
1.42812786657066
1.4276263044744517
1.4276583984673359
1.427476175402287
1.427571052915282
1.427703096139425
1.4270416923168576
1.4272247551901112
1.4272333380858946
1.4268923181790132
1.4275277044122814
1.4268471956445163
1.42683099940607
1.4271017082087
1.4249445996077903
1.4249645109649325
1.4248767731921719
1.4243842776475093
1.4299225082839504
1.4289260725694868
1.428717710140041
1.428305140082606
1.4278036946162618
1.4278357877872576
1.4276536127374873
1.4277484816140555
1.4278804826616254
1.427219257004984
1.427402274900989
1.4274108915623154
1.4270699331688703
1.4277051666292138
1.4270248381013069
1.4270086283763754
1.4272792805469896
1.4251226096876515
1.425142553352057
1.4250548551918336
1.4245624303186428
1.4327541979766458
1.431756197585927
1.4315471667732018
1.4311349666104347
1.4306327191970947
1.4306647612145063
1.4304822077490718
1.4305770211708877
1.4307094103529112
1.4300467511964572
1.4302300989620942
1.4302381775623811
1.4298969483289947
1.4305332752337065
1.429851519205772
1.4298355497865922
1.4301065373275903
1.4279474027735068
1.4279668083452446
1.4278786734890518
1.4273861377562158
1.430818001310262
1.4298213885170339
1.4296128037862452
1.429200713052056
1.4286991705770644
1.4287312143097164
1.4285489567378729
1.4286437314695475
1.4287758541819264
1.4281142964235365
1.4282973699118566
1.42830568858599
1.4279648132570553
1.4286002117100598
1.4279195672319742
1.427903498935813
1.4281741505362147
1.4260175975344447
1.426037235549228
1.4259493594523152
1.4254572067477294
1.4346346431405002
1.4336377756074075
1.4334290458066317
1.433017123430279
1.4325154488479366
1.4325474734627617
1.432365144469867
1.4324598884527242
1.4325920935722865
1.4319302604404551
1.4321133921475007
1.432121564614322
1.4317806733004432
1.432416259968852
1.4317353449188086
1.4317193439833433
1.4319900406612718
1.4298331846092722
1.4298526745183961
1.429764695556778
1.4292725951824568
1.4334512849707381
1.432454162697782
1.4322452878270187
1.431833533808502
1.431331727118809
1.4313637326158073
1.4311813322018616
1.431276045435902
1.4314083329626468
1.430746224457374
1.4309294143831452
1.4309374406426547
1.4305965333438317
1.431232308227644
1.4305511226056435
1.4305351890308746
1.430805930786329
1.428648771684101
1.4286681134875645
1.4285800316612411
1.4280879836171854
1.4320588308614175
1.4310624676210968
1.4308537011183609
1.4304424115656247
1.429940984705065
1.4299729507693086
1.4297906754982508
1.4298852862985207
1.4300174999633752
1.4293558368250687
1.4295388936065108
1.4295468319021771
1.4292062233692804
1.429841528525736
1.4291608081343898
1.4291449261263098
1.4294154484864812
1.4272600684138792
1.4272793109957045
1.4271912518509529
1.4266996766602305
1.4334190512643554
1.4324245405793758
1.4322166873741389
1.4318045961393475
1.4313041239697823
1.4313361868917243
1.4311543926650787
1.4312491421825766
1.4313808316649816
1.4307210070099488
1.430903658047731
1.4309124305341072
1.4305720481214412
1.4312060243614844
1.430527122484923
1.4305108609781139
1.43078101829636
1.4286282253802765
1.4286483085582913
1.428560873310438
1.428069192646781
1.4317986774848688
1.4308033580584205
1.430595246718808
1.430183086162564
1.4296822032088925
1.4297142656841584
1.4295322995030788
1.4296270726838596
1.4297589164893743
1.4290984520523464
1.4292812627174112
1.429289898284093
1.4289493081624831
1.429583825014842
1.428904277243427
1.4288880719183512
1.4291584255229033
1.4270041229598776
1.4270240737627373
1.426936489328976
1.426444581815458
1.4320587488692356
1.431063753558945
1.4308556850969072
1.4304437330056243
1.4299430120988441
1.4299750567248481
1.4297931430618733
1.4298878704669804
1.4300196845331419
1.4293594063387416
1.4295421605724976
1.4295507530860199
1.4292102931749728
1.4298446104033447
1.429165257714967
1.4291490770553394
1.4294193360831282
1.4272658023752436
1.4272857051403351
1.4271981274152394
1.4267064284103759
1.4304319611453447
1.4294361322391684
1.429227730759581
1.4288159069190098
1.4283147597506374
1.4283467839902495
1.4281646749670671
1.4282593866502145
1.4283913952700942
1.4277303800861845
1.4279133071886998
1.4279216503407577
1.427581028249259
1.4282159215324268
1.4275358326170957
1.4275197620134121
1.4277902057730187
1.4256352971095332
1.4256549517010741
1.4255671615379024
1.4250753586849132
1.4316341430457142
1.430641150426006
1.4304335139568225
1.430022351653593
1.429522639142294
1.4295546231987273
1.4293730792578567
1.4294676239078148
1.4295991656664386
1.4289402317453384
1.4291226164944633
1.4291312130531517
1.4287914281723395
1.429424464957668
1.4287464935424163
1.428730335168985
1.4290000536966643
1.4268508188398332
1.4268707035745707
1.4267833136898627
1.426292578732872
1.4321992654174567
1.4312057270809493
1.4309980025084361
1.4305865366685295
1.4300865506396374
1.4301185600137931
1.4299369233414632
1.4300315355319366
1.4301631357962838
1.4295038698691345
1.4296863516129905
1.4296949949398867
1.429355003158911
1.4299883805269922
1.4293100638995435
1.429293876389079
1.429563749977033
1.4274132636263757
1.427433202691084
1.4273457875692288
1.4268547324315337
1.4317515599003916
1.4307574261382523
1.4305494636960607
1.4301380894638047
1.4296377989623466
1.4296697937747942
1.429488017559459
1.4295826185199614
1.4297143577512506
1.4290545654030222
1.4292371706245635
1.4292456358361287
1.428905528211973
1.4295393170477648
1.4288604745439215
1.4288443656448457
1.4291143711840983
1.4269629027222972
1.4269826645201842
1.4268950976568446
1.4264039683419183
1.4334443709315485
1.43245109871756
1.432243242295215
1.4318324459219856
1.43133258582585
1.4313645308247405
1.431182892057045
1.4312773665729435
1.4314090309693597
1.4307497244673038
1.4309321806766304
1.4309405185862387
1.4306007632489735
1.4312340236921857
1.4305556913728756
1.4305396542343518
1.4308094062850698
1.428660003069351
1.4286796239000321
1.4285920678984507
1.4281015082734618
1.4338835245227415
1.4328908145951635
1.432683096198264
1.4322724716469364
1.4317728953867175
1.4318048283610303
1.4316232979286418
1.431717731160854
1.4318493102311405
1.4311904005401437
1.4313727509270875
1.4313811170296684
1.431041538240239
1.431674434472379
1.4309965075866653
1.4309804636690335
1.4312500683624683
1.4291018268463491
1.42912147054599
1.4290339819496678
1.428543660504226
1.4334636947569417
1.4324691291761726
1.432260799362652
1.4318500728114776
1.4313495531940212
1.4313814794502984
1.4311995492918388
1.4312940253586302
1.4314259686619115
1.4307655688384928
1.4309482878710749
1.4309563088881352
1.4306162683435448
1.4312504103874026
1.4305709813614236
1.4305550812518135
1.4308251312983802
1.4286734776439178
1.4286927856865224
1.4286049380217896
1.428114133205733
1.4318561488662627
1.430860824252858
1.4306523860713103
1.4302411950543554
1.4297402956077656
1.4297722612967971
1.4295902059954504
1.4296847844960112
1.4298168016611832
1.429155956470799
1.4293388086477103
1.4293469176286138
1.4290065783180967
1.4296411900893113
1.4289612958326772
1.4289453441563784
1.4292156135982286
1.4270621809141404
1.427081588178383
1.4269937178320777
1.4265024401626873
1.4317559178555095
1.430760432732951
1.4305518221721776
1.4301409787636927
1.4296399926267789
1.4296719221706102
1.4294897999510403
1.4295843105635353
1.4297164225731105
1.4290553100859864
1.4292382090275624
1.429246094982451
1.428905808384118
1.4295405615196735
1.4288604115342614
1.4288445653705921
1.4291148419452206
1.4269614373244737
1.4269806161380243
1.4268926100231423
1.4264015225211994
1.4325789736301515
1.4315832586221453
1.431374577874559
1.430963705251746
1.4304626024849683
1.4304945328506884
1.43031236261584
1.430406881864761
1.4305390360509103
1.4298777453978588
1.4300606893166838
1.4300685415060297
1.4297281933942605
1.4303630993027407
1.4296827690774703
1.4296669364002863
1.4299372696069301
1.4277834272446122
1.4278025737508997
1.4277145280234804
1.427223369850066
1.4335468219159506
1.4325523505658917
1.4323439934431323
1.431933446142592
1.4314329719421623
1.4314648811710657
1.4312829555154338
1.4313773944429764
1.4315093501834788
1.430848958436761
1.431031666015283
1.43103961021364
1.430699638366178
1.431333733558973
1.4306543193761732
1.4306384574184965
1.4309084695203145
1.4287571469794234
1.428776374676996
1.4286884941083913
1.428197827129517
1.4332867505315832
1.4322919550653672
1.4320835550650333
1.431672799299531
1.4311721630522107
1.4312040901303764
1.4310221119566395
1.4311165966598562
1.4312485821397114
1.4305880041503662
1.4307707681601969
1.4307787554117137
1.4304386533536884
1.4310729481704703
1.4303933389046328
1.4303774522815078
1.43064755896009
1.428495467564057
1.428514743299398
1.4284268560221276
1.4279359805345992
1.4331055303432896
1.4321104884220148
1.4319019683127518
1.4314913150476978
1.4309905518521888
1.4310224664590998
1.4308404246662356
1.4309348917490503
1.4310669462258847
1.430406125265603
1.4305889430803338
1.4305968216051288
1.4302566883859953
1.4308911596040208
1.4302113098769258
1.4301954726564272
1.4304656282640316
1.4283131889206555
1.4283323551498017
1.428244386091883
1.4277535219340403
1.4348749725968695
1.433882229530069
1.4336744112889381
1.4332640501671614
1.4327644532702943
1.4327963596583202
1.4326147980182338
1.4327091787367883
1.4328408114478874
1.432181772146871
1.432364140189117
1.4323723563693394
1.4320328382845657
1.4326657817733448
1.4319877344448315
1.4319717623594812
1.4322413516469314
1.430093289719268
1.4301127790210477
1.430025206088501
1.4295350486453735
1.4321736096398414
1.4311799718856681
1.430971947780458
1.4305612722292067
1.4300612242903692
1.4300931539056636
1.4299114236102402
1.4300058782597416
1.4301376394465257
1.4294779846893182
1.4296605193990812
1.4296687129589016
1.429328903291892
1.4299624224298906
1.4292837444740443
1.4292677724604232
1.4295375998304236
1.4273876522451339
1.4274071281162564
1.4273194599857286
1.426828896854979
1.4339923894515476
1.4329985052423158
1.4327903610281765
1.432379787977373
1.4318796130903473
1.431911530234387
1.4317297363198365
1.4318241733489354
1.4319560035326995
1.431296105804555
1.431478694319218
1.4314867791523165
1.431146938324198
1.4317806338634411
1.4311017154463368
1.431085792835342
1.4313556691343656
1.4292053736017314
1.4292247399666604
1.4291369900554836
1.4286464382544195
1.4325999353422263
1.4316068101656303
1.4313987743195178
1.430988665734496
1.4304888706766032
1.4305207483878883
1.4303390796162256
1.430433414211555
1.4305651705334277
1.4299057181722499
1.430088173542584
1.430096170411839
1.4297566283496475
1.4303898541615332
1.4297114009750838
1.4296955299307774
1.4299651868345176
1.4278166703315105
1.4278359374748
1.427748210245196
1.4272581312974655
1.4326873384641716
1.431694324087896
1.4314863108546618
1.4310762498054976
1.4305765104829555
1.4306083844600106
1.4304267357950244
1.4305210595079334
1.4306528014466213
1.4299934219671542
1.4301758570557765
1.4301838520675083
1.429844348350117
1.43047750368262
1.4297991255607503
1.429783256752236
1.4300528834142208
1.4279046082305555
1.4279238722277448
1.4278361542623808
1.4273461311506757
1.4320691026661523
1.4310752878332145
1.4308670414266622
1.4304568451986566
1.4299567002511715
1.429988580428122
1.4298067676106259
1.4299011281152336
1.4300330109668267
1.4293730241078695
1.4295556144099488
1.4295635099825754
1.4292237833800767
1.4298574675107365
1.429178473604712
1.429162643019861
1.4294324698196479
1.4272826400919267
1.4273018103134263
1.4272139642462103
1.4267236732840656
1.4361988473148526
1.4352078159616997
1.4350004866800807
1.4345904434518437
1.4340917135402156
1.4341236037942195
1.4339423905658295
1.4340366868185679
1.43416802332067
1.4335102716603447
1.433692308993966
1.4337007221948748
1.4333616882251154
1.4339935036381999
1.433316762942574
1.4333007166456904
1.4335698754157797
1.4314251638955722
1.431444837602628
1.4313575301380272
1.4308679642318045
1.4357575557421915
1.4347659538178226
1.4345584615496998
1.4341483123569496
1.4336492934502416
1.4336811890822532
1.4334998597166306
1.4335941841246416
1.4337256193630759
1.4330674384891868
1.4332495860590166
1.4332579335863624
1.432918738244932
1.4335509296832478
1.432873753443327
1.4328577318836209
1.4331270341594968
1.4309812058368039
1.4310008180754346
1.430913422121518
1.430423659036327
1.4372948023626695
1.4363039149490595
1.4360967081245504
1.4356864490026193
1.4351877954629906
1.4352197085690515
1.4350385466550366
1.4351328845390114
1.4352641530171162
1.4346066038485217
1.4347886032451294
1.4347971645108726
1.4344581081812577
1.4350898058583204
1.4344132606700732
1.434397144776701
1.4346662887110195
1.4325216389216986
1.432541463880515
1.4324542500163797
1.4319645759438666
1.4344079432544121
1.4334158981287595
1.4332083154091257
1.4327979760729443
1.4322987342248326
1.4323306447937638
1.4321492350014353
1.4322436029391266
1.4323750957103023
1.4317166233095697
1.4318988520062454
1.4319072069636856
1.4315678582430553
1.432200331598901
1.431522855100662
1.431506824597786
1.4317762478406855
1.4296294542406225
1.4296490790636567
1.4295616460527785
1.429071659623487
1.4369876133938257
1.4359975875283666
1.4357904867237041
1.4353808054607995
1.4348825823264932
1.4349144456189975
1.4347334211526213
1.434827632591993
1.4349588262352253
1.4343017629128025
1.4344836132971952
1.434492047260982
1.434153343218258
1.4347845125027407
1.4341084774990278
1.434092433366207
1.4343613238119899
1.432218739268752
1.432238423260364
1.4321512202579847
1.431662115875409
1.4360943403411641
1.4351031319092458
1.4348955803262846
1.4344860164212938
1.4339871895010174
1.4340190303166778
1.4338377345662148
1.4339319366740593
1.4340633948409713
1.4334053110788962
1.4335874040048338
1.433595519218548
1.4332565683133
1.4338885487190456
1.4332114920732413
1.4331955872051276
1.4334647454050033
1.4313201517423648
1.4313395197997985
1.4312520343985085
1.4307627406608907
1.437166777592833
1.4361756219675978
1.4359679182701073
1.4355588629026907
1.4350600556036306
1.4350918461590583
1.4349105159018007
1.4350046152283245
1.4351361528834727
1.434477915185575
1.43466001872658
1.434667869718644
1.4343290633913417
1.4349610560168238
1.4342838636606998
1.4342680867348712
1.434537187732518
1.4323931496690194
1.4324122443840934
1.4323246206586522
1.4318356697611105
1.433307712243659
1.4323155066088524
1.4321077515099927
1.4316977597822818
1.4311984312438462
1.4312303056675766
1.4310488289570245
1.43114312900665
1.4312747166222286
1.4306159769247573
1.4307982523860978
1.4308063843175232
1.4304670883090758
1.431099703029263
1.4304219708022463
1.4304060458119994
1.4306754761876774
1.4285287106509557
1.4285481070232984
1.428460538243843
1.4279707419819987
1.4352267230661178
1.4342344314854065
1.4340267286568436
1.4336164918211103
1.4331171230248099
1.4331490211224869
1.4329675477110313
1.4330618980283196
1.433193459796475
1.4325347444248067
1.432717026926381
1.4327252731570996
1.4323858932753608
1.4330185430324511
1.4323408260729549
1.4323248449727042
1.432594317144627
1.4304471755972206
1.4304666909140604
1.4303791761225326
1.4298892010229272
1.4338278550123933
1.432836297609901
1.4326286282661904
1.4322190534684025
1.4317200490237492
1.431751887748956
1.4315705160746146
1.4316647245728902
1.431796252709764
1.431137885497547
1.43132004809627
1.4313280939213753
1.4309890583340554
1.4316212738062677
1.4309439317453267
1.4309280560859756
1.4311972973081264
1.4290520694816882
1.4290713697784934
1.4289838144163702
1.4284944351718338
1.4356316689538233
1.434639807102635
1.4344318429225889
1.434022831626964
1.4335236641199873
1.4335554438479374
1.433373953940997
1.4334680529199706
1.433599743925245
1.4329409069245582
1.4331231542249592
1.4331308289592162
1.432791868443934
1.4334243430165095
1.4327465497194112
1.4327308491691786
1.4330001123598795
1.4308548508658954
1.4308737714602486
1.430785986729083
1.4302969058182846
1.4340686845635482
1.4330773767139648
1.4328695255983062
1.4324607519819712
1.4319618631517497
1.4319936242085485
1.431812234834992
1.4319062794018642
1.432037898491213
1.4313794258990802
1.4315615717909247
1.4315692372375632
1.431230468446281
1.4318625906219444
1.4311851726477427
1.4311694832764725
1.4314385952583935
1.4292945403611228
1.4293134452249703
1.4292257068150085
1.4287369050843355
1.4366187590728339
1.4356282154428417
1.4354207995371464
1.4350115208473022
1.4345130283391325
1.4345448467494117
1.4343636716390085
1.4344578084523318
1.4345891803201323
1.4339315338483227
1.4341135050839913
1.434121609152565
1.4337828883161166
1.4344144458455672
1.4337378395872384
1.4337219481338805
1.433990924883221
1.431847779136638
1.431867128317465
1.431779698501619
1.4312907397801518
1.438706162194779
1.437715729365108
1.4375083360722898
1.437099104918304
1.4366006681454846
1.4366324828215344
1.4364513278178077
1.436545453748711
1.436676811233326
1.4360192376432277
1.4362011885971848
1.436209290808235
1.435870608316586
1.4365020953666543
1.4358255641729043
1.4358096749553393
1.436078621462924
1.433935717035684
1.4339550630704097
1.433867642518804
1.4333787396333624
1.438529217969421
1.4375385552543023
1.437331091774671
1.4369218314063577
1.436423278003674
1.4364550935016123
1.4362738904826082
1.436368025049937
1.4364994247111256
1.4358416729551007
1.4360236688863057
1.4360317373318137
1.435692993326729
1.4363246331497221
1.4356479217161142
1.4356320459850338
1.4359010491246338
1.4337577069558223
1.433777020683285
1.4336895605191422
1.4332005869622293
1.4353861453371275
1.4343965243467747
1.4341890873074543
1.4337808291568233
1.4332827918343534
1.4333145168174155
1.4331334524497819
1.433227373165595
1.4333587362765559
1.4327014541176002
1.4328832825422964
1.4328910325678519
1.4325527934200768
1.433183822962524
1.4325076212891095
1.432491911580518
1.4327605814905895
1.4306200116921164
1.4306389851628445
1.4305514489686597
1.4300633617766272
