1.4272461953926685
1.4273926154419083
1.426816865087988
1.4242298001386546
1.423994774463715
1.4236870916438096
1.4245344680985799
1.4231627177882284
1.423373170159869
1.423257876553662
1.421856236637315
1.4211512878543657
1.4215810116911165
1.42157911167128
1.4223301316271133
1.4221510876028982
1.4214282227497455
1.4212479150343758
1.4219309134149514
1.4272311800355166
1.4271220681330254
1.4279321544292145
1.4264735182421515
1.426546572237141
1.427398555811512
1.4247059294787057
1.424853324446458
1.4242752047531988
1.4216762669338674
1.4214395187903686
1.421130440973373
1.4219834299278542
1.4206059939412445
1.4208162508088018
1.4207009245717266
1.419291649722775
1.4185837360631024
1.419016827780171
1.4190154895818206
1.4197683112589536
1.4195892929657523
1.4188624913501853
1.4186824907717954
1.4193689044152344
1.4246921683658307
1.4245816406666385
1.4253958103073638
1.4239313450730253
1.4240048865151205
1.4248605009209563
1.4234798074315673
1.4236272269820192
1.423048933571684
1.4204492797207529
1.420212500411009
1.4199033365378306
1.4207564693197245
1.419378621582315
1.4195889978120972
1.4194736135374388
1.4180640140245984
1.4173558910261743
1.4177890282297103
1.417787659481164
1.41854077558518
1.4183616631423623
1.417634694047219
1.4174545838554788
1.4181411717598982
1.42346597253279
1.4233554627879843
1.424169837399932
1.422704922928083
1.4227784765813003
1.4236343414861918
1.4258064019605632
1.4259534210666776
1.4253768274375358
1.4227847065055548
1.4225485564977607
1.422240289982018
1.423091102739229
1.4217173013322328
1.4219269655038524
1.4218119593765046
1.4204063383291066
1.4197002910844065
1.4201322963416296
1.420130981895209
1.4208817705975245
1.4207032519257576
1.4199783347035144
1.4197988465126397
1.4204834696875932
1.4257927238858439
1.4256824536309995
1.426494500715274
1.425033907394367
1.4251072613399074
1.4259606216054534
1.4262611727822194
1.4264081003024587
1.4258318310163733
1.4232411974604635
1.4230051983131418
1.4226971082759257
1.4235473917229675
1.4221743640703468
1.4223839356331291
1.4222689836558275
1.420864197839231
1.4201585492810396
1.4205902733624651
1.4205889460628989
1.4213393431896906
1.4211609067421518
1.4204364202525592
1.4202570079923915
1.4209412316298369
1.4262474709988933
1.4261372858416823
1.4269488582484704
1.4254890823930026
1.4255623906181052
1.4264152678786757
1.4240426083696276
1.424189721047472
1.4236125468959726
1.4210179955291233
1.4207817182032578
1.4204731601563587
1.4213245187449235
1.4199493401157839
1.4201593706060098
1.4200441840830973
1.418637420819319
1.41793067205408
1.4183628783788482
1.4183614793139017
1.4191132123873849
1.4189344024794146
1.4182088960702275
1.4180290737582923
1.418714297817942
1.4240287240875908
1.4239184841771992
1.4247312392231075
1.4232691499780015
1.4233425504606259
1.4241967516622007
1.42470089857154
1.4248480905439103
1.4242706789078925
1.4216749981807726
1.4214385855775562
1.4211298940802217
1.4219817100652496
1.4206059635571342
1.420816026975085
1.420700815320918
1.4192933791582827
1.418586336375911
1.419018801133243
1.41901743019654
1.4197694076321055
1.4195905625747147
1.4188647091726652
1.4186848657366982
1.4193704022033657
1.4246870748910614
1.4245767409058427
1.4253898681436274
1.4239271860518368
1.424000626149338
1.4248551851063607
1.4245576772465431
1.424704916398458
1.4241274135075899
1.421531243776066
1.4212947452979596
1.42098599674089
1.4218380838595586
1.4204621173176113
1.4206721457502436
1.4205569442664265
1.4191491657615933
1.418442007135748
1.4188746429742685
1.4188733084088458
1.4196253219025323
1.419446497557885
1.4187204676509761
1.4185406631786608
1.4192263468201016
1.4245439359101848
1.424433522391653
1.4252468262877325
1.4237839241796841
1.4238573878827816
1.4247120899068624
1.4221381201810752
1.422285331189718
1.4217074621699144
1.4191100466766646
1.4188736446858208
1.418564742414192
1.4194166763124072
1.4180398506800687
1.4182503586191932
1.4181349399459484
1.4167268780266145
1.4160192919063677
1.416451680177008
1.4164501589112795
1.4172030696922921
1.4170238831858557
1.4162977068583658
1.4161174460930281
1.4168033671965985
1.4221239407554291
1.4220137726625837
1.4228273475933795
1.4213634613982356
1.421436910725346
1.4222921139231428
1.4236783184522532
1.4238254180513892
1.4232479327457719
1.4206522869686613
1.4204160696576276
1.4201073772271342
1.4209586674660644
1.4195827575578446
1.4197931646562008
1.4196778064158164
1.418270747951998
1.4175636340225435
1.4179956765092447
1.4179941353583094
1.4187465934732781
1.4185674979784246
1.4178418391318013
1.4176616595781792
1.4183471030424866
1.4236641001676111
1.4235540406911056
1.424367047896446
1.4229041273784122
1.4229775210813658
1.4238321518353254
1.4248491733512967
1.4249962333031694
1.4244188667398117
1.4218237856428368
1.421587635970478
1.4212790102652022
1.4221300718059011
1.4207544458371693
1.4209648364716627
1.420849490796906
1.4194427687825162
1.4187358018616274
1.4191677151320472
1.41916615991699
1.4199184958509177
1.4197394179307739
1.419013932580582
1.4188337635889756
1.4195190508497748
1.4248349247658754
1.4247249123267829
1.425537733436186
1.424075109341494
1.4241484832370095
1.425002935113245
1.4244345544086436
1.4245813998611434
1.4240052262262215
1.421415212663318
1.4211793696826556
1.4208713507368185
1.4217211638302851
1.4203483703699282
1.4205580715844595
1.4204430702476665
1.4190388067835213
1.4183332852429005
1.4187646899051831
1.4187632745879581
1.41951374681195
1.4193352218641162
1.4186110046444542
1.4184314596503091
1.419115476068697
1.4244206510441266
1.4243106339307356
1.425121955506543
1.423662395064837
1.4237356621843076
1.4245883785602893
1.4256657073629468
1.4258127312281295
1.4252360232530414
1.4226434686295282
1.422407321274827
1.4220990020655109
1.4229498443010187
1.4215757731129661
1.4217855484148796
1.421670490532762
1.4202647130461896
1.4195585299670204
1.419990516102571
1.4199891640738935
1.4207401861125708
1.4205615820785429
1.4198365841249392
1.4196569916017217
1.4203417109359013
1.4256519403519359
1.4255417115701847
1.426353870577712
1.4248929762309666
1.4249663324839095
1.4258198538096492
1.4254094250143814
1.4255565083504584
1.4249796222619813
1.422386220618265
1.4221499718055506
1.4218415525084076
1.4226927377912628
1.4213182406939788
1.4215280406916866
1.4214129639611273
1.4200066818004122
1.4193002782083934
1.419732458168367
1.4197311272358724
1.4204823325461113
1.4203037021500182
1.4195784439517676
1.419398835585526
1.4200837892249694
1.4253957034545393
1.4252854041166672
1.4260978422681014
1.424636503286343
1.4247098892504433
1.4255636788927692
1.42726622623698
1.4274130689162665
1.4268367534479902
1.424246230517822
1.4240104084264678
1.4237023271215747
1.4245521272579285
1.4231790001108597
1.4233888639048655
1.4232737880773252
1.4218693740667756
1.421163685526594
1.421595029202296
1.4215935539956557
1.4223443456789298
1.4221656970813814
1.4214414021387878
1.4212617032866317
1.421945824892982
1.427252181892831
1.4271422387484332
1.427953681685135
1.4264937438105076
1.4265670094392218
1.4274199226860627
1.42695467674032
1.4271015638259374
1.4265250152694557
1.4239334939676198
1.4236976068906828
1.4233894061669992
1.4242394644798808
1.4228657836122682
1.4230757750004304
1.4229606348524928
1.4215557279533402
1.4208497565701232
1.4212812103404346
1.4212797116156597
1.4220308588163366
1.421852107281817
1.4211275581114315
1.4209477443649172
1.4216321183340022
1.426940573760658
1.4268306250519398
1.4276423660078328
1.4261818306840248
1.4262551184275798
1.4271083716123383
1.4267561882672293
1.426903107467828
1.4263264126816784
1.4237342510239746
1.4234983145445779
1.4231900374301938
1.4240402820058977
1.4226662532931413
1.4228763125943473
1.4227611371448048
1.4213558996889932
1.4206497501321171
1.4210812912538033
1.4210797842859912
1.4218311397906305
1.4216523323939474
1.4209276127355581
1.4207477389013603
1.4214322781026898
1.4267420635450057
1.4266321002947742
1.4274440367842467
1.4259831286300129
1.426056432382848
1.4269099002559962
1.423386844895095
1.4235338358579372
1.422956876099861
1.4203635094061537
1.420127455885622
1.4198190356553204
1.4206696951920776
1.41929503469469
1.419505178372802
1.4193899550560263
1.4179840505941277
1.4172775758550258
1.4177093335443691
1.4177078323976424
1.4184595183872843
1.4182806375537285
1.4175555739109038
1.417375629427007
1.41806049006409
1.4233727287310884
1.4232627039019303
1.4240750220209204
1.4226134446129184
1.422686784182472
1.4235406456217337
1.4255300662200912
1.4256770100033889
1.4251001415001632
1.4225072638108598
1.4222712961652182
1.4219629329946517
1.4228133213977685
1.421438880934212
1.4216490595976428
1.421533826110517
1.4201282639908166
1.4194219050951888
1.419853491703343
1.4198519541853354
1.4206036041168568
1.4204247025705576
1.4196998154325922
1.419519831985044
1.420204545447354
1.425515867711965
1.42540592241612
1.4262180638768145
1.424756706485071
1.4248300224490273
1.4256837408212315
1.4240200282503406
1.4241670485549507
1.4235898007338519
1.4209952843170128
1.4207592022833293
1.4204506433032709
1.4213014761457385
1.419926134116494
1.4201365082871247
1.420021175177996
1.418614789613034
1.4179079697007122
1.4183397537548503
1.4183381844756713
1.4190903982285572
1.418911337883124
1.4181860260293635
1.4180058675997735
1.4186909986570626
1.42400574936414
1.423895783962461
1.4247084189759265
1.4232460913045766
1.4233194453926536
1.4241737183911651
1.4250476618243877
1.4251946896612793
1.424617469327589
1.4220230285864823
1.4217869283165832
1.4214783790020074
1.4223292542798842
1.4209539761562962
1.4211642988777455
1.421048988504595
1.4196425970468636
1.4189358082996342
1.419367634218679
1.4193660872466582
1.4201182148766243
1.4199391928186438
1.4192138779564556
1.4190337690525325
1.4197188910810867
1.4250334349815281
1.4249234370839494
1.4257360626597724
1.424273811395506
1.4243471692817415
1.4252014064695875
1.4241908831493841
1.4243378638067317
1.4237607347278916
1.4211667829911883
1.42093076859618
1.4206222763413392
1.421472880485575
1.420097822395819
1.420308180102587
1.420192859559086
1.4187868104435528
1.4180801375397967
1.418511792377653
1.4185102090343524
1.4192623006061975
1.4190832578354733
1.4183581194781445
1.4181779716105702
1.4188629464643507
1.4241765739624046
1.4240666555981396
1.4248791045156664
1.423417073267659
1.4234904075482977
1.4243445016690852
1.426326546839835
1.4264733197427315
1.4258970130670805
1.4233067521141198
1.4230710706063014
1.4227630173646961
1.4236124190611812
1.422239320230976
1.4224493733578434
1.4223342191520203
1.4209301651619775
1.4202244989699913
1.420655545969784
1.420653967470387
1.4214049814643024
1.4212261972916507
1.4205020878791996
1.420322201486391
1.4210062030041741
1.4263122640215433
1.426202497898159
1.4270137924894917
1.425553845409871
1.4256270760385132
1.426479953650294
1.4257034478465147
1.4258503095620734
1.4252735367100116
1.4226812790137149
1.422445467534732
1.4221371754555445
1.422987093505086
1.4216128872337928
1.4218231955489733
1.4217079127023557
1.4203028729351068
1.4195966410570504
1.4200279082460612
1.4200262827103947
1.4207780077391161
1.4205990176925223
1.4198743998244874
1.4196942836429616
1.4203787898862148
1.425689047757198
1.4255792705051729
1.4263911611348872
1.4249300191569056
1.4250032940152293
1.4258568515028451
1.4261858522422186
1.426332629904183
1.4257562088825861
1.423165514238093
1.4229298353833675
1.4226217294481889
1.4234711606229704
1.4220977920117093
1.4223079562688705
1.4221927503082779
1.4207885398790603
1.4200827378526055
1.4205137657307252
1.4205121496490718
1.4212633969793491
1.4210845274444361
1.4203603373006246
1.4201803465754734
1.420864444252482
1.4261714804876355
1.426061755837344
1.4268731623519295
1.4254129142464707
1.425486147182515
1.4263391858544894
1.4270175240705554
1.4271642989593063
1.426587736104355
1.4239965320925967
1.4237608741271797
1.4234527058329454
1.424302124050614
1.4229284217526412
1.423138748589277
1.4230234681379368
1.4216191071623145
1.4209131381362978
1.4213441050278384
1.4213424290567696
1.422093995846329
1.4219150026617013
1.4211907347949577
1.4210105902117962
1.4216947930767667
1.4270030113363397
1.4268933606550414
1.427704888530522
1.4262442629921412
1.4263174944374297
1.4271707299802634
1.4221482045430012
1.4222955337060734
1.4217169104468368
1.4191163484871194
1.4188797880119588
1.4185705081529913
1.4194231317099728
1.4180445171046903
1.418255510724646
1.418139853618254
1.416730324818651
1.4160218278391137
1.4164544626637665
1.4164528262293163
1.4172069758083792
1.4170274039161228
1.4163004709221136
1.416119766422365
1.4168064626716121
1.4221337451241358
1.4220236253301293
1.422838113193781
1.421372281836928
1.4214457899122446
1.422302084545126
1.4226080062718227
1.4227554468444013
1.4221764398709793
1.4195741081951225
1.4193373630401518
1.4190278733400492
1.4198811405563154
1.418501610226914
1.4187127046876382
1.418596987148386
1.4171864548932673
1.4164774857229383
1.4169104663315295
1.416908849782286
1.4176634520273932
1.4174837891235534
1.416756338648678
1.4165755529372137
1.417262726825724
1.4225935857119538
1.4224833573016067
1.4232984128907142
1.4218316158567517
1.4219051795562243
1.4227620466329434
1.4238341283189613
1.4239815443088404
1.4234027110524945
1.4208010954082373
1.4205643814195117
1.4202549777755913
1.421108101164445
1.4197289825858437
1.4199399576843428
1.4198242981826734
1.4184140905914437
1.4177053307598666
1.4181382658819897
1.4181366798829422
1.4188909877011664
1.4187114189469432
1.4179841359516434
1.4178034598535303
1.4184904594810601
1.423819781544995
1.4237095351802609
1.4245243857981464
1.4230580380016935
1.423131589490045
1.4239882060677078
1.4241180442415737
1.4242654082928403
1.4236867806372917
1.42108608768897
1.4208494569220416
1.4205401630314305
1.4213929858083465
1.4200143570446329
1.420225255998157
1.4201096380809068
1.4186999292710498
1.4179914211174154
1.4184242042800224
1.4184226194919505
1.4191766579156926
1.4189971538109876
1.4182701280519074
1.4180895173224857
1.4187762736160157
1.4241037040597795
1.423993495755266
1.4248080577916025
1.4233422310372466
1.4234157566125987
1.42427206906301
1.4228995023765765
1.4230467637491129
1.4224678931032015
1.4198666500618937
1.4196302537126708
1.4193208868643616
1.4201731285026586
1.4187939387464719
1.4190053954090573
1.4188895336788658
1.41748005791419
1.416771280448818
1.4172035384893085
1.41720170129043
1.4179566259757785
1.4177767094964422
1.417049803578284
1.4168686533475294
1.4175554308553973
1.4228845745676444
1.4227747472367371
1.4235893200391678
1.4221228010185618
1.4221962749104524
1.423052891839326
1.423183418299189
1.423330627733113
1.4227519626879983
1.4201516423426268
1.4199153292152011
1.4196060721202006
1.4204580131465598
1.4190793132052608
1.4192906937228713
1.419174873577099
1.4177658965937963
1.4170573708063667
1.4174894768873412
1.417487640899439
1.4182422961903047
1.4180624443604868
1.4173357956785477
1.4171547108164846
1.4178412449903528
1.4231684970824294
1.4230587078117423
1.4238729920326239
1.4224069940541149
1.4224804420330062
1.423336754834628
1.4233593041053982
1.4235066768874418
1.4229274225273447
1.4203244097698975
1.4200878287408638
1.4197782520514197
1.4206311373490013
1.419251031868696
1.4194625893720503
1.4193466672089976
1.4179361879888066
1.4172269383326428
1.4176595421570715
1.4176577248434004
1.4184131021947923
1.4182330947038735
1.4175056713048486
1.4173244398623785
1.4180116950095092
1.423344415155463
1.4232344792082157
1.4240496197361012
1.4225821350383854
1.422655664554433
1.4235128539271438
1.4227286474775325
1.422875948497332
1.4222969591091614
1.419695151387718
1.4194586873998198
1.419149253826293
1.4200017241628213
1.418622250467147
1.4188337235935953
1.418717849297776
1.4173080370836715
1.4165991126097335
1.4170314998665055
1.417029676731749
1.4177847235981385
1.4176047895440929
1.4168777101295025
1.4166965493367323
1.4173834830481091
1.4227137499693798
1.4226038756010593
1.4234186344994275
1.4219518190554794
1.4220253127548084
1.422882108561406
1.423680845179634
1.423827902358293
1.4232503939615802
1.420654803497341
1.4204186747142902
1.4201099866499585
1.420961035233545
1.419585075578101
1.419795628792069
1.4196802086265654
1.41827333606577
1.4175662021453206
1.4179980544291604
1.417996439324688
1.4187490947178978
1.4185698931480395
1.4178443300749153
1.4176640072252988
1.418349399674059
1.4236664556145797
1.4235565171444808
1.4243694596147785
1.4229064580871644
1.422979830491924
1.423834479239019
1.4232562346594049
1.423403348535745
1.4228255201922884
1.4202285733405813
1.4199923639888263
1.419683513477612
1.4205348921514327
1.4191581729000453
1.4193689133892817
1.4192533998845895
1.417845872103247
1.4171383506703863
1.417570335792069
1.417568681894364
1.4183218400184179
1.4181424884367806
1.4174165873960767
1.4172360948454263
1.4179218267874116
1.423241749565887
1.4231318145086609
1.4239451574837603
1.4224813338882112
1.422554734513372
1.4234098484479125
1.422658242512752
1.422805495154512
1.4222272512131486
1.4196283279809667
1.4193918818938482
1.4190827978443725
1.4199349769620033
1.4185572639224087
1.4187680620351641
1.418652504550775
1.4172437991964335
1.4165357632335904
1.4169682006122597
1.4169665959389808
1.4177201816966791
1.417540768603557
1.4168142603253429
1.4166337308076367
1.4173200094619036
1.422643863471961
1.422533763783788
1.4233477580946696
1.4218828970174227
1.4219563669686184
1.4228121069751927
1.4238290974117953
1.4239763104062921
1.4233981852071884
1.420799826655142
1.4205634482066989
1.4202544308824405
1.4211063813018405
1.4197289522017331
1.419939733850626
1.4198241889318648
1.4184158200269514
1.4177079310726746
1.4181402392350622
1.4181386204976616
1.4188920840743184
1.4187126885559058
1.4179863537741237
1.4178058348184333
1.4184919572691914
1.4238146880702252
1.423704635419466
1.4245184436344096
1.423053878980505
1.423127329124262
1.4239828902531124
1.42288436455989
1.4230315926189505
1.422453522394663
1.4198553151940811
1.4196189002732074
1.4193099022799138
1.4201619375701322
1.4187846362813372
1.4189953150318684
1.4188798155850622
1.4174714348946094
1.4167636082705182
1.4171960001627193
1.4171944260396363
1.4179477173704522
1.4177683984269462
1.4170420576283083
1.4168616377239525
1.417547742117239
1.4228700593050012
1.4227599416624417
1.4235737310021013
1.4221093191623646
1.422182776902438
1.4230382664099566
1.4235451814891824
1.423692446422292
1.4231141156223912
1.4205148343744092
1.4202783727041686
1.4199692456266013
1.4208214966579384
1.419443577742944
1.419654435536812
1.4195388490336311
1.418129981347345
1.417421840715126
1.4178543008370288
1.4178526808886527
1.418606413859792
1.4184269536918617
1.4177003616738595
1.417519777349478
1.4182061431342354
1.4235307655554406
1.4234206748444607
1.4242347716409534
1.422769685944952
1.4228431620017081
1.4236990272578096
1.42288689128727
1.423034076925854
1.4224559836104713
1.4198578317227604
1.4196215053298704
1.4193125117027379
1.4201643053376125
1.4187869543015934
1.4189977791677362
1.4188822177958105
1.4174740230083813
1.4167661763932953
1.4171983780826347
1.4171967300060146
1.4179502186150712
1.417770793596561
1.417044548571422
1.4168639853710723
1.4175500387488116
1.4228724147519698
1.4227624181158167
1.4235761427204334
1.4221116498711166
1.4221850863129957
1.42304059381365
1.4236658226948924
1.4238129480752226
1.423234634860573
1.4206358775670047
1.4203996970638366
1.4200906261128454
1.4209420802644441
1.4195642179831771
1.4197754544427685
1.4196597111830214
1.4182515635377495
1.4175434676019214
1.4179753343720052
1.4179735078381157
1.4187276854305377
1.4185479541124004
1.4178217331546847
1.4176407737489962
1.4183268993566205
1.4236509298128666
1.4235411931439128
1.4243549932496666
1.4228898891436799
1.4229632952002924
1.4238190891862725
1.4228366775939365
1.4229837633270042
1.4224055688546133
1.4198073762411805
1.419571263376687
1.4192622591509136
1.4201134846042816
1.418735906262502
1.418947126258231
1.4188313955641112
1.4174235843682679
1.416715635441006
1.4171473729948083
1.4171455323967967
1.4178995878081775
1.417719874064751
1.416993826603466
1.4168128777597937
1.4174988471639087
1.4228217544111312
1.4227120647795914
1.4235256787894068
1.4220608711067626
1.4221342573559361
1.422989872464193
1.4244321430132085
1.4245791324013328
1.4240013766179447
1.421405105072116
1.4211691404150024
1.420860365361329
1.4217110320262303
1.4203344972198824
1.42054551347648
1.4204298886871771
1.4190230691613095
1.4183156547550246
1.4187471302547021
1.4187453143858015
1.4194987448852967
1.4193191987283593
1.4185936627310856
1.4184128941504635
1.4190983678578442
1.4244172850580883
1.424307639051089
1.4251206664601654
1.423656977268798
1.423730315490132
1.4245852865332191
1.4239773721915523
1.4241244531655517
1.4235463730391076
1.420948614117207
1.420712498599621
1.4204035470674208
1.421254743042492
1.4198774344817677
1.4200885433472035
1.4199728644078533
1.4185652096511847
1.4178573965583916
1.4182891532338664
1.4182873502181117
1.4190411722931306
1.4188615439119652
1.4181355771820405
1.417954732670711
1.4186406059156003
1.4239625379450391
1.423852806840406
1.4246663089269682
1.4232018022701625
1.4232751862119337
1.4241306402599967
1.4222361812674982
1.422383160350127
1.4218052352459758
1.4192083786571494
1.4189724531255603
1.418663606047348
1.4195142173197275
1.418137284921012
1.4183485152062651
1.4182327931902372
1.4168258290107343
1.416118216439795
1.416549589087986
1.4165476910225119
1.41730152710421
1.4171218190101043
1.4163962082983264
1.4162152363340268
1.4169008242581043
1.4222211302894046
1.4221115907472979
1.4229247489549113
1.4214606059235386
1.4215339388559582
1.4223891425805701
1.425791402023417
1.4259382014948678
1.4253614649228399
1.4227695448794826
1.4225338557478204
1.4222256013974033
1.423075163442485
1.4217010493937117
1.4219114955925727
1.4217961571036497
1.4203914714641384
1.41968529309937
1.420116305477378
1.4201145989561137
1.4208664601725558
1.4206873728383116
1.4199629374919926
1.41978268329548
1.4204670604214311
1.4257768155032993
1.4256671827763874
1.42647891562309
1.4250178408471996
1.4250910845036096
1.4259445705454987
1.4210552420065283
1.4212021425819905
1.4206248529750136
1.41803057817252
1.4177947434865712
1.4174862072704804
1.4183363575823256
1.416960930217065
1.4171716912853505
1.4170561951368412
1.41565036138818
1.4149435126679655
1.415374767978425
1.4153729991457937
1.4161257186104828
1.4159463783274877
1.4152213507857976
1.415040811993893
1.4157257809758035
1.4210405013224336
1.4209308664440745
1.4217432978147695
1.4202808035217636
1.4203540975134157
1.421208388680668
1.427025104252696
1.4271717518800182
1.4265951197517794
1.4240040816786348
1.423768689297168
1.4234605341014184
1.4243092273530553
1.4229353758134093
1.4231461409968815
1.4230306747701833
1.421626871503631
1.4209208425046294
1.4213512387875842
1.421349340955905
1.422101499580188
1.4219221881705457
1.4211982076243
1.4210176331531565
1.421701682971484
1.4270100776772456
1.4269007900151667
1.4277121236855188
1.4262512551183981
1.4263244226691039
1.4271777121913436
1.4245954402777066
1.4247422294436622
1.424165323550871
1.4215728184645167
1.4213371684583782
1.4210288420834227
1.4218783487359823
1.4205038370948408
1.4207144973223578
1.4205990616067097
1.4191942313135633
1.4184878547841406
1.418918764310662
1.418916975592824
1.4196692423914694
1.4194899931200573
1.4187654830592331
1.4185850254790437
1.4192695168216916
1.4245806607346154
1.4244711344725969
1.4252829981178359
1.42382146950194
1.423894707869436
1.42474842659285
1.4231431961834304
1.423290034514785
1.422712781187842
1.420118844038287
1.4198831316996596
1.4195746332123393
1.420424427519724
1.4190490923769836
1.4192599913289494
1.4191444395381352
1.417738959917211
1.4170321647102841
1.4174631652097416
1.4174613153915128
1.4182141710439227
1.4180347334732777
1.4173098884533022
1.4171292116464116
1.41781405151102
1.4231282690685345
1.4230187787152888
1.4238310523029716
1.4223686252120566
1.4224418880017962
1.423296107723321
1.423773852811296
1.4239207629048949
1.4233432446060248
1.420748102420467
1.420512273040704
1.4202036314374655
1.4210538407059043
1.4196778737785316
1.4198888571074044
1.4197732574493565
1.418367110822346
1.4176599904331937
1.4180912075003078
1.4180893635031637
1.4188425496405763
1.4186630386330588
1.4179378496286479
1.4177571021720574
1.41844226347242
1.4237589342546177
1.4236493823224452
1.4244620375396455
1.4229989411949628
1.4230722398014202
1.4239268530890592
1.4239723412843868
1.4241192192630046
1.423541847193802
1.4209473453641117
1.4207115653868088
1.4204030001742705
1.4212530231798877
1.4198774040976587
1.4200883195134877
1.419972755157045
1.4185669390866928
1.4178599968712
1.4182911265869391
1.4182892908328322
1.4190422686662831
1.4188628135209282
1.4181377950045213
1.4179571076356143
1.4186421037037322
1.4239574444702703
1.4238479070796113
1.4246603667632316
1.4231976432489746
1.423270925846152
1.4241253244454013
1.4228316466867708
1.4229785294244561
1.4224010430093075
1.419806107488085
1.4195703301638751
1.419261712257763
1.4201117647416768
1.4187358758783926
1.4189469024245147
1.4188312863133028
1.4174253138037762
1.4167182357538142
1.4171493463478804
1.417147473011517
1.4179006841813295
1.4177211436737132
1.4169960444259464
1.416815252724697
1.4175003449520402
1.422816660936362
1.4227071650187961
1.4235197366256696
1.4220567120855743
1.422129996990154
1.4229845566495969
1.4232286236329523
1.4233754421406757
1.422798248184862
1.420204593375375
1.4199689148560852
1.4196604497313736
1.4205101296896425
1.419134936516646
1.4193458272366806
1.4192302817286802
1.4178249703324706
1.4171182486298266
1.417549184521143
1.4175473276708532
1.4183001222327427
1.4181206934494526
1.4173959351776928
1.4172152636518103
1.4179000254146639
1.423213681367667
1.4231042145331283
1.423916395072842
1.422454116193598
1.422527369079618
1.4233814993622813
1.4242587839343797
1.4244055675539082
1.4238283779944076
1.421234854173524
1.420999245946002
1.4206907948529346
1.4215402755912692
1.4201650965767039
1.42037608196317
1.420260497266027
1.418855365880071
1.4181486553515255
1.418579442904887
1.4185775344082192
1.4193304401254287
1.4191509435545873
1.4184262780478987
1.4182455127516895
1.41893021447026
1.4242437224320235
1.424134344107991
1.4249464504750202
1.42348416699328
1.4235574023792634
1.4244115148443968
1.426939676803174
1.4270863442541277
1.4265096527547594
1.423918332341547
1.4236829061407423
1.4233747175823839
1.4242235251831368
1.4228495316737473
1.4230603050891506
1.4229448325796383
1.4215408610883722
1.420834758585087
1.4212652194761828
1.4212633286765646
1.4220155483913681
1.4218362281943708
1.421112160899909
1.4209315811477579
1.4216157090678399
1.4269246653781131
1.4268153541973279
1.4276267809156489
1.4261657641368573
1.4262389415912817
1.4270923205523833
1.4256859211819886
1.42583260568336
1.4252557129795074
1.4226636008589633
1.4224281617281294
1.4221198774481052
1.4229687864408613
1.4215943172750158
1.4218052615018253
1.421689708218752
1.4202854179563666
1.419579074949237
1.420009539461894
1.4200075958049214
1.4207601960695282
1.4205807434354614
1.4198565116698518
1.4196757727786824
1.42036008398848
1.4256707839276848
1.4255615231971857
1.4263731643243707
1.4249116219009859
1.4249848077683736
1.4258384730391969
1.4252613106617595
1.4254080518608114
1.4248308392102154
1.4222373707022034
1.4220018510026644
1.4216934042757585
1.4225426433587494
1.42116741459696
1.4213785460990378
1.4212628994767762
1.4198579539938434
1.4191512234743027
1.4195818208248026
1.419579838374597
1.420332941370048
1.4201533387242018
1.4194287689910128
1.4192478603988092
1.4199325111018324
1.4252460778789917
1.425136820561366
1.4259488621933525
1.424486497702032
1.4245597117898212
1.42541384224809
1.4258291425069847
1.4259757798288117
1.42539897837981
1.4228073552636693
1.4225720020077255
1.4222637747874374
1.4231124126465526
1.4217381635145385
1.4219491427266662
1.4218335792732433
1.420429631353056
1.4197234041893998
1.420153697620868
1.4201517175926148
1.420904281799101
1.4207248084522908
1.4200007531915408
1.4198199753367196
1.4205041393717444
1.4258139229085613
1.425704741711376
1.426516206180265
1.4250548837731383
1.4251280460349294
1.4259815682386947
1.4279899130441032
1.4281363925642376
1.4275604640969286
1.4249725521273908
1.4247374249944391
1.4244296420867073
1.4252773615888246
1.4239051853692417
1.4241156624366762
1.4240003499820275
1.422598205391538
1.4218930360957391
1.4223229537569126
1.422321074833259
1.4230722780606537
1.4228932076743739
1.4221700825765744
1.42198975901818
1.4226729917040195
1.4279749431381201
1.4278657606795084
1.428676126119604
1.4272170452975284
1.427290129003676
1.4281423808946325
1.4257988668736123
1.425945437568486
1.4253702369627332
1.422784685528044
1.4225492951287992
1.422241805618542
1.4230900307815
1.42171955858427
1.4219289819722885
1.4218141430856366
1.420412385313895
1.4197080598328002
1.4201386209676898
1.4201371670910274
1.4208864645884485
1.4207081863132984
1.419985261291589
1.4198059440895663
1.420488761895429
1.4257848923832745
1.4256751305627846
1.426485028106132
1.4250279200607434
1.4251010500189012
1.4259523173799558
1.4289119278971814
1.4290584863007054
1.4284833725534907
1.425898179134601
1.4256628043184787
1.4253553578363125
1.4262035110855649
1.4248332447637344
1.4250426084706402
1.4249277986027804
1.4235262031629827
1.4228219823512644
1.4232525207429199
1.4232510821413549
1.4240002324253347
1.4238220012249931
1.423099159943072
1.4229198975477242
1.4236026282230965
1.4288979902997947
1.4287882195021113
1.4295980145598484
1.4281411311332142
1.428214254985811
1.4290653970973382
1.4275677139193088
1.4277141062015
1.4271394399359127
1.4245564295618343
1.4243213435366278
1.4240141542898495
1.4248613503107666
1.4234921558412306
1.4237015051418678
1.4235867228005403
1.4221864790512264
1.4214828151086805
1.421912794770302
1.421911277605091
1.4226600252878272
1.4224818260988719
1.421759681811104
1.421580412138153
1.4222625270282248
1.427553603075465
1.4274440529233356
1.4282531130349632
1.4267973388946138
1.4268703797192985
1.4277208421305958
1.4263666987188377
1.4265131655364862
1.4259383761323279
1.4233546700895099
1.4231194461338603
1.4228121761302202
1.423659800069303
1.4222903075018483
1.4224995785999168
1.4223848228821037
1.4209840626731072
1.4202802405478971
1.4207104977637552
1.4207090463090446
1.421457805017501
1.421279656041387
1.420557245492117
1.4203780590274766
1.4210603901653407
1.426352737412844
1.4262430517127944
1.427052372093045
1.4255963061318495
1.4256693842640091
1.4265200433705598
1.4282260041212211
1.428372475697938
1.4277975719478329
1.4252134322134828
1.424978210910926
1.4246708882137127
1.4255185416310927
1.4241487792825813
1.4243581615109435
1.424243354038361
1.42284243739019
1.4221384794305116
1.4225687175246964
1.422567228487729
1.4233162205325474
1.4231379861941722
1.4224154949135417
1.4222362041165586
1.4229186314136488
1.4282119538789355
1.4281023096519792
1.4289117419554829
1.427455374968449
1.4275284554080105
1.4283792755747557
1.4277385688183524
1.4278849214532805
1.4273103739299529
1.4247279282360097
1.4244929098494787
1.4241857873279185
1.4250327546506036
1.4236638441205558
1.42387317695733
1.4237584071816305
1.422358499881745
1.4216549829477654
1.4220848333931047
1.4220833021637722
1.4228319276654668
1.4226537460512212
1.421931775259885
1.4217525161489502
1.4224344748355127
1.4277244276737293
1.4276149245590135
1.4284237985747033
1.4269683208576962
1.4270413418749426
1.4278916254085154
1.4277712332995656
1.427917796462157
1.427342568368996
1.4247569412585745
1.4245215690955446
1.424214069919805
1.4250622526473544
1.4236917165444676
1.4239011913816673
1.4237863297590376
1.4223845778800657
1.4216802212338786
1.422110740503861
1.4221092643200397
1.4228586479403815
1.4226803313777783
1.421957409364497
1.4217780426368063
1.422460869471405
1.4277572067658864
1.4276474774412964
1.4284573844222865
1.4270001999698136
1.427073326129813
1.4279246293015333
1.4262611953298145
1.4264078350137186
1.4258322276026842
1.4232449617647271
1.4230094752136553
1.422701780228424
1.423550407395324
1.4221789697267497
1.4223886400711492
1.4222736788265167
1.4208711035022834
1.420166285839402
1.4205970025553685
1.4205954946103754
1.4213454420520821
1.4211669666903446
1.4204436199612678
1.4202640782515352
1.4209473226811133
1.4262470884180616
1.426137338987638
1.426947739521398
1.4254895847893194
1.425562749073439
1.426414606871467
1.426693363484589
1.4268401070457182
1.4262640884330895
1.423674977203261
1.4234393242085943
1.4231314097167456
1.4239806381075204
1.422608220809171
1.4228180434435207
1.4227029990300497
1.4212994261430707
1.4205941051243052
1.4210251257593027
1.4210236153923577
1.421774101623029
1.4215954969622555
1.42087163576074
1.4206919633136244
1.4213756944112015
1.426679243388492
1.4265694178376276
1.4273803955344855
1.4259211987182132
1.4259944148283308
1.4268468808808625
1.4268918519576794
1.4270385634038276
1.4264626910208666
1.4238742201469063
1.4236386165546993
1.4233307784535505
1.4241798205815035
1.422807751128298
1.4230175058496037
1.4229024967377384
1.4214992544074179
1.4207941115623108
1.421225044845934
1.4212235427220263
1.4219738206487356
1.421795271850125
1.4210715811366132
1.420891968777181
1.4215755346425132
1.4268777536041442
1.4267679425947934
1.4275787247580713
1.426119900772225
1.426193100873063
1.4270453522372046
1.4261205007321982
1.4262671451751705
1.4256914234181897
1.4231037238887003
1.4228682399907213
1.4225604923119168
1.4234091489571135
1.4220374415074832
1.422247222982176
1.4221322099827742
1.4207294782193662
1.4200245247220162
1.4204552223163096
1.4204536767890605
1.4212038575671286
1.4210252968431298
1.4203018693826925
1.4201222233406174
1.4208055639294217
1.4261063048841531
1.4259965969268231
1.4268071093838364
1.425348653625919
1.4254218202174411
1.4262738390756629
1.425514950951
1.425661573584486
1.4250861673779358
1.422499693247311
1.4222642196262687
1.4219566203627028
1.4228051461375988
1.4214341841254807
1.4216436836584745
1.4215288031874027
1.4201265466342887
1.4194219694752517
1.4198526825696571
1.4198512274820185
1.4206007943739218
1.4204224514492538
1.4196992691913255
1.4195198866206111
1.420202947760473
1.4255009698684897
1.42539116998778
1.426201356112676
1.4247437270251904
1.4248168828963472
1.4256684543846536
1.42651747767838
1.42666405789139
1.4260886285937442
1.4235022097759906
1.4232668246829316
1.422959229785527
1.4238075139050794
1.4224365021457368
1.4226461477943424
1.4225312053981518
1.4211291347480606
1.4204245375980287
1.4208550604895727
1.420853531448397
1.4216032956185416
1.4214248466188686
1.4207017601344392
1.4205222342677306
1.4212052443920453
1.4265033253154584
1.426393646441155
1.4272037678310086
1.425746057733943
1.425819192306905
1.426670781788347
1.426695890211969
1.4268425913526221
1.4262665496488975
1.4236774937319405
1.4234419292652574
1.4231340191395698
1.4239830058750012
1.4226105388294272
1.422820507579389
1.4227054012407987
1.4213020142568429
1.4205966732470818
1.4210275036792182
1.4210259193587365
1.4217766028676488
1.4215978921318702
1.420874126703854
1.4206943109607446
1.4213779910427742
1.4266815988354606
1.4265718942910028
1.4273828072528179
1.4259235294269654
1.4259967242388891
1.426849208284556
1.4273592338686425
1.4275059294628683
1.4269296040924346
1.4243395294409478
1.424104006752881
1.423795971909082
1.4246449327302884
1.4232717983112904
1.4234820922202014
1.4233668369001164
1.4219631488233513
1.4212574738144672
1.4216881822734435
1.4216864781741316
1.4224378006016085
1.4222588425664004
1.42153492169252
1.4213547982333905
1.4220386886913428
1.4273446605328688
1.4272351039263975
1.428046259610002
1.426586226918306
1.4266594187487174
1.4275122965361031
1.4269848595893422
1.4271314239504294
1.4265555416653113
1.423967519070032
1.4237322148811127
1.4234244232410576
1.4242726260538634
1.4229005493287286
1.4231107341649394
1.4229955455605297
1.4215930291639933
1.4208878998501844
1.4213181979170815
1.4213164669005016
1.4220672755714143
1.4218884173351443
1.4211651006903454
1.4209850637239398
1.4216683984408744
1.4269702322441824
1.4268608077727578
1.427671302682939
1.4262123838800231
1.4262855101825591
1.4271377260872449
1.4267863711162516
1.42693296759232
1.4263569390775341
1.4237682761263868
1.4235329225350082
1.4232250545042526
1.4240734435798803
1.4227010190096019
1.4229112717588561
1.4227960478528412
1.4213932008996464
1.420687893412178
1.4211182788304502
1.4211165395708334
1.4218675565457077
1.4216886424472748
1.4209651553144724
1.4207850582603831
1.4214685582095627
1.42677172202853
1.426662283015592
1.4274729734593528
1.4260136818260114
1.426086824137827
1.4269392547309028
1.42564064561147
1.4257870438512246
1.4252116090477343
1.4226257694972648
1.4223907540992624
1.4220832196945952
1.4229304652790653
1.421559460406226
1.4217696308361674
1.4216544697582902
1.4202533050522375
1.4195487326076008
1.419978471944464
1.4199766623642385
1.4207270684339068
1.4205482422090225
1.419825622558378
1.419645578314369
1.4203282972460025
1.4256258450198527
1.4255166411939821
1.4263264011580536
1.424868591641423
1.4249416349160473
1.4257931711205027
1.4262135083638607
1.4263600057217722
1.4257842740626343
1.423197022811826
1.4229618383171352
1.422654137099424
1.423501954429473
1.4221302397079139
1.4223404512975117
1.4222252588055655
1.4208232529759415
1.4201183130098896
1.420548375387457
1.420546600967536
1.4212973124898074
1.4211184423281487
1.4203953889364251
1.420215318287376
1.4208984277277827
1.4261987835241914
1.4260894621047873
1.4268996873087034
1.4254411367337172
1.425514229526937
1.426366212925703
1.4291405992192947
1.4292868027833077
1.4287125015371238
1.426131447180659
1.4258967046550137
1.425589743647177
1.4264358551335306
1.4250675407993216
1.4252770300412325
1.4251622070185055
1.4237633326379835
1.423060132069332
1.4234894274061982
1.4234877647558657
1.424236368206119
1.4240580861661898
1.4233366478978595
1.4231572223703033
1.4238387485612811
1.4291261589989717
1.4290169269800954
1.4298252804585407
1.4283703863832244
1.4284433327855222
1.429293222928587
1.4293441185995508
1.4294904930439651
1.428915629970207
1.426331958877399
1.4260969302139312
1.4257896592771324
1.426636757470118
1.4252671015025586
1.4254767162810322
1.4253618139770023
1.423961431466823
1.4232575381945298
1.4236873731397575
1.4236857514708139
1.424434990858673
1.4242565914450969
1.4235343754512526
1.4233548528689566
1.424037091004461
1.4293297626893933
1.4292203514980566
1.4300295518458634
1.428573247458425
1.4286462791960368
1.429497010099525
1.4296556680962107
1.429801998134294
1.4292273681487415
1.426644695427601
1.4264097317497157
1.4261025802317082
1.4269494202481658
1.4255803180011501
1.4257898051854674
1.4256749672018345
1.424275077580258
1.423571467151
1.424001192001619
1.4239995938508103
1.4247484777212664
1.424570181244661
1.4238482194786088
1.4236688117906717
1.424350797563441
1.4296413708215658
1.4295319651945495
1.4303408675231657
1.4288851605849076
1.428958170207679
1.429808561173249
1.4297988894212073
1.4299451722797458
1.4293706335490441
1.4267884498323073
1.4265535720293128
1.4262464775710404
1.4270930464538567
1.4257241642406726
1.4259336864103087
1.425818838256326
1.4244192909769473
1.4237157963911629
1.424145350160593
1.4241437156385042
1.4248925634508398
1.4247142462614908
1.4239924610002974
1.423813014348709
1.4244948529467054
1.4297845098024429
1.4296751837087396
1.4304839093790602
1.4290284224570604
1.4291014084742348
1.429951656372747
1.426979828682177
1.4271261900478824
1.426551015820006
1.4239662503169372
1.423731281668301
1.4234238763479077
1.424270906191259
1.4229005189446193
1.4231105103312234
1.4229954363097215
1.4215947585995015
1.420890500162993
1.421320171270154
1.4213184075152216
1.4220683719445666
1.4218896869441076
1.4211673185128264
1.4209874386888435
1.4216698962290064
1.4269651387694133
1.4268559080119632
1.4276653605192022
1.4262082248588352
1.426281249816777
1.4271324102726495
1.4268667676586082
1.4270131413156626
1.426437880229249
1.42385275671038
1.4236177724786214
1.423310324130137
1.4241574258871943
1.4227868327651545
1.4229968838328713
1.4228817807925775
1.4214809407504134
1.4207765776445291
1.4212062714949238
1.4212044924648937
1.42195460410768
1.4217758720324125
1.4210534198613434
1.420873485230685
1.4215560299013386
1.4268520408528933
1.4267428190726363
1.427552374065486
1.4260950137863646
1.426168044849867
1.4270193305552674
1.4268692943859886
1.4270156256225668
1.4264403414450568
1.4238552732390595
1.423620377535284
1.423312933552961
1.424159793654675
1.422789150785411
1.4229993479687393
1.422884183003326
1.4214835288641854
1.4207791457673062
1.4212086494148393
1.4212067964312722
1.4219571053522992
1.4217782672020274
1.4210559108044574
1.4208758328778053
1.4215583265329108
1.4268543962998623
1.4267452955260114
1.4275547857838184
1.426097344495117
1.426170354260425
1.427021657958961
1.4269471642009641
1.4270933150390055
1.426518821380963
1.423937237294372
1.4237026224222344
1.4233955937560205
1.424241408194508
1.4228726465207078
1.4230824959068857
1.4229675137323141
1.4215686806011805
1.4208652618768793
1.4212942641593973
1.421292445358954
1.422041651669652
1.4218631016175498
1.4211416844082143
1.420961912200987
1.4216435015931137
1.4269323596772563
1.4268233551296798
1.427631774671619
1.4261763457467176
1.4262492655619066
1.4270994063796314
1.4274949201066882
1.4276411201101284
1.4270662790179343
1.4244832628681432
1.4242485856635159
1.4239413848849372
1.4247874869782502
1.4234179018028494
1.423627989913478
1.4235128916637394
1.422113409204828
1.4214095718030235
1.4218386650584776
1.421836785157643
1.4225865803221056
1.422407841970771
1.4216860898022834
1.4215060983683547
1.4221880362824424
1.427479968011176
1.4273709993723724
1.428179828856755
1.4267235014568347
1.4267964456942666
1.427647087510103
1.4294371262312133
1.4295833535905669
1.4290084806146517
1.4264252578005248
1.4261905285403444
1.4258833040646397
1.4267295629424774
1.4253598997029895
1.4255699445963677
1.4254548627997934
1.4240552062233982
1.423351326482403
1.4237805262109047
1.4237786756492898
1.424528445781352
1.4243497369301157
1.4236278950049852
1.4234479478157154
1.4241299548028223
1.4294222413294313
1.4293132166760207
1.4301221297707307
1.4286657305662231
1.4287386885055329
1.4295893839495653
1.4281180191000078
1.4282641302907861
1.4276897553750032
1.4251087359685481
1.424874188735085
1.4245672267940888
1.4254128125343453
1.424044334800032
1.4242541677223481
1.4241391981134037
1.4227407014316986
1.4220374297159637
1.4224663027822002
1.422464469917635
1.4232135540472917
1.4230350215698997
1.4223137778569956
1.4221340162117841
1.422815449400402
1.428103184275521
1.4279942267653578
1.4288024602113594
1.4273473277097999
1.4274202277175503
1.4282701896575518
1.426417050291712
1.4265634306936896
1.4259877990820282
1.42340129881283
1.4231663407765658
1.4228587246818778
1.4237058724384168
1.422334406067553
1.4225448419753315
1.4224295609347517
1.421028257467833
1.42032345569345
1.4207530503139194
1.4207511362299614
1.421502034004753
1.4213230075552479
1.4206003161985268
1.420420019045173
1.4211028612222394
1.426402004633781
1.4262929397687039
1.4271028399689543
1.425644500205234
1.4257175343927853
1.426569339089432
1.4268492184464865
1.4269957027256888
1.4264196599124332
1.423831314251364
1.4235961897715048
1.423288354170199
1.4241361031506137
1.4227636571499744
1.4229742453477028
1.4228588811382847
1.4214565801086205
1.420751274978353
1.4211811735178534
1.4211792570119435
1.4219306935757001
1.4217515378271586
1.421028331997999
1.4208479041072626
1.4215312329523275
1.4268341596042116
1.4267250186186935
1.4275354959820419
1.4260761141341278
1.4261492001476772
1.427001613098828
1.4275075086483993
1.4276540722221278
1.427077791924354
1.424488316903013
1.4242530571458034
1.4239450880940627
1.4247932944709398
1.4234202805913259
1.4236309017167785
1.4235155123761052
1.4221125384475848
1.421406939300184
1.4218370962722482
1.4218352078945817
1.4225868888204207
1.4224076979224596
1.421684145100437
1.4215036960856682
1.4221873373377516
1.4274925104076825
1.4273832753473377
1.4281941249025614
1.4267341502079636
1.4268072758363897
1.427660046542988
1.4264547682276847
1.4266012743163734
1.4260249159526872
1.4234353448927533
1.4232002101359573
1.4228922261194132
1.423740105970128
1.4223669145319768
1.4225777846714045
1.4224622879336566
1.4210595116936984
1.420353830225117
1.420783713264506
1.4207817063189851
1.4215337567689068
1.4213543832210345
1.4206309321893662
1.4204502408272692
1.4211338491212764
1.4264394946198753
1.4263304455577366
1.4271412492532018
1.4256810407348561
1.4257541374687712
1.4266069977898368
1.4262839133286416
1.4264304590645929
1.425853981958647
1.4232638462185778
1.4230286438231068
1.422720593081345
1.4235687016302911
1.4221952262526525
1.4224061128559427
1.4222906035525666
1.4208874908631806
1.4201816623860326
1.4206116746417032
1.4206096817603044
1.4213618543912672
1.421182463268685
1.4204588387405856
1.4202781368164719
1.4209619013139883
1.4262686700216107
1.4261595739220587
1.4269705637134615
1.4255100587717737
1.4255831753131274
1.4264362145119167
1.4268241115998197
1.426970545926264
1.4263944525345043
1.4238060865105742
1.4235710687949132
1.423263227894287
1.4241106927839482
1.422738133130429
1.42294891889295
1.422833470022435
1.421431360788564
1.4207260045022083
1.4211556709739404
1.4211536582073345
1.4219053781722533
1.4217260780612537
1.4210029710140208
1.4208223503016233
1.421505637159876
1.4268088294337924
1.4266998419505805
1.4275102640165283
1.4260507247519507
1.4261237856691473
1.426976252424099
1.4280125157109849
1.4281587997680183
1.4275836068453596
1.4249990276437656
1.4247642178148807
1.4244568308922931
1.4253034198603658
1.4239329970249335
1.4241432291935805
1.4240280540578176
1.4226277422608749
1.4219234750074687
1.4223528075738134
1.4223509182189655
1.4231011910818725
1.4229223322188564
1.4222001523261465
1.4220200354358428
1.4227023819161748
1.4279975352807388
1.4278885140402011
1.4286978276397126
1.42724060636727
1.427313592526981
1.4281647531584583
1.4266130120374227
1.4267594027448955
1.426183940453997
1.423598025227796
1.4233630280660081
1.4230554839958585
1.4239026871449196
1.4225316183664238
1.4227418402455463
1.4226266564316916
1.4212254976184084
1.4205208940086793
1.4209505914806353
1.4209487595932508
1.42169925178584
1.4215203872735032
1.420797770631286
1.42061767686161
1.4213004048219788
1.426598159402465
1.4264889880724942
1.427298757474208
1.4258408715504935
1.4259139110269592
1.4267654830420808
1.4276431723388499
1.4277895281581274
1.4272140702635425
1.4246282860259445
1.4243933591559248
1.4240858291174194
1.4249328330465456
1.423561778426482
1.4237720949720352
1.4236568719690392
1.4222558931660094
1.421551300730378
1.4219808498643793
1.4219789663306164
1.422729569678526
1.4225506373786374
1.421828113501492
1.4216479259614887
1.4223305938775748
1.4276282004668213
1.427519117647357
1.428328812876386
1.4268709223501752
1.4269439443266045
1.4277954985241963
1.4288692943859884
1.429015625622567
1.4284403414450575
1.425855273239059
1.4256203775352843
1.4253129335529615
1.426159793654675
1.4247891507854114
1.4249993479687395
1.4248841830033268
1.4234835288641858
1.4227791457673062
1.4232086494148395
1.4232067964312725
1.4239571053522997
1.4237782672020274
1.423055910804458
1.4228758328778053
1.4235583265329106
1.4288543962998623
1.4287452955260114
1.4295547857838184
1.428097344495117
1.4281703542604254
1.429021657958961
