1.4410127033413438
1.4410867942990662
1.4392398056197915
1.4382840272395525
1.438187026247968
1.4379254914468695
1.438116380980223
1.4369416399639132
1.4369932357044921
1.4368563626440065
1.4363310812682344
1.4366780045034981
1.436223382838704
1.436316282559485
1.436556359826269
1.4362619485469195
1.4359149822148243
1.4332774065769454
1.4325343793278196
1.4331295527234473
1.4325353903819869
1.4397468612667161
1.4398211408410622
1.4379735257908675
1.4370170419586832
1.4369201539488363
1.4366588420634676
1.4368498786223818
1.435674150536146
1.435726157212375
1.4355889523599348
1.4350639107976155
1.435410516669443
1.434955742548985
1.4350488199616371
1.435289039984743
1.4349946571435048
1.4346472441993896
1.432008922490347
1.4312656937804598
1.4318611248448767
1.431266851874453
1.4399484076070084
1.4400226355005297
1.4381754883119504
1.4372193233530202
1.437122430547338
1.4368611221800414
1.43705209381872
1.4358767818158942
1.4359286962179039
1.4357915834865778
1.435266590843929
1.435613196411138
1.4351585371047404
1.4352515615555206
1.4354917084162093
1.4351973743274897
1.4348501154947513
1.4322124320338732
1.4314693813696637
1.432064650431649
1.4314705096754303
1.4400158521185384
1.440090073667742
1.4382430822007224
1.4372869980521856
1.437190113337645
1.4369288268345377
1.4371197823299786
1.4359445697223467
1.4359964795393152
1.4358593785183178
1.435334429913106
1.4356810064906302
1.4352263855128364
1.4353194020438451
1.4355595286267375
1.4352652192835358
1.4349179899003306
1.4322805287276035
1.4315375406786328
1.4321327595275841
1.4315386688115532
1.44015034754445
1.440224540081082
1.43837786040565
1.4374219760989368
1.4373250930320491
1.4370638192200733
1.4372547341837767
1.4360797793154472
1.436131640702785
1.4359945915975096
1.4354696894708514
1.4358162514012238
1.4353617069947626
1.4354546930849492
1.4356947729477345
1.4354005003535517
1.435053362750801
1.4324163318462322
1.4316734641277198
1.432268576868938
1.4316745772801038
1.440352681079041
1.4404268545827188
1.4385806420719662
1.4376250001964324
1.43752814140297
1.4372669331835641
1.437457799717553
1.4362831430348038
1.4363349906670198
1.4361979766927306
1.4356732066783824
1.4360196816397015
1.4355652522190507
1.4356582145499226
1.4358982335793178
1.4356040352216912
1.435256985967539
1.4326206219274233
1.4318779420546275
1.4324729041567443
1.431879054688473
1.4395550146136316
1.4396291690843552
1.437783423738282
1.4368280242939282
1.4367311897738906
1.4364700471470544
1.436660865251329
1.4354865067541598
1.4355383406312539
1.435401361787951
1.4348767238859135
1.4352231118781789
1.4347687974433394
1.4348617360148956
1.4351016942109003
1.4348075700898295
1.4344606091842766
1.4318249120086144
1.4310824199815348
1.43167723144455
1.4310835320968422
1.4396224591251618
1.439696607251567
1.4378510176270538
1.436895698993093
1.4367988725641976
1.4365377518015514
1.436728553762588
1.4355542946606121
1.4356061239526654
1.4354691568196916
1.4349445629550903
1.4352909219576715
1.4348366458514354
1.4349295765032204
1.435169514421428
1.4348754150458762
1.4345284835898562
1.4318930087023447
1.4311505792905042
1.4317453405404854
1.4311516912329652
1.439824792659753
1.4398989217532037
1.43805379929337
1.4370987230905887
1.4370019209351188
1.436740865765042
1.4369316192963644
1.435757658379969
1.4358094739168998
1.4356725419149121
1.4351480801626213
1.4354943521961487
1.435040191075724
1.4351330979681938
1.4353729750530113
1.4350789499140149
1.4347321068065944
1.4320972987835359
1.4313550572174119
1.4319496678282917
1.4313561686413345
1.4383382582260402
1.4384124126269442
1.436563866732072
1.4356072802479007
1.435510198344898
1.435248444901901
1.4354394958676353
1.434263760899391
1.4343154024903777
1.4341784123266037
1.4336526905764648
1.433999903708573
1.433544898757743
1.4336378776762402
1.433878157720992
1.4335834989864562
1.4332362381590318
1.430596439639642
1.4298527862381278
1.4304484617640933
1.4298537990207558
1.437608429869311
1.4376825752168771
1.4358346518597762
1.4348783503961409
1.4347813153923359
1.434519680443347
1.4347106750813907
1.433535278745004
1.4335869412553763
1.4334499694378535
1.4329244654337816
1.4332715192749346
1.432816667724394
1.4329096295650832
1.4331498346631615
1.4328552876527187
1.4325081117420366
1.429869216683396
1.4291258186428561
1.4297212989983519
1.429126845368944
1.4394747216376986
1.4395489286457066
1.4377006928000815
1.4367441150525475
1.4366471074703508
1.436385521904729
1.4365765735650307
1.4354008015915123
1.435452591050612
1.4353155103272401
1.4347900430372542
1.4351370248611246
1.4346820969110015
1.4347751183950692
1.4350153825422816
1.4347208242668574
1.434373490812943
1.4317341941024315
1.430990685531473
1.4315862833580324
1.4309917565077859
1.4398789951097315
1.4399531477278953
1.438105846560097
1.4371497918959597
1.437052818325983
1.4367913329082522
1.436982279463864
1.4358071628104216
1.4358588854997278
1.435721903533393
1.4351966588717078
1.435543510089688
1.4350888120253118
1.4351817713894712
1.4354219077053896
1.4351274851610585
1.4347803612857308
1.4321423839959821
1.4313992462164362
1.431994537083128
1.4314003015208283
1.4399460460241125
1.440020175974023
1.4381730308762524
1.437217095243546
1.4371201152300805
1.4368586206392904
1.4370495428064036
1.43587458449707
1.4359262633417866
1.4357893215808446
1.4352640793602756
1.4356109449207892
1.4351562850991415
1.4352492219422506
1.435489331815859
1.4351949212750275
1.4348478597306222
1.4322100904208799
1.4314670103565539
1.4320622453285465
1.4314680508532556
1.4397421381009239
1.4398162217880486
1.4379686109194714
1.4370125857397336
1.4369155233143214
1.4366538389819659
1.43684477659775
1.4356697558984965
1.435721291460141
1.4355844285484678
1.435058887830309
1.4354060136887454
1.4349512385377872
1.4350441407350973
1.435284286784042
1.43498975103858
1.434642732671131
1.4320042392643597
1.4312609517542396
1.4318563146386716
1.4312619342301032
1.4398091890153046
1.4398832500341763
1.4380357952356269
1.4370798890873195
1.4369828202184185
1.4367211267130042
1.4369120399402893
1.4357371775851449
1.4357886693021993
1.4356518465959192
1.4351263083188774
1.4354734485198468
1.4350187116116169
1.4351115912878767
1.4353517108945113
1.4350571871525493
1.434710231116022
1.4320719456892577
1.4313287158943568
1.4319240228840902
1.43132968356253
1.4386731192007955
1.438747143936498
1.4368993787402338
1.435943425634252
1.4358462969791757
1.4355844666336348
1.4357753874116135
1.4346005031128275
1.4346518862213178
1.4345151255795714
1.4339893744386965
1.434336702615687
1.4338818887926248
1.4339747405045928
1.4342148821732805
1.4339202707142253
1.4335733544227982
1.4309345814953003
1.4301912117698639
1.4307866021406674
1.4301921358791967
1.4387401701151767
1.438814172182626
1.43696656305639
1.4360107289818382
1.4359135938832732
1.4356517543646732
1.4358426507541528
1.4346679247994756
1.4347192640633761
1.434582543627023
1.4340567949272645
1.434404137446788
1.4339493618664543
1.4340421910573724
1.4342823062837495
1.433987706828195
1.4336408528676894
1.4310022879201985
1.4302589759099813
1.4308543103860853
1.4302598852116237
1.4377401701151769
1.4378141721826263
1.4359665630563898
1.4350107289818381
1.4349135938832733
1.434651754364673
1.4348426507541536
1.4336679247994757
1.433719264063376
1.4335825436270229
1.4330567949272646
1.433404137446788
1.4329493618664542
1.4330421910573723
1.4332823062837499
1.4329877068281953
1.4326408528676897
1.4300022879201986
1.4292589759099812
1.4298543103860857
1.4292598852116238
1.4388750591382375
1.4389490485170506
1.4371017508339334
1.4361460783801683
1.4360489594638872
1.4357871636736668
1.4359780277766705
1.4348035006123805
1.434854830706199
1.4347181336905035
1.4341924730656188
1.4345397576057732
1.434085058682647
1.4341778720340215
1.4344179467048048
1.4341233967402873
1.433776601678848
1.4311384813076593
1.4303952945279197
1.4309905285779567
1.4303962034838698
1.4397549865653263
1.4398290240594849
1.4379837479689002
1.4370288202819488
1.4369319228275546
1.4366706595697942
1.4368613797727894
1.435687673154692
1.435739257719371
1.4356024849774387
1.435077729609791
1.4354242906263075
1.434970090662029
1.4350629178665997
1.435302778242133
1.4350086519055059
1.4346619766368849
1.432026860476812
1.4312845268953327
1.4318791536292539
1.4312855506830364
1.441282481387465
1.441356546967915
1.4395101811748798
1.4385547260362133
1.4384577574091957
1.4381963100648576
1.4383871350252584
1.4372127915897226
1.437264368990138
1.4371275427709678
1.4366024375449424
1.4369492448214682
1.436494776471089
1.4365876445127828
1.4368276406683804
1.4365333283711048
1.4361864798371418
1.4335497933518668
1.4328070165636966
1.4334019891071887
1.432808026926479
1.4404169768133765
1.440491013381255
1.4386449593798074
1.4376897040829646
1.4375927371036004
1.4373313024503933
1.437522086879057
1.4363480011828231
1.436399530153608
1.4362627558501593
1.4357376971026883
1.4360844897320622
1.435630097953015
1.435722935553887
1.4359628849893777
1.4356686094411206
1.4353218526876121
1.4326855964704954
1.4319429400127832
1.4325378064485426
1.4319439353950294
1.4399573200999172
1.4400313385611212
1.4381865296352159
1.4372318443794445
1.4371349711984753
1.436873773533285
1.4370644453065664
1.4358910368740487
1.4359426076836062
1.4358058700726595
1.4352812468173217
1.435627720864785
1.435173635886317
1.4352664393315728
1.435506238873716
1.4352121867736451
1.434865599853623
1.4322311505580032
1.4314890048222404
1.43208348091706
1.4314900280914056
1.4395526530307354
1.439626709557848
1.437780966302584
1.4368257961844533
1.4367288744566333
1.4364675456063036
1.4366583142390132
1.4354843094353351
1.435535907755137
1.435399099882218
1.4348742124022598
1.43522086038783
1.4347665454377403
1.434859396401626
1.4350993176105498
1.4348051170373675
1.4344583534201472
1.4318225703956209
1.431080048968425
1.4316748263414474
1.4310810732746673
1.440483634130608
1.4405576317062978
1.4387117341233466
1.4377566360789715
1.4376596481214883
1.437398173257973
1.4375889250528775
1.4364150566496672
1.4364665025163141
1.4363297969133215
1.4358046990106474
1.4361515493147718
1.4356971956925781
1.435789996171122
1.4360299129997884
1.435735636713013
1.4353889751718147
1.4327529126265612
1.432010308984049
1.4326051138434441
1.432011274923761
1.4388890883940886
1.4389630805517402
1.4371181166012112
1.436163426977121
1.4360665166357494
1.435805235031871
1.4359959064578691
1.4348225165279882
1.4348740134034883
1.4347373210723413
1.434212570586927
1.4345591602885097
1.4341050368096877
1.4341978189721585
1.4344376264630716
1.4341435241334448
1.4337969735266674
1.4311622733266083
1.4304200551755675
1.4310145701200903
1.4304210493478908
1.4398883011997896
1.4399622607095715
1.4381172974559784
1.4371626842739629
1.4370657448633302
1.436804401184954
1.4369950561204299
1.43582178408838
1.4358732024447831
1.4357365671037632
1.4352117334257093
1.4355584097917267
1.4351042861411551
1.4351970391010689
1.4354368342629549
1.4351427064492903
1.4347962216052907
1.4321614927889437
1.4314192648378645
1.4320137684190561
1.431420229740499
1.4364154024247788
1.436489373696917
1.4346433210893415
1.4336882186766486
1.433591193558762
1.4333296347565585
1.4335203862041799
1.4323465363036063
1.4323979082361966
1.4322612479130035
1.4317360227802522
1.432082988738496
1.4316285966159485
1.4317213758117078
1.4319613005891438
1.431666974072812
1.4313203488448591
1.4286840353951666
1.427941359337377
1.4285362030464739
1.4279422961802464
1.4399436844412163
1.4400177164475159
1.4381705734405545
1.437214867134071
1.4371177999128233
1.4368561190985394
1.4370469917940878
1.4358723871782453
1.4359238304656694
1.4357870596751106
1.4352615678766225
1.4356086934304404
1.4351540330935422
1.4352468823289808
1.4354869552155085
1.4351924682225652
1.4348456039664923
1.4322077488078861
1.431464639343444
1.4320598402254436
1.4314655920310808
1.440146017975807
1.4402200309491526
1.4383733551068705
1.4374178912315665
1.437320848283744
1.43705923306203
1.4372500573278642
1.4360757508976019
1.4361271804299034
1.4359904447703316
1.4354650850841533
1.4358121236689176
1.435357578317831
1.4354504037939544
1.4356904158470916
1.435396003090704
1.4350492271832302
1.4324120388890773
1.4316691172703513
1.4322641675132497
1.4316700694394497
1.4403479579132488
1.4404219355297048
1.43857572720057
1.437620543977483
1.4375235107684556
1.4372619301020626
1.4374526976929214
1.4362787483971546
1.4363301249147853
1.4361934528812634
1.4356681837110759
1.436015178659004
1.4355607482078527
1.435653535323383
1.4358934803786165
1.435599129116766
1.43525247443928
1.4326159387014363
1.4318732000284076
1.4324680939505388
1.431874137044123
1.4404150088276295
1.4404889637758325
1.4386429115167254
1.437687847325069
1.4375908076725528
1.4373292178331012
1.4375199610354605
1.4363461700838025
1.436397502756844
1.4362608709287146
1.4357356041996436
1.436082613490105
1.4356282212816824
1.4357209858761621
1.435960904489086
1.4356665652307352
1.435319972884171
1.4326836451263343
1.4319409641685248
1.4325358021959573
1.4319418863765505
1.4381448371843593
1.4382188011858994
1.4363721263890217
1.4354167771768294
1.4353196906251153
1.4350579822916545
1.4352487818217063
1.434074652238189
1.434125963991845
1.4339893138174646
1.4334638293423263
1.4338109979237434
1.433356452315031
1.433449233987319
1.433689227546916
1.433394776564473
1.4330480993011654
1.4304108680825807
1.4296679317637966
1.430262964961698
1.4296688400283621
1.4390769990756789
1.4391509530976028
1.4373041229276333
1.436348731126085
1.4362516219485986
1.4359898607136992
1.4361806681417273
1.4350064981119328
1.435057775191081
1.4349211418014354
1.4343955716925407
1.4347428125958592
1.434288228572669
1.4343810035634497
1.43462101123633
1.4343265227663493
1.4339798489348974
1.431342381120018
1.4305993772859755
1.4311944550152458
1.4306002710885435
1.4392789390131207
1.4393528576781547
1.4375064950213328
1.4365513838720019
1.43645428443331
1.4361925577537313
1.4363833085067848
1.4352094956114854
1.4352607196759624
1.4351241499123673
1.434598670319463
1.4349458675859452
1.4344913984626908
1.4345841350928785
1.4348240757678545
1.4345296487924115
1.4341830961909476
1.431546280932377
1.4308034600440318
1.4313983814525348
1.4308043386932165
1.439346383524651
1.439420295845367
1.4375740889101047
1.4366190585711667
1.4365219672236167
1.436260262408228
1.4364509970180437
1.4352772835179375
1.435328502997374
1.4351919449441077
1.43466650938864
1.4350136776654376
1.434559246870787
1.434651975581203
1.434891895978382
1.4345974937484578
1.4342509705965272
1.431614377626107
1.430871619353001
1.4314664905484704
1.4308724978293397
1.4368184951053633
1.4368923630158523
1.435047246131508
1.4340927814653233
1.4339957467557654
1.4337341949897062
1.4339248165968552
1.4327517988631036
1.432802986247254
1.4326665101662897
1.4321413828728788
1.4324883482218853
1.4320341857274594
1.4321268589994742
1.4323666374520767
1.4320724084407817
1.431726091435582
1.4290910544822197
1.4283487345157855
1.428943254220018
1.4283496117822014
1.4384828469363091
1.4385568118641292
1.4367109149781139
1.4357558933758134
1.4356588763490694
1.4353973394110555
1.435588074715439
1.4344143242100587
1.4344656915576082
1.4343290429447437
1.4338038618494298
1.4341507988179885
1.4336964450240448
1.4337892163000314
1.4340291207996718
1.4337348190288588
1.4333882232504385
1.4307521320888972
1.430009518646346
1.4306043121424095
1.4300104553163693
1.4396177359593698
1.4396916881985535
1.437846102755658
1.436891242774144
1.4367942419296829
1.4365327487200494
1.4367234517379561
1.4355499000229628
1.4356012582004312
1.4354646330082241
1.4349395399877836
1.4352864189769734
1.4348321418402374
1.4349248972766808
1.435164761220727
1.434870508940951
1.434523972061597
1.4318883254763575
1.4311458372642845
1.43174053033428
1.4311467735886152
1.4398204630911098
1.4398944126212745
1.4380492939945904
1.4370946382232186
1.4369976761868137
1.436736279606999
1.4369269424404516
1.4357536299621239
1.4358050136440184
1.4356683950877343
1.4351434757759236
1.4354902244638426
1.4350360623987921
1.4351288086771994
1.4353686179523684
1.4350744526511672
1.4347279712390233
1.432093005826381
1.4313507103600436
1.4319452584726033
1.4313516608006802
1.4389553521141707
1.439029288955699
1.4371844817721342
1.436229987621549
1.4361330417674278
1.4358716889159924
1.4360623194629698
1.4348892057750284
1.4349405802868411
1.4348039851512147
1.4342791539142776
1.434625844622828
1.4341717592149845
1.4342644896538481
1.4345042583734244
1.4342101425632603
1.433863720050182
1.4312291992138422
1.430487028977982
1.4310814766644748
1.4304879790729266
1.4394816661448608
1.4395555821008759
1.4377096862602647
1.436754779321076
1.4366577186904406
1.4363960886406801
1.4365867992092802
1.4354132255506462
1.4354644751195498
1.435327911991877
1.4348026061076027
1.435149673072814
1.4346953190212457
1.4347880464933966
1.4350279324994961
1.4347335925026272
1.4343870953683737
1.4317509612824002
1.4310083331397907
1.4316031095908581
1.4310092259052816
1.439548717059242
1.4396226103470033
1.4377768705764207
1.436822082668662
1.436725015594538
1.4364633763717185
1.4366540625518198
1.4354806472372943
1.4355318529616081
1.4353953300393285
1.434870026596171
1.4352171079039155
1.4347627920950752
1.4348554970461764
1.4350953566099653
1.4348010286165964
1.4344545938132651
1.4318186677072982
1.4310760972799086
1.4316708178362765
1.431076975237709
1.4397510505938327
1.43982492484864
1.4379796522427366
1.437025106766158
1.436928063965459
1.4366664903352095
1.4368571280855964
1.4356840109566509
1.4357352029258426
1.4355987151345493
1.4350735438037021
1.4354205381423928
1.4349663373193637
1.4350590185111498
1.4352988172415488
1.4350045634847357
1.4346582170300028
1.4320229577884895
1.4312805752068163
1.4318751451240828
1.431281452646078
1.4388184951053633
1.4388923630158523
1.4370472461315085
1.4360927814653233
1.435995746755766
1.4357341949897062
1.4359248165968552
1.4347517988631033
1.434802986247254
1.4346665101662897
1.434141382872879
1.4344883482218855
1.4340341857274597
1.4341268589994742
1.4343666374520767
1.4340724084407819
1.433726091435582
1.43109105448222
1.4303487345157853
1.430943254220018
1.430349611782201
1.4424247085148372
1.4424984866785933
1.4406547719852238
1.4397011110546512
1.4396041200961096
1.439342703033261
1.4395331628607455
1.4383611575815654
1.4384122251812514
1.4382759114833736
1.437751097334254
1.4380978884405349
1.437644070731792
1.4377366435233045
1.4379762271467091
1.4376821953610446
1.437336209164419
1.4347031441881286
1.4339613779588047
1.4345554343824025
1.433962224399917
1.4391620152174047
1.439236112589265
1.43739176873723
1.4364370965864148
1.4363403348866544
1.4360793890375263
1.4362700618526592
1.43509659791223
1.435148390523957
1.4350115170736137
1.4344872755085065
1.4348334025936116
1.4343794331162045
1.4344723004098163
1.4347120761056502
1.4344181746942468
1.4340714788344904
1.4314377822521878
1.4306958537622574
1.4312902133079688
1.4306969643219496
1.4400267325971945
1.4401008263337558
1.4382561713870694
1.4373013758365056
1.4372045834198304
1.4369435628050742
1.4371342596614216
1.4359606558795217
1.4360124184017813
1.4358755500258444
1.4353511787895437
1.435697407186235
1.4352433609657456
1.4353362294976224
1.435576039584536
1.435282075940077
1.4349353540626437
1.4323011985958947
1.431559139975468
1.4321535942655808
1.4315602362460076
1.4402961170461661
1.4403701690815203
1.438526137369541
1.4375717032815867
1.4374749286948485
1.437213964499603
1.4374045885377373
1.4362314412855266
1.4362831462080745
1.4361463531685166
1.4356221164856424
1.4359682722558131
1.4355143792638638
1.4356072015153754
1.435846924326589
1.435553046922185
1.4352064757242726
1.432573195101984
1.431831382042493
1.4324256297988052
1.431832462986804
1.4397701966126253
1.439844285857428
1.4380013424540266
1.4370472829336387
1.4369506376580454
1.4366899816983736
1.4368805339601463
1.4357077877297129
1.4357596568547188
1.435622803312143
1.435099082872926
1.4354448190542184
1.4349911947918692
1.4350840346113718
1.4353236463005752
1.4350300058248953
1.4346834763667695
1.4320518233022579
1.4313104730495354
1.4319043977229386
1.4313116259581447
1.4405674694808848
1.440641561434707
1.4387981512150942
1.4378438874845643
1.4377472034009149
1.4374864508114245
1.43767704325765
1.4365040577905517
1.4365559014111315
1.4364190412326332
1.435895147084786
1.4362410135673493
1.4357872742333142
1.435880123210853
1.436119789568933
1.4358260621146788
1.435479477189343
1.4328471429522345
1.4321055999537762
1.4326996695846153
1.4321067387460797
1.439702752101095
1.439776847690216
1.4379337485652548
1.4369796082344737
1.4368829548677386
1.436622277043877
1.4368128454488875
1.4356399998232605
1.4356918735333073
1.4355550082804027
1.435031243803749
1.4353770089747262
1.4349233463837732
1.4350161941230473
1.4352558260900472
1.4349621608688485
1.43461560196119
1.4319837266085278
1.4312423137405665
1.431836288627003
1.4312434668220217
1.4397686222240282
1.4398426461730902
1.437999704163561
1.4370457975273225
1.4369490941132075
1.4366883140045397
1.4368788332852687
1.435706322850496
1.4357580349373076
1.4356212953749872
1.4350974085504904
1.4354433180606527
1.434989693454803
1.435082474869192
1.4353220619003415
1.435028370456587
1.4346819725240163
1.432050262226929
1.4313088923741286
1.4319027943208702
1.4313099867433614
1.4399035112470888
1.4399775225075149
1.4381348919411052
1.4371811469256528
1.4370844596938215
1.4368237233135337
1.4370142103077863
1.4358418986634007
1.4358936015801305
1.435756885438468
1.4352330866888448
1.4355789382196378
1.4351253902709953
1.4352181558458406
1.435457702321397
1.4351640603686797
1.4348177213351754
1.4321864556143897
1.4314452109920672
1.4320390125127413
1.4314463050156077
1.440174470084658
1.4402485049396168
1.438406496214042
1.437452959777051
1.4373563485136778
1.4370957927018968
1.4372862398589799
1.436114148948622
1.436165951303835
1.4360291965182956
1.435505698707379
1.435851304282782
1.4353979099061793
1.4354906876057734
1.4357301714636832
1.435436666719096
1.435090346839557
1.4324600131958078
1.431719033734499
1.4323126514480338
1.4317201709711873
1.4402419145961884
1.4403159431068293
1.4384740901028144
1.4375206344762161
1.4374240313039852
1.4371634973563936
1.4373539283702386
1.4361819368550743
1.4362337346252463
1.4360969915500363
1.435573537776556
1.4359191143622745
1.4354657583142758
1.4355585280940983
1.4357979916742112
1.4355045116751424
1.4351582212451361
1.4325281098895384
1.4317871930434685
1.4323807605439696
1.4317883301073104
1.4393093591077186
1.4393833812740413
1.4375416839915864
1.4365883091753815
1.4364917140942917
1.4362312020108903
1.4364216168814972
1.4352497247615266
1.4353015179466582
1.4351647865817765
1.434641376845733
1.4349869244417672
1.434533606722372
1.4346263685824225
1.4348658118847388
1.4345723566311883
1.4342260956507153
1.431596206583269
1.4308553523524374
1.431448869639905
1.4308564892434337
1.4403768036192486
1.4404508194412535
1.4386092778803579
1.4376559838745464
1.4375593968845988
1.4372989066653874
1.4374893053927562
1.4363175126679788
1.4363693012680696
1.4362325816135166
1.43570921591491
1.4360547345212598
1.4356014551304677
1.4356942090707472
1.4359336320952665
1.435640201587235
1.4352939700562948
1.4326643032769992
1.4319235116614066
1.4325169787358403
1.4319246483795565
1.4403764100220995
1.4404504095201693
1.4386088683077416
1.4376556125229674
1.4375590109983893
1.437298489741929
1.4374888802240366
1.4363171464481748
1.4363688957887166
1.4362322046292275
1.4357087973343012
1.436054359272868
1.435601079796201
1.4356938191352024
1.4359332359952082
1.4356397927451579
1.4352935940956069
1.4326639130081669
1.4319231164925548
1.4325165778853235
1.4319242385758606
1.4406457944710713
1.4407197522679334
1.4388788342902132
1.4379259399680486
1.4378293562734077
1.4375688914364577
1.4377592091003526
1.4365879318541794
1.4366396235950096
1.4365030077718999
1.4359797350304007
1.436325224342447
1.4358720980943194
1.4359647911529552
1.4362041207372607
1.4359107637272661
1.4355647157572355
1.432935909514256
1.43219535855958
1.432788613418548
1.432196465316657
1.4397136325797508
1.4397876003562302
1.4379468377516016
1.4369939860187935
1.4368974249499242
1.4366370130144135
1.4368273227803308
1.4356560859804361
1.4357078123957738
1.4355711797879294
1.435047992680186
1.4353934096703307
1.4349403218366823
1.435033021576825
1.4352723370478468
1.4349790175253896
1.4346329661235033
1.4320043964768185
1.4312639130374014
1.431857123365
1.431265034256476
1.4400496743459545
1.4401235614290377
1.438283578477613
1.437331245459882
1.4372346812428303
1.4369742855165222
1.4371644898304667
1.4359939268532849
1.4360455125647722
1.4359090239937637
1.4353859322842448
1.4357313343226192
1.4352784378743635
1.4353710542118123
1.4356102498003103
1.4353170157793897
1.4349712102693353
1.432343709138974
1.4316035240756921
1.4321964662931261
1.4316046005260037
1.4399697749671707
1.4400437309114733
1.4382012571120284
1.4372477075700807
1.4371509848254995
1.436890177197655
1.4370806233128872
1.4359085879104405
1.4359601684634835
1.4358235495173415
1.4352996700161949
1.435645622553956
1.435192112676292
1.4352848265275306
1.4355243342317494
1.4352306787984945
1.4348844678586898
1.432253381501623
1.4315121847944814
1.4321059190571253
1.431513234740643
1.4402957234490168
1.4403697591604359
1.4385257277969246
1.4375713319300076
1.4374745428086388
1.4372135475761447
1.4374041633690178
1.4362310750657221
1.4362827407287215
1.4361459761842275
1.4356216979050338
1.4359678970074221
1.4355140039295973
1.4356068115798306
1.4358465282265302
1.4355526380801082
1.4352060997635845
1.4325728048331516
1.4318309868736414
1.4324252289482882
1.4318320531831086
1.4404306124720772
1.4405046354948603
1.4386609155744687
1.4377066813283381
1.4376099083892528
1.4373489568851383
1.4375395403915354
1.4363666508786268
1.4364183073715446
1.4362815662477084
1.4357573760433875
1.4361035171664072
1.4356497007457896
1.4357424925564795
1.4359821686475858
1.4356883279922008
1.4353418485747431
1.4327089982206125
1.4319673054915798
1.4325614471401589
1.4319683714553544
1.4400247646114475
1.4400987767283338
1.4382541235239876
1.4372995190786098
1.4372026539887826
1.4369414781877818
1.437132133817825
1.435958824780501
1.4360103910050173
1.4358736651043997
1.4353490858864988
1.4356955309442778
1.4352414842944132
1.4353342798198976
1.435574059084244
1.4352800317296914
1.4349334742592026
1.4322992472517333
1.4315571641312095
1.4321515900129953
1.4315581872275285
1.4401588664402094
1.4402328332205891
1.438388492156299
1.437434125773782
1.4373372477969775
1.4370760536498588
1.437266660502904
1.4360936681537975
1.4361451466891344
1.4360085011993025
1.4354839268636352
1.43583040060648
1.4353764304420722
1.4354691809254565
1.4357089073051825
1.4354149039576303
1.4350684711489845
1.4324346601015299
1.4316926924114448
1.432287006503832
1.431693685892383
1.4392929682689715
1.4393668897128444
1.4375228607886104
1.436568732468954
1.4364718416051723
1.4362106291119354
1.4364011871879834
1.4352285115270937
1.4352799023732512
1.435143337294205
1.4346187678407714
1.4349652702686821
1.4345113765897317
1.4346040820310157
1.4348437555261213
1.4345497761855688
1.434203468038767
1.4315700729513259
1.4308282206916796
1.4314224229946686
1.4308291845572376
1.4403608063776514
1.4404347378011413
1.4385908642499987
1.4376367785196986
1.4375399102816884
1.4372787506898907
1.4374693008679609
1.4362966656533498
1.4363480911740156
1.4362115093102341
1.4356870254905576
1.436033455596566
1.4355796003320949
1.4356723124548854
1.4359119718367075
1.435618029983692
1.4352717184050345
1.4326385599138889
1.4318967751695006
1.432490932941121
1.4318977534970563
1.4404956954007115
1.4405696141355657
1.438726052027543
1.4377721279180289
1.4376752758623028
1.4374141599988841
1.4376046778904785
1.436432241466254
1.436483657816839
1.4363470993737146
1.4358227036289115
1.4361690757555505
1.4357152971482867
1.435807993431534
1.4360476122577626
1.4357537198957848
1.4354074672161932
1.4327747533013493
1.4320330937874388
1.4326271511329918
1.4320340717693025
1.4399027240527902
1.439976702665346
1.4381340727958727
1.4371804042224947
1.4370836879214022
1.4368228894666166
1.4370133599703478
1.4358411662237927
1.4358927906214247
1.4357561314698901
1.4352322495276268
1.4355781877228546
1.4351246396024626
1.4352173759747509
1.4354569101212802
1.435163242684525
1.4348169694137982
1.432185675076725
1.4314444206543642
1.4320382108117071
1.4314454854082157
1.4406329460066685
1.4407069499964968
1.4388636972407847
1.4379097054258336
1.437812956760174
1.4375520708486291
1.4377426059253122
1.4365700145979838
1.4366216573357788
1.436484951342929
1.4359608932509187
1.436306947404885
1.4358532459700781
1.4359460140214533
1.4361856292791693
1.4358918628603397
1.4355454717914813
1.4329132883018036
1.4321717834184873
1.4327657744279652
1.4321728488637235
1.4397674414325798
1.4398414164098368
1.4379984754457122
1.437044683472585
1.4369479364545785
1.4366870632341642
1.4368775577791109
1.435705224191084
1.435756818499249
1.4356201644221205
1.4350961528086639
1.4354421923154783
1.4349885674520035
1.4350813050625568
1.435320873600166
1.4350271439303555
1.4346808446419517
1.4320490914204322
1.4313077068675737
1.4319015917693192
1.4313087573322738
1.440291393880374
1.4403652500285065
1.438521222498145
1.4375672470626377
1.437470298060334
1.4372089614181016
1.4373994865131052
1.4362270466478768
1.43627828045584
1.4361418293570494
1.4356170935183359
1.435963769275116
1.4355098752526658
1.4356025222888358
1.4358421711258873
1.4355481408172603
1.4352019641960139
1.4325685118759968
1.4318266400162727
1.4324208195926
1.431827545342454
1.4400898475400816
1.440163755369039
1.4383192599770618
1.4373649656683003
1.437268021461832
1.4370066813015279
1.4371972713167676
1.4360244153681285
1.4360757414503116
1.4359391982304062
1.4354144134720224
1.4357610895334212
1.4353070806969104
1.435399780694952
1.4356395026944213
1.4353454236332754
1.434999092900652
1.4323650023324703
1.431622952427069
1.4322172940058282
1.4316238875414766
1.4413584447947556
1.4414322782746345
1.439588406814301
1.4386345504102238
1.438537594964432
1.43827624914914
1.4384667498556454
1.437294468334526
1.437345658297899
1.4372092474045008
1.4366845140069042
1.4370312041062174
1.4365773483264954
1.4366699728416155
1.4369095952363578
1.4366155769312299
1.436269462640905
1.4336362183008953
1.4328944041563905
1.4334885278380187
1.4328952946748814
1.4378995752755948
1.4379734232966699
1.4361307962149417
1.4351774334098615
1.4350806008317254
1.4348195540789486
1.4350099586205929
1.4338382364653597
1.433889546786602
1.4337531155955783
1.4332289008827555
1.4335751857357228
1.4331216369283304
1.4332142564903914
1.4334537413208128
1.4331599719479087
1.4328139617282925
1.4301825529260668
1.4294412593035508
1.4300350040075702
1.4294422069786492
1.4396301908266231
1.4397040805489056
1.4378608302324705
1.4369071059647802
1.4368102555567073
1.4365491523844196
1.4367396297442774
1.4355674510593548
1.435618818980309
1.4354823124529066
1.4349579631866565
1.4353043206661447
1.4348506186302121
1.4349432844726382
1.4351828565787603
1.4348890009658006
1.434542840066663
1.4319105564199779
1.4311690172365255
1.4317629684743458
1.431169980237853
1.4415623527179435
1.4416362324606087
1.439792826771082
1.4388390599140353
1.4387421868801906
1.438481030806465
1.4386715160642987
1.4374992969330989
1.4375506301795444
1.4374141404368772
1.4368897055368708
1.4372361353382606
1.43678239488785
1.4368750540487687
1.437114640268174
1.436820747167677
1.4364745897003957
1.4338420694574152
1.4331004627587047
1.4336944585278932
1.4331014112980338
1.4417642926553853
1.441838137041161
1.439995198864782
1.439041712659952
1.4389448493649022
1.4386837278464968
1.4388741564293561
1.4377022944326512
1.4377535746644263
1.437617148547809
1.437092804163793
1.4374391903283465
1.4369855647778715
1.4370781855781973
1.437317704799699
1.437023873193739
1.4366778369564455
1.434045969269774
1.4333045455167606
1.4338983849651825
1.4333054789027073
1.441966626189976
1.4420404515427976
1.4401979805310974
1.4392447367574477
1.4391478977358232
1.4388868418099876
1.4390772219631325
1.4379056581520082
1.4379569246286605
1.43782053364303
1.437296321371324
1.4376426205668242
1.4371891100021603
1.4372817070431707
1.4375211654312823
1.437227408061878
1.4368814601731834
1.4342502593509652
1.4335090234436683
1.4341027122529886
1.4335099563110767
1.4429658389956772
1.4430396317006289
1.441197161385865
1.4402439940542893
1.4401471259634038
1.43988600796307
1.4400763716256932
1.4389049257123996
1.4389561136699545
1.438819779674452
1.4382954842101054
1.4386418700700407
1.4381883593336269
1.4382809271720804
1.438520373231165
1.4382265903777236
1.4378807082518068
1.4352494788133001
1.4345082331059649
1.435101910551954
1.4345091367036849
1.4388457664227663
1.4389196072430632
1.4370791585208311
1.4361267359560699
1.4360300893270708
1.4357695038591975
1.4359597236218127
1.4347890982547116
1.434840540683127
1.4347041309613873
1.434180740754278
1.434526403090575
1.4340733913130088
1.434165973004659
1.434405204768493
1.4341118455429425
1.433766083209844
1.4311378579824532
1.4303974654733778
1.4309905356032513
1.4303984839028516
1.4410368258815518
1.4411107591576011
1.4392684414281838
1.438315010917667
1.4382182817295965
1.4379574649286935
1.4381478866554265
1.4369760095970885
1.437027546305542
1.436890967564793
1.436367090504763
1.4367130573850566
1.436259585750122
1.43635227708031
1.4365917583422187
1.4362981149124638
1.4359519663035807
1.4333210879265215
1.4325799489345994
1.4331736273025435
1.4325809840730703
1.4411717149046124
1.4412456354920256
1.439403629205728
1.438450360315997
1.4383536473102105
1.4380928742376873
1.4382832636779437
1.4371115854099932
1.4371631129483653
1.4370265576282735
1.4365027686431169
1.4368486775440417
1.436395282566314
1.436487958056959
1.436727398763274
1.4364338048245562
1.436087715114739
1.4334572813139819
1.4327162675525376
1.4333098454944142
1.4327173023453161
1.4422383722218441
1.4423122538170687
1.4404704039492673
1.4395172923120043
1.439420558328099
1.4391597450452678
1.4393501018517645
1.4381786408768378
1.4382300853110708
1.4380935986914358
1.4375697705510766
1.4379157371267517
1.4374623803058775
1.4375550186741934
1.4377944267736855
1.4375008320964489
1.437154837598942
1.434524597470048
1.4337836365238033
1.4343771528893159
1.4337846418740479
1.4425057886850694
1.4425795469594107
1.440738322068657
1.4397857629991901
1.4396889741720695
1.4394280621225042
1.4396183048844837
1.438447595183822
1.4384987857205993
1.4383625169126633
1.4378386153441312
1.4381847259543727
1.437731521932663
1.4378240410142218
1.438063331015446
1.437769758868172
1.43742407945713
1.4347946426319762
1.4340539027465704
1.4346471841699548
1.4340548195963652
1.4431007280187378
1.4431745080350533
1.441332349163409
1.4403793434526195
1.4402824915440173
1.440021417272064
1.4402117486482109
1.439040501525304
1.4390916803127778
1.4389553697379327
1.4384311623484596
1.4387774902290258
1.4383240561498194
1.4384166081487293
1.4386560136522204
1.4383622802898166
1.4380164570629652
1.4353856722007614
1.4346445517239035
1.4352381287438247
1.4346454549759307
1.4404367697849416
1.4405104691078607
1.43866908988942
1.4377166028937083
1.4376197478369244
1.437358689774173
1.4375489156983476
1.436378342398153
1.4364293804817767
1.436293213943767
1.4357691019525183
1.4361154148813147
1.4356621721875007
1.4357546407837172
1.4359939264046842
1.4357002785438175
1.4353547012087977
1.4327249848629167
1.4319841627621945
1.4325774716719506
1.4319850212454588
1.4423705060648593
1.4424442607039019
1.4406027247184967
1.4396500422492804
1.4395532227052457
1.439292235890052
1.4394825026932465
1.4383116531511133
1.4383628135984237
1.4382265498648936
1.437702518625168
1.4380487305469962
1.437595449782204
1.4376879701020278
1.4379272944943318
1.4376336601140023
1.437287954685283
1.434658058975683
1.4339171889597802
1.4345105651275667
1.433918091520423
1.4413018807618807
1.4413755927734364
1.4395339021118758
1.438581253495378
1.4384843822563098
1.4382232804651793
1.4384135386758297
1.4372427665852483
1.4372938138389535
1.4371576238802868
1.4366334238141645
1.4369797947223293
1.4365264753713085
1.4366189598070682
1.4368582859836285
1.4365645886317242
1.4362189523976387
1.4335887914754557
1.432847844144256
1.4334412534800798
1.4328487029732127
1.4418430112427205
1.4419167377954716
1.440076291512517
1.439124136495016
1.4390273881236035
1.4387665853949883
1.4389567474407772
1.4377865347160825
1.4378377023276567
1.4377014920713647
1.4371778106900162
1.4375237763518347
1.4370707639731437
1.437163243455844
1.437402432068084
1.4371089836484034
1.4367634514850263
1.4341351261006279
1.4333946992914164
1.4339877296496315
1.4333956152769805
1.4405720524051515
1.4406457553633696
1.4388046872395799
1.4378523236436183
1.4377554993037482
1.437494516006625
1.4376847178895844
1.4365142844308616
1.4365653526039521
1.4364291809915366
1.4359051986714813
1.4362514102886907
1.4357982443379596
1.435890711695911
1.436129962925798
1.435836377297987
1.4354908259806445
1.4328615685192096
1.4321208765489841
1.4327140907143388
1.432121749321401
1.4407065478310628
1.4407802217767096
1.4389394654445078
1.4379873016903695
1.4378904789981521
1.4376295083921609
1.437819669743383
1.4366494940239618
1.4367005137674222
1.4365643940707287
1.4360404582292265
1.4363866551992845
1.435933565819885
1.436026002737015
1.436265207246795
1.4359716583680024
1.435626198831115
1.4329973716378384
1.432256799998071
1.4328499080556922
1.4322576577899513
1.4395856880638531
1.4396593774769748
1.4378206434342413
1.4368693008889912
1.4367726705893997
1.436512170441371
1.4367021714020631
1.4355329341266658
1.4355841298218885
1.4354479913890854
1.434924877612181
1.4352704377230354
1.4348178471307338
1.4349102686985038
1.435149246584006
1.4348560958490668
1.4345108218677753
1.4318849702693262
1.431145242027781
1.4317377314059554
1.431146185381726
1.4386703640207505
1.4387442744889072
1.4368965117319197
1.4359408261731983
1.435843595775709
1.4355815481694254
1.435772411230578
1.4345979395741988
1.434649047865848
1.434512486689549
1.4339864443744341
1.4343340758769467
1.4338792614527598
1.4339720109557779
1.4342121094728713
1.4339174088196864
1.4335707226979806
1.4309318496134746
1.4301884455879024
1.430783796187048
1.4301892672533258
1.4393335350602487
1.4394074935739305
1.437558951860676
1.4366028240289512
1.4365055677103835
1.4362434418203995
1.4364343938430038
1.435259366261742
1.435310536738143
1.4351738885151368
1.4346476676091584
1.434995400727876
1.4345403947465454
1.4346331984497007
1.4348734045202913
1.4345785928815316
1.434231726630772
1.4315917564136549
1.4308480442119078
1.4314436515578879
1.4308488813764064
1.438805253043811
1.4388791508233316
1.4370316995094634
1.4360761755715283
1.435978961356323
1.435716957478419
1.4359077882530955
1.434733515387103
1.4347846145086705
1.4346480767530294
1.4341221225127883
1.4344696960359318
1.4340149582689519
1.4341076919324272
1.4343477498939265
1.4340530987317786
1.4337064715091394
1.4310680430009355
1.4303247642058403
1.4309200143789182
1.4303255855255719
1.4385354749976897
1.4386093981544825
1.4367613239543755
1.4358054767748678
1.435708230195095
1.4354461388604314
1.4356370342080607
1.4344623637612943
1.4345134812230247
1.4343768966260682
1.4338507662360804
1.4341984557179617
1.433743564636567
1.433836329979129
1.4340764690518153
1.4337817189075932
1.433434973886822
1.4307956562260138
1.4300521269699638
1.4306475779951764
1.4300529489810798
1.4394789109648152
1.4395527126532845
1.4377068192519504
1.4367521798600222
1.4366550174869734
1.4363931701764707
1.4365838230282448
1.4354106620120173
1.4354616367640796
1.4353252731018544
1.4347996760433404
1.4351470463340739
1.4346926916813802
1.4347853169445821
1.435025159799087
1.434730730608088
1.4343844636435557
1.4317482294005746
1.4310055669578294
1.431600303637238
1.4310063572794107
1.4392769710273738
1.4393508080727324
1.437504447158251
1.4365495271141058
1.4364523550022623
1.4361904731364388
1.436381182663188
1.4352076645124647
1.4352586922791981
1.4351222649909225
1.4345965774164182
1.434943991343988
1.4344895217913585
1.4345821854151537
1.4348220952675623
1.4345276045820259
1.4341812163875063
1.4315443295882158
1.4308014841997734
1.431396377199949
1.4308022896747374
1.4390754246870816
1.4391493134132647
1.4373024846371676
1.4363472457197686
1.4362500784037604
1.4359881930198652
1.4361789674668501
1.4350050332327162
1.4350561532736694
1.4349196338642798
1.4343938973701054
1.4347413116022931
1.4342867272356028
1.43437944382127
1.434619426836096
1.4343248873980412
1.4339783450921446
1.431340820044689
1.430597796610569
1.4311928516131773
1.43059863187376
1.4390071929812525
1.4390810554038835
1.4372340716031629
1.4362788283174452
1.4361816238410343
1.435919654518451
1.4361104286181527
1.4349365128866556
1.4349875589935523
1.4348510848639613
1.4343252211397104
1.4346727510260178
1.4342181281589736
1.4343108234618553
1.4345508144254515
1.4342562247578408
1.4339097187651892
1.431271942813294
1.4305288469638966
1.4311239408162073
1.4305296531302454
1.4391420820043133
1.439215931738308
1.437369259380707
1.4364141777157753
1.436316989421648
1.4360550638274452
1.4362458056406702
1.4350720886995603
1.435123125636375
1.434986674927442
1.4344608992780645
1.434808371185003
1.434353824975166
1.4344465044385046
1.4346864548465066
1.4343919146699335
1.4340454675763477
1.431408136200755
1.430665165581835
1.4312601590080785
1.4306659714024914
1.4397486890109363
1.4398224653221332
1.4379771948070386
1.4370228786566832
1.4369257486482014
1.4366639887944586
1.4368545770732801
1.4356818136378264
1.4357327700497253
1.4355964532288157
1.4350710323200486
1.435418286652044
1.4349640853137648
1.43505667889788
1.4352964406411983
1.4350021104322732
1.4346559612658734
1.4320206161754958
1.431278204193706
1.4318727400209799
1.4312789938239032
1.439681244499406
1.439755027154921
1.4379096009182664
1.4369552039575177
1.4368580658578944
1.4365962841399615
1.4367868885620214
1.435614025731374
1.4356649867283138
1.4355286581970752
1.4350031932508716
1.4353504765725515
1.4348962369056686
1.4349888384095555
1.4352286204306701
1.4349342654762267
1.4345880868602938
1.4319525194817653
1.431210044884737
1.4318046309250445
1.43121083468778
1.4398827908396985
1.4399565218143888
1.4381115634393495
1.4371574853518554
1.4370603424563964
1.4367985642565355
1.4369891037583593
1.4358166570111226
1.435867525733843
1.4357312893237182
1.435205873297185
1.435553156314246
1.435099031461424
1.4351915800034392
1.4354312888621368
1.4351369826602116
1.4347909581556555
1.4321560290252922
1.4314137324739413
1.4320081565118166
1.4314144924887575
1.442896032901251
1.4429697340069096
1.441127110061395
1.4401740912456493
1.4400771278558393
1.439815801767822
1.4400061321021185
1.4388349404871226
1.4388858974724261
1.4387497227369777
1.4382251336572751
1.4385718085001995
1.4381182589199317
1.4382107470704864
1.4384501764202868
1.438156292369215
1.437810578082098
1.4351790405065765
1.4344377027838857
1.4350313963529162
1.434438518745387
1.4428289819868698
1.442902705760782
1.4410599257452392
1.4401067878980636
1.440009830951742
1.4397485140367838
1.4399388687595789
1.4387675188004747
1.4388185196303678
1.4386823046895267
1.4381577131687073
1.4385043736690986
1.4380507858461022
1.438143296517707
1.4383827523098174
1.4380888562552459
1.4377430796372068
1.4351113340816786
1.4343699386437685
1.4349636881074979
1.4343707694129595
1.438085517971439
1.4381592462371098
1.4363147546782822
1.4353608808009302
1.4352637767135268
1.4350020951434845
1.4351925944608552
1.4340203869502837
1.4340712811774297
1.4339350514032283
1.4334098090853247
1.4337569618011152
1.433302952019979
1.4333954914039573
1.4336351455937786
1.4333409263704275
1.4329949573330816
1.4303607093753155
1.4296186055697007
1.43021288465014
1.4296193797008232
1.4399525969341251
1.4400264195081078
1.4381816147638198
1.4372273881604951
1.4371303405639608
1.4368687704517833
1.437059343281934
1.4358866422363994
1.4359377419313715
1.4358013462611923
1.4352762238500154
1.4356232178840873
1.4351691318751192
1.4352617601050335
1.435501485673015
1.4352072806687206
1.4348610883253643
1.4322264673320162
1.4314842627960203
1.4320786707108548
1.4314851104470556
1.4402219813830968
1.4402957622558719
1.4384515807462914
1.4374977156055766
1.437400685838979
1.437139172146312
1.43732967215825
1.4361574276424043
1.4362084697376643
1.4360721494038642
1.4355471615461144
1.435894082953666
1.4354401501732372
1.4355327321227864
1.4357723704150673
1.4354782516508289
1.435132209986993
1.432498463838105
1.4317565048630454
1.4323507062440792
1.431757337187852
1.4412886387003288
1.4413623805809155
1.4395183554898308
1.4385646476015839
1.4384675968568672
1.4382060429538923
1.4383965103320702
1.4372244831092489
1.4372754421003702
1.4371391904670268
1.436614163454074
1.4369611425363762
1.4365072479128003
1.436599792740021
1.436839398425479
1.4365452789227213
1.4361993324711961
1.433565779994171
1.4328238738343113
1.4334180136389807
1.4328246767165835
1.4423552960175603
1.4424289989059584
1.4405851302333699
1.4396315795975905
1.4395345078747546
1.4392729137614722
1.43946334850589
1.4382915385760924
1.4383424144630754
1.4382062315301891
1.4376811653620325
1.4380282021190849
1.4375743456523629
1.4376668533572554
1.4379064264358894
1.4376123061946133
1.4372664549553986
1.434633096150237
1.4338912428055772
1.4344853210338817
1.4338920162453148
1.4426944865609583
1.4427682393474421
1.4409251475403113
1.4399718098513123
1.4398748512573376
1.4396135216512487
1.4398039169057808
1.438632309207374
1.4386833584668974
1.438547091610335
1.438022453610962
1.4383691287585048
1.4379154643641763
1.4380080054766025
1.4382475079888202
1.4379535751852301
1.4376077067867365
1.4349755309630499
1.4342340151946815
1.434827870766144
1.4342348609444093
1.4425572359550018
1.4426309034865108
1.4407875023270695
1.4398342323435072
1.439737170359466
1.439475610801504
1.4396659888709469
1.438494536075645
1.4385453589479569
1.438409239641121
1.4378842639889546
1.4382312571091709
1.437777515542385
1.4378699848866838
1.438109490967414
1.4378154322206749
1.437469702211448
1.4348369959625955
1.4340953255636333
1.4346892474711705
1.434096083849988
1.4426242868693828
1.4426979317326385
1.4408546866432255
1.4399015356910931
1.4398044672635633
1.4395428985325425
1.4397332522134867
1.4385619577622932
1.438612736790016
1.438476657688572
1.4379516844775229
1.4382986919402723
1.4378449886162148
1.4379374354394636
1.4381769150778838
1.4378828683346445
1.4375372006563396
1.434904702387494
1.4341630897037507
1.434756955716589
1.4341638331824154
1.4427591758924434
1.442832808067063
1.440989874420769
1.4400368850894236
1.4399398328441775
1.439678307841536
1.4398686292360041
1.4386975335751975
1.438748303432839
1.438612247752053
1.4380873626158766
1.438434312099257
1.4379806854324069
1.4380731164161122
1.438312555498939
1.4380185582467369
1.437672949467498
1.4350408957749543
1.434299408321689
1.4348931739084598
1.4343001514546614
1.4427591758924434
1.442832808067063
1.440989874420769
1.4400368850894236
1.4399398328441775
1.439678307841536
1.4398686292360041
1.4386975335751975
1.438748303432839
1.438612247752053
1.4380873626158766
1.438434312099257
1.4379806854324069
1.4380731164161122
1.438312555498939
1.4380185582467369
1.437672949467498
1.4350408957749543
1.434299408321689
1.4348931739084598
1.4343001514546614
1.4429615094270345
1.4430351225686995
1.4411926560870851
1.440239909186919
1.440142881215098
1.4398814218050267
1.4400716947697805
1.4389008972945543
1.4389516533970732
1.4388156328472739
1.438290879823408
1.4386377423377346
1.4381842306566952
1.4382766378810856
1.4385160161305222
1.4382220931148761
1.4378765726842357
1.4352451858561455
1.4345038862485966
1.4350975011962657
1.4345046288630305
1.4422180454116036
1.4422916630450273
1.440447485020128
1.4394940020897855
1.4393968269768833
1.4391350029117274
1.4393254204710564
1.4381537654443632
1.4382044149441358
1.4380683795609748
1.437542975740025
1.437890330469751
1.4374363968305717
1.4375288327673363
1.4377684094144834
1.4374741632300583
1.4371284503801105
1.4344945611497826
1.4337525531745288
1.4343466977389083
1.4337532391508938
1.4410164990713115
1.4410901683855597
1.4392455224990448
1.4382917206954482
1.438194550378382
1.437932722795154
1.4381232052747193
1.436951134164615
1.4370018759386072
1.4368657484343321
1.4363402956937124
1.436687650728057
1.436233602274817
1.436326091173453
1.4365657409830177
1.4362714460460737
1.4359255790847492
1.4332910516062563
1.4325488655853245
1.4331431721521364
1.4325495813499165
1.4411509944972227
1.4412246347988997
1.4393803007039727
1.4384266987421994
1.4383295300727865
1.4380677151806895
1.4382581571285176
1.4370863437577157
1.4371370371020773
1.437000961513524
1.4364755552514576
1.4368228956386506
1.4363689237567427
1.4364613822145578
1.4367009853040147
1.4364067271160894
1.4360609519352199
1.4334268547248847
1.4326847890344117
1.4332789894934899
1.4326854898184664
1.4414203789461943
1.4414939775466638
1.439650266686444
1.438697026187281
1.4385998753478049
1.4383381168752187
1.4385284860048333
1.4373571291637204
1.4374077649083699
1.4372717646561959
1.4367464929475566
1.437093760708229
1.4366399420548608
1.4367323542323103
1.4369718700460672
1.4366776980981975
1.4363320735968488
1.433698851230974
1.4329570311014366
1.4335510250267145
1.4329577165592629
1.440908487768504
1.440982126357262
1.4391418375382072
1.4381899544362857
1.4380931414828637
1.4378322054321926
1.4380223101084397
1.4368524915235146
1.436903458252304
1.4367674021816603
1.4362435568561485
1.4365897101893703
1.4361367357099073
1.4362291342664437
1.4364682717783197
1.4361747843940647
1.4358294460871646
1.4332012714501972
1.432460882756127
1.4330538344929813
1.4324617253946248
1.4385689036279568
1.4386424759946939
1.436801410658649
1.435849352830985
1.4357524122140708
1.4354911806189576
1.4356813165398294
1.4345113546724289
1.4345621087691292
1.4344261651172252
1.43390185002661
1.4342484083015588
1.433795241663827
1.4338875922115517
1.4341267941253306
1.4338331065613703
1.4334878182951385
1.4308584463685512
1.4301177151981714
1.4307108839102018
1.4301184708918342
1.442030921924312
1.442104610341334
1.4402622978389388
1.43930944064398
1.4392124934364539
1.4389512110768168
1.4391415091246365
1.4379705163000276
1.4380214641152491
1.4378853128004592
1.4373608117956298
1.4377074286591849
1.4372539557361246
1.4373464280471355
1.4375858168413427
1.4372919822813082
1.436946326893257
1.4343152338940381
1.4335740214018242
1.4341676145447873
1.433574837017633
1.4403677508848138
1.4404413912563105
1.4385998577101826
1.437647442788227
1.4375505215017785
1.437289317425842
1.4374795265122116
1.4363090896124842
1.4363599752429534
1.4362239109748713
1.4356995885609058
1.4360461038082561
1.4355928224423387
1.4356852405532128
1.4359245217939223
1.4356307982194627
1.4352853229604652
1.432655327093857
1.4319144227778184
1.432507759173947
1.4319152228945524
1.4404351953963441
1.4405088294235229
1.4386674515989544
1.4377151174873921
1.4376182042920862
1.437357022080339
1.4375472150234705
1.4363768775189367
1.4364277585643652
1.4362917060066116
1.435767427630083
1.436113913887749
1.4356606708504347
1.4357530810415375
1.4359923420044505
1.4356986431755092
1.4353531973660445
1.4327234237875874
1.4319825820867877
1.4325758682698826
1.4319833820306755
1.4412320746674543
1.4413056950797172
1.4394638507874056
1.4385113506867382
1.4384143841487456
1.4381530742699316
1.438343299152255
1.4371727813599717
1.4372235976414252
1.4370875669428127
1.4365630732613344
1.4369097331524876
1.4364563749576134
1.4365487797054741
1.43678808917275
1.4364942906232159
1.4361488222279302
1.4335183531687319
1.432777313822177
1.4333707392810418
1.4327780850149148
1.441299125581835
1.4413727233258449
1.439531035103561
1.4385786540343246
1.438481681052843
1.4382203620009697
1.438410562494794
1.4372402030466196
1.4372909754834835
1.437154984990264
1.4366304937499024
1.436977167983589
1.436523848031443
1.4366162302582535
1.4368555132832193
1.4365617267371846
1.436216320672821
1.43358605959363
1.4328450779622943
1.43343844752646
1.4328458343473418
1.440975538682885
1.4410491546033894
1.439209021854363
1.438257257783872
1.4381604383869608
1.4378994931632312
1.4380895734509793
1.4369199132101624
1.4369708360943625
1.4368348202291112
1.436310977344717
1.4366571450204715
1.4362042087837368
1.4362965848192228
1.436535695888789
1.436242220508034
1.4358969445320555
1.433268977875095
1.4325286468962446
1.4331215427383996
1.4325294747270518
1.4409069133799068
1.4409804866729239
1.4391401992477422
1.438188469029969
1.4380915979380255
1.437830537738359
1.4380206094335624
1.436851026644298
1.4369018363348922
1.436765894244505
1.436241882533713
1.4365882091958049
1.4361352343728413
1.4362275745242636
1.436466687378086
1.436173149025756
1.4358279422444116
1.433199710374868
1.4324593020807204
1.433052231090913
1.4324600861798413
1.440637135333786
1.440710734004075
1.438869823692654
1.4379177702333086
1.4378208667767973
1.4375597191203713
1.4377498553885273
1.4365798750184888
1.4366307030492464
1.4364947141175435
1.435970526257005
1.4363169688778346
1.4358638407404565
1.4359562125709657
1.4361954065359752
1.4359017692015708
1.435556444622094
1.4329273235999465
1.4321866648448436
1.4327797947071714
1.4321874496353488
1.440839075271227
1.4409126385846271
1.4390721957863535
1.438120422979225
1.438023529261509
1.4377624161604035
1.4379524957535845
1.4367828725180414
1.4368336475341281
1.4366977222284751
1.4361736248839272
1.4365200238679208
1.4360670106304785
1.4361593441003944
1.4363984710675
1.4361048952276327
1.4357596918781437
1.4331312234123053
1.4323907476028994
1.4329837211444603
1.4323915172400223
1.4409061261856084
1.4409796668307548
1.4391393801025094
1.438187726326811
1.438090826165606
1.437829703891442
1.4380197590961241
1.43685029420469
1.4369010253761865
1.4367651402759267
1.4362410453724956
1.4365874586990217
1.4361344837043086
1.436226794653174
1.4364658951779694
1.4361723313416022
1.435827190323035
1.4331989298372032
1.4324585117430173
1.433051429389879
1.4324592665724496
1.4408382880769286
1.4409118187424583
1.4390713766411212
1.4381196802760667
1.4380227574890896
1.4377615823134868
1.4379516454161458
1.4367821400784335
1.4368328365754224
1.4366969682598973
1.4361727877227093
1.4365192733711376
1.4360662599619458
1.4361585642293042
1.4363976788673831
1.4361040775434788
1.4357589399567674
1.4331304428746405
1.4323899572651961
1.4329829194434263
1.4323906976326306
1.4389727835028399
1.4390462851557981
1.4372061548460482
1.4362546583228182
1.4361577371834937
1.435896574699022
1.436086597269944
1.4349173496715337
1.4349679977388923
1.4348321813390892
1.4343080472804544
1.4346545182817314
1.434201581443871
1.4342938552704085
1.4345329231883803
1.434239358613494
1.4338943128072377
1.431266245993269
1.430525880714283
1.4311187367847802
1.4305266061011808
