1.428617819022901
1.427682530757308
1.4275394290237247
1.4315837620197787
1.4321938711439994
1.4319522355708774
1.4316471501612011
1.4310102862949408
1.4304882439895161
1.430820308022822
1.431394658673875
1.432296040822779
1.4311114540386076
1.4313057147264638
1.431227774465173
1.428345129707881
1.4285330901226554
1.4281370913025537
1.4276716843956394
1.4277202226473318
1.427843442584234
1.4273147411175198
1.4283424757076826
1.4271701557973453
1.427615901838873
1.4241299481814975
1.423799792562545
1.4236716259356006
1.4290071624590115
1.428072328925779
1.4279291971508368
1.4319715469242573
1.4325813730684684
1.432339815580656
1.4320348376936518
1.4313982798257519
1.43087647270363
1.4312084060887054
1.4317824838185416
1.4326833824440277
1.4314993392153823
1.4316935280407947
1.4316155922043763
1.4287345850091573
1.42892239801412
1.4285266155844587
1.42806137037932
1.4281098377246961
1.4282330046304192
1.4277045545108193
1.4287318241321905
1.427560004342334
1.4280055187659408
1.4245214833685733
1.4241914709646686
1.4240633111850889
1.4282745941487864
1.4273387951424172
1.4271950240767044
1.4312414653680803
1.431851988678729
1.4316099873493102
1.431304493157301
1.4306672599019596
1.430144821952598
1.430477250102898
1.431051951931695
1.431953557609825
1.430768131758594
1.430962632568028
1.4308844511177052
1.4280016329884253
1.4281893635605918
1.4277932900813424
1.4273272457875958
1.427375529794253
1.4274988578355898
1.4269698338003938
1.4279983356079478
1.4268249609532953
1.4272708619902912
1.4237843305659605
1.4234538919579696
1.4233253261687542
1.4280648219653602
1.4271287895217923
1.426985107885583
1.431032579812799
1.431643238249093
1.431401226103299
1.4310957070319528
1.4304583193975502
1.429935774558096
1.4302682468949632
1.4308430841289772
1.431744971660926
1.4305592908343172
1.4307538117546008
1.4306756528979412
1.4277918187686147
1.4279796666356739
1.427583464347635
1.4271173850198016
1.427165740572031
1.4272890907273297
1.426759941901165
1.4277886566134939
1.4266150771189914
1.4270611081256779
1.4235734259862847
1.4232429267150049
1.423114398618219
1.4289209363536874
1.427987141145812
1.4278437557557508
1.4318815457169392
1.4324907510670293
1.4322492987054636
1.431944490539473
1.431308624617586
1.430787319903998
1.4311190121744266
1.4316924784700031
1.4325921889375244
1.431409326702852
1.4316033933886931
1.431525405492989
1.4286485758599585
1.4288359482178803
1.428440704200632
1.4279757082824844
1.4280239258576162
1.4281469844472547
1.4276190976521925
1.4286453700428325
1.427474562473083
1.4279195203545436
1.4244402800048395
1.4241105624742034
1.423982315310916
1.4299352196531756
1.429001504737789
1.428858521085921
1.4328960298763282
1.4335051294774368
1.4332638518817387
1.4329592294474123
1.43232343243577
1.4318022453765813
1.432133788728438
1.4327071809890553
1.4336069910823275
1.4324243571496509
1.4326183188578419
1.4325404685019003
1.4296629635548292
1.4298505388052232
1.4294552355109582
1.4289905320106622
1.429038930367489
1.4291619514903822
1.4286341323863339
1.4296601808468599
1.42848974701938
1.4289347248803743
1.4254549103778509
1.4251252888442685
1.4249972695314377
1.4299654205839172
1.4290317178105676
1.4288885853410511
1.4329260160824122
1.43353512841224
1.433293794363982
1.4329891141656574
1.4323533199137766
1.4318321114514696
1.4321636970784228
1.4327370914498236
1.4336368213588762
1.4324541538214308
1.4326481471703632
1.4325702472022237
1.4296931366931742
1.4298806247635956
1.429485362696467
1.4290205675625682
1.4290688937345684
1.4291919236607162
1.428664102791491
1.4296901904112593
1.4285196661429984
1.4289646156825326
1.425485184350126
1.4251555409280738
1.4250274393830196
1.4320977652512372
1.4311629681441147
1.4310193899162276
1.4350615055425093
1.435671369872879
1.4354296430273865
1.435124491848387
1.4344879422597718
1.4339660709282978
1.4342981311386622
1.4348722152008493
1.4357728732736745
1.434588729230723
1.4347830129783605
1.4347049283053472
1.4318251044241916
1.432012655889236
1.4316169971409873
1.43115147703504
1.431199727825934
1.4313229211414225
1.4307944657262934
1.4318218528253905
1.430649761713189
1.4310951911724172
1.4276123052853995
1.4272822272160868
1.427153820739835
1.4316694222951667
1.4307365244099766
1.4305932277548448
1.4346271293198125
1.4352357559811644
1.4349945162427773
1.4346899808861304
1.4340547242012016
1.4335339112573364
1.4338652999562096
1.4344382182985675
1.4353370419034734
1.4341553003846226
1.434349191704835
1.4342712622710732
1.4313973133241655
1.4315844780424376
1.4311896255789334
1.4307250446979394
1.4307731926452654
1.4308961363692914
1.4303687540336352
1.4313940573274482
1.4302243404394435
1.4306688634065212
1.4271930764067164
1.4268636671946444
1.4267355159583115
1.43334048072054
1.4324071523870627
1.432263588137994
1.4362993168275024
1.4369082519263023
1.4366668211974858
1.4363620627901692
1.4357265056264041
1.4352054146930016
1.4355370185902967
1.4361102140754398
1.4370093608353225
1.4358270085514078
1.4360210350155473
1.4359430019325168
1.4330682042995795
1.4332553420677168
1.4328603556680468
1.4323954298180726
1.4324435043020602
1.4325665186637742
1.4320388814506513
1.4330647280317406
1.4318943301416909
1.4323390280837711
1.4288620891641912
1.4285324929601335
1.428404170411987
1.4324310835127654
1.4314977916053977
1.4313537809033847
1.435389275445755
1.4359982487307128
1.4357566486442164
1.435451716944904
1.4348161680604252
1.4342950129176695
1.4346267436402524
1.4351999454577469
1.4360988516649693
1.4349163985667477
1.4351105199531122
1.4350323380334873
1.4321587237146143
1.4323455999428334
1.4319507372245757
1.431485536473792
1.431533394403298
1.431656435174777
1.4311287926661242
1.4321547567249402
1.430984087512545
1.4314287004902473
1.4279529110810176
1.4276232492115521
1.427494679966733
1.429934111629807
1.4289990250770708
1.428854836905198
1.4328981082400085
1.4335082389024418
1.4332662135695873
1.4329607362515895
1.4323239688931935
1.4318018302109923
1.4321341680766873
1.4327084658006182
1.4336091457330715
1.432424451203207
1.4326189233208289
1.4325406244773191
1.4296612487862015
1.429848540293719
1.4294528944679739
1.428986863642883
1.4290348608279975
1.4291581313307031
1.428629479903239
1.4296573821557095
1.4284845315798247
1.4289300143862913
1.4254473182772638
1.42511703977067
1.4249882786719423
1.4286496542854092
1.4277142297189114
1.427570026873647
1.4316147661131704
1.4322251121927907
1.4319830141828134
1.4316774417818126
1.431040445614587
1.430518125194129
1.4308505716147708
1.4314250745573103
1.4323260970862712
1.4311409864885707
1.4313355204132105
1.4312572058479973
1.4283767005948305
1.4285640808647135
1.4281682830529219
1.4277021080430987
1.427750140361744
1.4278734528386472
1.4273446124595532
1.4283728732284284
1.427199624951987
1.427645274391529
1.4241612353800248
1.4238308439900285
1.423702057197721
1.4313119141215653
1.4303784252031089
1.430234057477655
1.4342703485087251
1.4348794951054866
1.4346377148449352
1.4343325849742903
1.4336968899900362
1.4331755637478356
1.4335074654822741
1.4340808090373363
1.434979756545717
1.4337969476578103
1.4339911840772506
1.4339128759146944
1.4310394289098387
1.431226160893031
1.4308312930473968
1.4303657823617182
1.4304134952823133
1.430536584577519
1.430008811982369
1.4310351064236864
1.4298639610490957
1.43030861903211
1.4268328284181682
1.4265030402200052
1.4263742619709432
1.4333393726971724
1.4324046727263442
1.4322599039572717
1.4363013951911827
1.4369113613513076
1.4366691828853342
1.4363635695943464
1.4357270420838284
1.4352049995274128
1.435537397938546
1.4361114988870027
1.4370115154860665
1.4358271026049636
1.4360216394785348
1.4359431579079358
1.4330664895309515
1.4332533435562127
1.4328580146250631
1.4323917614502937
1.4324394347625682
1.4325626985040953
1.4320342289675563
1.4330619293405902
1.4318891147021346
1.4323343175896879
1.4288544970636041
1.4285242438865353
1.4283951795524916
1.4314283411576305
1.4304938260558537
1.4303495631278704
1.4343903359221273
1.4350001160417296
1.4347581742023716
1.4344528168467143
1.4338164326762097
1.4332945826223569
1.4336267677465384
1.4342007248466442
1.4351007803287694
1.4339167568421207
1.4341111470418741
1.434032841326405
1.4311556111973818
1.4313426966476424
1.430947331616733
1.4304814800104602
1.4305293705164732
1.4306525769310188
1.4301242392461537
1.4311515700774438
1.4299793220419659
1.4304245082456661
1.4269443057541777
1.426614200794276
1.4264854276966985
1.4328478855244833
1.4319138372971036
1.4317693955101132
1.4358081070326905
1.436417616901003
1.436175696694394
1.4358703890974107
1.4352343136850272
1.43471267741136
1.4350447741624084
1.4356184604520799
1.436517952226567
1.4353344386906766
1.4355287886687278
1.4354504377659323
1.4325752396370024
1.4327620904974796
1.432366983084147
1.4319012015460473
1.4319489489609172
1.432072111147538
1.431544023044612
1.4325709280663517
1.4313990897105733
1.4318440159748935
1.4283661149135294
1.4280361312802055
1.427907282797769
1.4317287161332826
1.4307944708948146
1.430649672084383
1.4346891800956612
1.4352988632757766
1.4350567628951134
1.434751257126797
1.4341150356146393
1.4335932282415265
1.4339254960044296
1.434499324031669
1.4353988571073149
1.434214987781739
1.434409452792866
1.4343309756471392
1.431455944832227
1.4316426514476777
1.431247538906968
1.4307814474339737
1.4308290498399332
1.430952260550281
1.4304240423608565
1.4314512777650976
1.430278963247124
1.430723934516756
1.4272460322506804
1.4269159222886592
1.4267868648019797
1.4263075374346628
1.4253729737647391
1.4252293061073484
1.4292703910977906
1.4298801203025155
1.4296384042733972
1.4293332779737349
1.4286968827641815
1.4281751183227986
1.4285071343465963
1.429081083003567
1.4299814592225732
1.4287975701550006
1.4289918337917868
1.4289137265251102
1.4260349186440018
1.4262223528141544
1.4258268228746946
1.4253613378028334
1.4254095170481558
1.4255326882496817
1.425004357625522
1.426031531819844
1.4248596455474924
1.4253049450370305
1.4218232098650756
1.4214931924590513
1.42136474829037
1.4253234550659175
1.4243888232455415
1.4242446050323103
1.4282858931444866
1.4288957408269114
1.428653793579366
1.428348423784041
1.4277119624240044
1.4271900589251056
1.427522266142571
1.4280962909452848
1.4289964873543197
1.4278123363799817
1.4280067366351608
1.4279284422165228
1.425050704087477
1.4252378481851828
1.4248424187498792
1.4243765496265632
1.4244244759053624
1.4245476933768886
1.4240192932965392
1.4250467305802172
1.4238743801248137
1.42431963131336
1.42083885346434
1.4205087181727936
1.4203799639214305
1.4280230800902654
1.4270881784065803
1.426944496075797
1.4309870489709529
1.4315969935928643
1.4313552048866243
1.4310499835039578
1.430413359485575
1.4298914133059362
1.4302235378846802
1.4307976917602596
1.431698410575774
1.4305141054403643
1.4307084308841689
1.430630307895789
1.4277503704526313
1.4279378933851488
1.4275422114596428
1.4270765822030498
1.4271247965819025
1.4272480097576261
1.4267194901818365
1.4277470228925633
1.4265747389196555
1.4270202050422691
1.4235371269678376
1.4232069966784102
1.4230785268161494
1.4269785958600367
1.4260436017418259
1.4258996664904977
1.4299425786054805
1.4305526162476534
1.4303107092281055
1.4300053598777738
1.4293686641893844
1.4288466217584646
1.4291788529806837
1.429753078780439
1.4306537781544226
1.4294692783217855
1.4296636771024989
1.4295854661865541
1.426705809619416
1.426893216839434
1.4264975529638086
1.4260317229229666
1.4260798287049503
1.4262030705441646
1.425674485042538
1.426702202524136
1.4255296352497397
1.42597510971428
1.4224922226225507
1.42216201822454
1.4220334027440458
1.428188368043462
1.4272536073624496
1.427109582681618
1.4311514641607614
1.4317613666772893
1.4315194704741168
1.4312141460031214
1.4305776046937932
1.4300556691529653
1.430387856188618
1.4309619465831567
1.4318623641033212
1.430678119246063
1.4308724979159257
1.4307942644063174
1.427915623839226
1.4281029137643517
1.427707378697515
1.4272415836907595
1.4272896179271712
1.427412837652424
1.4268843769417665
1.4279118815185898
1.4267395190840433
1.4271848635788933
1.423703127202226
1.4233729834675044
1.4232443302945812
1.4278638031557382
1.4269296867779062
1.4267846944350746
1.430823609079386
1.4314332374253986
1.4311910860003623
1.4308855349077165
1.4302493933448512
1.429727618013667
1.4300599059583827
1.4306336683937977
1.4315329803583141
1.430349204915658
1.4305436915121015
1.4304651534573454
1.4275910250804775
1.4277775858685087
1.4273825789593317
1.426916413369778
1.426963907818124
1.4270871162747452
1.426558958715629
1.4275861268267247
1.4264138242878945
1.4268587022512225
1.4233817585127941
1.423051656993948
1.4229224984288298
1.4295162015947216
1.4285804997246465
1.4284355381177476
1.4324813550167528
1.4330919801571578
1.4328495272072577
1.4325435709032603
1.4319063597260149
1.4313837505517129
1.4317165169027815
1.4322912356178485
1.433192199822217
1.4320065051328352
1.4322012590682018
1.4321226807202938
1.4292430180951847
1.429430051227569
1.4290343075654182
1.4285675302028487
1.4286152367308869
1.428738635198263
1.4282095970416575
1.429238412123148
1.4280643139422415
1.4285099884075623
1.4250265223441645
1.424695908628418
1.4245666849814103
1.428700149534307
1.4277657437108604
1.427620141424044
1.431660211776884
1.432270106454961
1.4320276565425625
1.4317217793109185
1.4310854199782717
1.4305633772963608
1.4308959428964072
1.4314699189935658
1.4323692528177097
1.4311849268881411
1.4313796018545697
1.4313008496293171
1.4284271694424857
1.428613470272991
1.4282184762863175
1.4277517999776197
1.4277990408201866
1.4279223264640257
1.4273939728925735
1.4284216561570429
1.4272485941545292
1.4276935254650949
1.4242167715046574
1.42388646954853
1.423756956360936
1.434268537914704
1.4333363281990719
1.433192912073078
1.4372237997795727
1.4378320083352705
1.4375908574985672
1.4372864545439294
1.4366516582364217
1.4361311873659517
1.4364624012300278
1.437034911245952
1.4379329694736216
1.4367520264856752
1.4369458258325931
1.4368678782300404
1.433996582845251
1.4341834828588202
1.4337889755945459
1.4333245914494137
1.4333725969448523
1.4334954655237366
1.4329684593261642
1.43399308474641
1.4328240728187365
1.433268234198204
1.4297955161734686
1.4294663108397327
1.4293381287583353
1.4326276804200724
1.431695913294765
1.4315526159450593
1.4355815984779672
1.4361895113249363
1.4359484950261034
1.4356442573581354
1.4350097642892263
1.434489550005177
1.4348205909459262
1.4353928259298496
1.436290480818322
1.4351101149906702
1.4353038108344034
1.4352259172689206
1.4323558650081822
1.4325427047919128
1.4321483726909416
1.431684241881187
1.431732248655138
1.4318550553995886
1.4313283023143066
1.4323524236065173
1.431184002240107
1.4316279603231132
1.428156777388269
1.4278277371580506
1.4276996441562417
1.4327627674425267
1.4318311291778556
1.43168763829575
1.4357160274616916
1.4363238854745575
1.4360828181313519
1.4357785351390542
1.4351441220194379
1.4346239397773164
1.4349550008998786
1.4355271702919774
1.4364246040693196
1.4352443321245887
1.435438049553638
1.4353600950791254
1.432490945256432
1.4326776392127436
1.4322834127433044
1.43181920781699
1.431867106633328
1.431989911124052
1.4314632186690786
1.4324872726681437
1.431318863280877
1.4317627280575784
1.4282925036503826
1.4279634718633385
1.4278352777830912
1.4331076266484084
1.4321763506815712
1.4320325768375626
1.4360593420006982
1.4366670100538161
1.436425902482612
1.436121599045321
1.4354874202540582
1.434967376943959
1.4352984140617662
1.4358703824568233
1.436767313269217
1.4355873901827854
1.4357811090862993
1.4357030711090948
1.4328358397244927
1.4330222705584936
1.432628278529375
1.432164034520588
1.4322117538337398
1.432334533956776
1.4318080269230806
1.4328318007242244
1.431663608155951
1.432107249656658
1.428639134492172
1.428310171811592
1.4281818389604766
1.4322729146016056
1.431341779637441
1.4311976634433836
1.4352237571905069
1.4358313831382414
1.4355901680701044
1.4352857615444847
1.4346516654622765
1.4341316327909879
1.4344627323657049
1.4350346372797205
1.4359312667967645
1.434751403988484
1.434945176118057
1.4348670276196238
1.4320010931110874
1.4321872909376965
1.4317934457672474
1.4313290360082973
1.43137657517901
1.4314993618515741
1.43097291368301
1.4319966593502513
1.4308283883203388
1.4312719081932817
1.4278051347265606
1.4274761586006863
1.4273476424389075
1.4333591407069293
1.4324269674174075
1.4322831048384688
1.436313758397825
1.436922005139681
1.436680684945298
1.4363761086986635
1.4357413206704426
1.43522078559062
1.4355521262799837
1.4361246426282597
1.437022460303268
1.435841416501015
1.4360353107701582
1.4359572143310109
1.4330871022602862
1.4332737407339362
1.4328793571510743
1.4324146981051329
1.43246248704609
1.4325853820347387
1.4320583705416374
1.4330831134396096
1.4319138301895906
1.4323579066046797
1.428886338090295
1.4285570670911518
1.4284286383130809
1.4330444824317894
1.4321119589864704
1.4319682305517871
1.4360004300649025
1.4366088794952259
1.4363675430762814
1.4360629295106417
1.435427909913829
1.434907214498868
1.4352386214680815
1.4358113409241824
1.4367095813799196
1.4355281551145982
1.4357220795500183
1.4356440170013653
1.4327723809305706
1.432959195346559
1.4325646185505132
1.4320999069534424
1.4321478032127577
1.4322707313723493
1.431743532692794
1.4327685949479283
1.431599004438135
1.4320432758077593
1.428569981220781
1.4282406192267045
1.428112246987278
1.4334524858542899
1.4325215721852873
1.432377515379375
1.4364026565397046
1.4370101346330744
1.4367689868338724
1.4364646629515883
1.4358307184886792
1.4353108141106008
1.435641827223654
1.4362135946216699
1.4371100224691151
1.435930448240982
1.4361241686189619
1.4360460471390637
1.433180734192553
1.4333669019042432
1.4329731443154454
1.4325088612241847
1.4325564010341523
1.4326791567894996
1.4321528351770818
1.4331763287803057
1.432008353031025
1.4324517712557374
1.4289857653339615
1.4286568717598453
1.4285284001378615
1.432449743499155
1.4315176066357433
1.431373297603861
1.4354037170160774
1.4360120019440912
1.4357705123920284
1.4354657628533984
1.4348309831044634
1.4343103838152884
1.4346418513299404
1.435214374010567
1.436111951132915
1.4349308065163553
1.435124795707724
1.4350465504319814
1.432177621675321
1.4323639986090524
1.4319697387076027
1.4315048047608527
1.431552377147328
1.4316752985457415
1.431148281757111
1.432173142132809
1.4310035875604454
1.4314475790111558
1.427977160007121
1.427647823342569
1.427519147867827
1.4326150314523514
1.4316830355916128
1.4315383842096818
1.435568132205886
1.4361763750285164
1.4359347779795204
1.4356299253525622
1.4349952283126817
1.4344746396623174
1.4348061696338783
1.435378628833464
1.4362759046604623
1.4350948203220542
1.43528886273948
1.43521050694251
1.4323428750619158
1.4325290189882556
1.4321349059454747
1.431669806248563
1.4317171984925976
1.4318401264405394
1.4313131685170415
1.4323380007588358
1.4311683677248335
1.4316122375477807
1.4281431602415102
1.4278138101316633
1.4276849513462588
1.43258483052161
1.4316528225188345
1.431508319954552
1.435538145999802
1.436146376093713
1.4359048354972774
1.4356000406343177
1.4349653408346748
1.434444773587428
1.4347762612838935
1.4353487183726952
1.4362460743839136
1.435065023650274
1.435259034426959
1.435180728242187
1.4323127019235713
1.4324989330298843
1.4321047787599654
1.4316397706966562
1.4316872351255183
1.4318101542702053
1.4312831981118832
1.432307991194436
1.4311384486012158
1.4315823467456221
1.4281128862692352
1.4277835580478582
1.427654781494677
1.4330345758192036
1.4321030468328624
1.4319582165919245
1.4359859033164486
1.436593875887789
1.4363523004715426
1.4360474976032578
1.4354131093214997
1.4348927344513207
1.4352241760497482
1.4357963644389
1.4366930765582602
1.4355125021706094
1.435706504366334
1.4356281033820375
1.4327625035015366
1.4329484128380925
1.4325545574128895
1.43208952778415
1.432136776937041
1.4322596606570588
1.4317329523154996
1.4327573587477427
1.4315881353934412
1.4320317452770077
1.4285649694008618
1.4282357406175932
1.428106806447329
1.430537603936245
1.4296042803045352
1.4294592725937378
1.4334947361107024
1.4341038660595187
1.433861865396914
1.4335565169099442
1.4329209101542684
1.4323995517446442
1.4327316004861832
1.4333048847817713
1.434203370626362
1.4330205548070691
1.4332149077340515
1.4331363898258698
1.4302650285731235
1.430451353188978
1.430056714656288
1.4295908549532412
1.4296382433617416
1.4297613568129854
1.429233639552614
1.4302599841785126
1.4290885794607204
1.4295330591730522
1.426059376597108
1.425729531176712
1.4256004051525384
1.4331927447303645
1.4322590588008195
1.4321143340519251
1.4361514215716966
1.4367607414802612
1.4365187810456541
1.4362134530036774
1.4355776119196482
1.4350561145780023
1.4353881873242957
1.435961672616926
1.436860661426465
1.4356774967488726
1.435871848201389
1.4357934137959012
1.4329201341050632
1.4331067218432294
1.4327118488702177
1.432246028249645
1.4322935961613297
1.432416733980262
1.4318888312986129
1.4329154561224327
1.4317438345856477
1.4321885375739727
1.4287127457553197
1.428382831228459
1.4282538439751542
1.4320016325333271
1.4310688682105404
1.4309239345612794
1.4349569775867377
1.4355657442640029
1.4353238835474553
1.435018712786824
1.4343834864592775
1.4338624380811191
1.434194291806049
1.4347672333670278
1.435665174945512
1.434483063774203
1.434677303142574
1.4345988279746318
1.4317292178459595
1.43191542358453
1.4315210246195373
1.4310554357689118
1.4311027896831376
1.4312258302429666
1.4306984284903714
1.431724162535847
1.4305534507992437
1.4309976622302683
1.4275260901017468
1.4271964401165118
1.4270673843257133
1.4331065186250402
1.4321738710208525
1.4320288926568396
1.4360614203643784
1.4366701194788212
1.4364282641704607
1.4361231058494983
1.4354879567114824
1.43496696177837
1.435298793410016
1.4358716672683876
1.4367694679199612
1.4355874842363414
1.4357817135492876
1.4357032270845136
1.4328341249558645
1.4330202720469893
1.4326259374863914
1.4321603661528088
1.4322076842942488
1.4323307137970966
1.4318033744399858
1.4328290020330743
1.4316583927163955
1.4321025391625752
1.428631542391585
1.428301922737994
1.428172848100981
1.432271806578237
1.4313392999767218
1.4311939792626613
1.4352258355541871
1.4358344925632462
1.4355925297579528
1.4352872683486617
1.4346522019197
1.434131217625399
1.4344631117139541
1.435035922091284
1.4359334214475084
1.4347514980420406
1.4349457805810444
1.4348671835950424
1.4319993783424592
1.4321852924261922
1.431791104724263
1.4313253676405184
1.431372505639518
1.4314955416918944
1.4309682611999162
1.4319938606591005
1.4308231728807836
1.4312671976991989
1.4277975426259732
1.4274679095270881
1.427338651579412
1.4335128877157732
1.4325819983308445
1.4324376438896356
1.436462628951872
1.4370701325026807
1.436828871798359
1.436524432388078
1.4358904934446928
1.4353705462603794
1.4357016439236248
1.436273415543208
1.4371696830222127
1.4359900415845421
1.4361838252440051
1.436105604539711
1.433241080469243
1.4334270738209869
1.433033398686464
1.4325689323279978
1.4326163277683108
1.432739101130168
1.4322127759873973
1.433236347909105
1.4320681912782613
1.4325115528600545
1.429046313278512
1.428717375927457
1.4285887398410249
1.4331998637724008
1.432268475788733
1.4321233031977458
1.4361503185062579
1.4367582489722142
1.4365165660590355
1.4362116601024224
1.435577354529718
1.4350569902983505
1.4353884943536868
1.4359606192617973
1.4368570300858075
1.4356765159763083
1.435870571398091
1.435792059892567
1.4329277568881316
1.4331134332172957
1.4327197246507626
1.4322545292718605
1.4323015982823113
1.4324244885518576
1.4318978390754298
1.4329222173737703
1.431752915557829
1.4321964038136326
1.428730969635251
1.428401727406688
1.4282726099257612
1.4321251786114293
1.4311936860511978
1.4310484093573157
1.4350758619347015
1.4356838726921997
1.435442127918273
1.4351371517579932
1.4345027717555203
1.4339823326759888
1.4343139010997044
1.4348860958212075
1.4357825673879072
1.4346018921859496
1.4347959893038993
1.4347174394830082
1.431853022916571
1.432038670713208
1.4316449389694181
1.4311796344398697
1.4312266670382794
1.4313495771680613
1.4308228635309725
1.4318473874409434
1.4306778927642958
1.431121417683484
1.4276557913176884
1.4273264968690116
1.427197316002075
1.4302245799928732
1.429290757762423
1.4291449319018479
1.433182425665088
1.4337919825290526
1.4335495596575907
1.4332437446242885
1.4326077712392946
1.4320859957826158
1.4324184509162443
1.4329920885003615
1.4338907176899571
1.4327070291988355
1.4329016538881374
1.4328228451787262
1.4299517049920114
1.4301377125852874
1.4297430406205862
1.4292764518971042
1.4293235138757416
1.4294467442346752
1.4289187026406467
1.429945853643178
1.4287733037402892
1.4292179101266294
1.425744032953847
1.4254138826559426
1.4252842752372745
1.4341196939011598
1.433185754952111
1.4330399738062867
1.4370779828874471
1.4376876073142342
1.4374451790345846
1.4371393515616153
1.4365033009870896
1.435981472085364
1.4363139493122767
1.4368876545990017
1.4377864247155079
1.4366026087366965
1.4367972434814236
1.4367184460688445
1.4338467978821068
1.434032864122828
1.4336381277537322
1.4331715215132073
1.4332186192646308
1.4333418606805448
1.4328137566910324
1.4338410141459512
1.4326683618231368
1.4331130331943227
1.4296385806640093
1.4293084000344602
1.4291788114620068
1.4316139234289837
1.430680555930895
1.43053470002896
1.4345702105695668
1.4351794844535215
1.4349371396673694
1.4346314321567402
1.4339957647701056
1.4334742244967293
1.4338065489821288
1.4343799136450277
1.4352780593112064
1.4340949143756108
1.4342894672024684
1.4342106629179299
1.4313411602932884
1.4315270204767523
1.431132564902491
1.4306661378807848
1.4307131289531065
1.430836306280861
1.4303085160339475
1.4313352020676862
1.4301631522852787
1.430607527053698
1.4271355681409235
1.4268055610580663
1.4266759604867636
