1.6221430452319883
1.6223634960629019
1.6221550007450236
1.6220835415068613
1.6257052876515836
1.6276544169608407
1.627436648102706
1.6274294218235044
1.6274664158458425
1.6300366036321063
1.630749320194971
1.6310344859002355
1.6310419563508827
1.6305642687149078
1.632146625042003
1.6319619837486854
1.6319455170441668
1.6320383008483161
1.6322218645810793
1.630732663033093
1.6293511001078738
1.6296812362892354
1.629820699309977
1.6293881851016796
1.6295716478612725
1.6296263763777235
1.629671663671319
1.629616946659895
1.6307565872547751
1.6294631642829116
1.629363311545476
1.6304552713949734
1.6302397141734233
1.6318610237444953
1.6237209806554782
1.6237147850628177
1.622802029523124
1.6220834037071894
1.6226163046771562
1.6226631153354125
1.6228234215304
1.6236013952480446
1.6229576722757526
1.6236960891066659
1.6256400430485578
1.625375408704358
1.625016270668749
1.625094953962491
1.6246804009410718
1.6248212078969528
1.6255411673500104
1.625835855770865
1.62643807056194
1.6260598054865427
1.6260797579003168
1.6259397565428246
1.624616176607848
1.626075918065447
1.6270644083057157
1.6274807953301724
1.626960794827913
1.6271550945096507
1.626158385579214
1.6271788583582167
1.626697313536018
1.633015187885272
1.622503108114036
1.6227237437743152
1.6225150720830495
1.622443551576303
1.626068314599286
1.6280190629582338
1.6278011115216589
1.627793878939297
1.6278309021284074
1.6304032290072592
1.6311165348331453
1.6314019394947046
1.6314094158715624
1.6309313291910095
1.6325150018076813
1.6323302074226966
1.6323137230725795
1.6324065857057561
1.6325903017881531
1.6310998614714822
1.6297171547817295
1.630047563981948
1.630187144397965
1.6297542684471977
1.6299378811204526
1.6299926567993255
1.6300379800312053
1.6299832160223096
1.6311238060352218
1.6298293053340511
1.6297293705193827
1.6308222370503715
1.630606500713107
1.6322291590088636
1.6240823546691998
1.6240761564447548
1.6231626368850065
1.622443417249165
1.6229767616205288
1.6230236109430973
1.6231840478834507
1.6239626645252896
1.6233184069541695
1.6240574395795824
1.6260030134723387
1.6257381585697492
1.6253787196887886
1.6254574699530298
1.6250425683303298
1.6251834938186827
1.6259040565152973
1.6261989893272772
1.626801702109477
1.6264231235247508
1.6264430885553751
1.62630297007818
1.624978290533907
1.6264392483404915
1.6274285599903928
1.6278452915209967
1.6273248558436246
1.6275193187231738
1.6265217810963932
1.6275431016228346
1.6270611556863437
1.6333842843943633
1.622924582909079
1.623145233922627
1.6229364187190887
1.6228647816584172
1.6264881801602695
1.6284378193413023
1.6282198529288663
1.6282125997226549
1.6282494733037383
1.6308206797824187
1.6315333531824017
1.6318187669243303
1.6318262160822778
1.631348215939807
1.632931144501098
1.632746478320855
1.6327296768951762
1.632822631369319
1.6330062324529078
1.6315164948327425
1.630134889848692
1.6304650116474728
1.6306046402288865
1.6301718068989128
1.6303551110992867
1.6304099956776015
1.6304551549291533
1.6304002948000726
1.6315404643992721
1.6302464245992137
1.6301466178390214
1.6312388335193546
1.6310232147046686
1.6326451132362036
1.6245029656834395
1.6244969778870206
1.6235834974623173
1.622864942549204
1.6233980450244718
1.6234448496818326
1.6236049968205952
1.6243828990693698
1.6237390169877233
1.6244778290607194
1.6264227245874368
1.6261579594622233
1.625798517085212
1.6258773552097803
1.625462339665909
1.6256033142706823
1.6263238957178188
1.6266186285275188
1.6272208142811937
1.6268425083527664
1.626862136472309
1.6267220296036276
1.625398088948551
1.626858529613856
1.6278473048710107
1.628263686982407
1.627743281020954
1.6279377816206353
1.6269407472282384
1.6279614943543133
1.6274797304788915
1.6337997904152846
1.6233222485200904
1.6235429578386873
1.6233339242252496
1.6232621270399177
1.6268844370683961
1.628833016035156
1.6286149922682764
1.6286077116839053
1.6286444024268019
1.631214643998442
1.6319266426000254
1.6322121181184817
1.6322195341422727
1.6317415593016782
1.6333238251171358
1.6331392886499
1.6331220829928597
1.6332151700722275
1.6333986579677713
1.6319095471708382
1.6305290930225094
1.6308589092655488
1.6309986234022587
1.6305657677527676
1.6307487138639576
1.6308037459283928
1.630848705612853
1.6307937141745976
1.6319335526023762
1.6306398681028165
1.6305402058162293
1.6316317902497335
1.6314162821760474
1.633037504947448
1.6248998162306312
1.6248940936839742
1.6239805018466853
1.623262661568617
1.623795551838583
1.6238423082165896
1.6240021168155252
1.624779252025523
1.6241357316992475
1.6248743948206643
1.6268187745062512
1.6265540763506932
1.626194566221755
1.626273529426842
1.6258582965927997
1.625999358193573
1.6267200903242218
1.6270146219502264
1.6276162468238957
1.6272382193014616
1.6272574245052907
1.6271173076432146
1.6257940688251664
1.627254112332852
1.628242382969619
1.628658396236994
1.6281379361956256
1.628332518799223
1.627335945608923
1.628356146912943
1.627874528564284
1.6341918183383626
1.6230498983291772
1.623270614158898
1.62306164215402
1.6229899014758664
1.6266131678479605
1.6285624584122826
1.6283444281133475
1.6283371578860162
1.6283739296726192
1.630944929804291
1.6316573077823782
1.6319427973866634
1.6319502282040546
1.6314721763135822
1.6330549376547332
1.6328703216251332
1.6328532814568937
1.6329463264222555
1.6331298868710906
1.631640308436363
1.630259184145728
1.6305891732068023
1.6307288712613515
1.630295964621248
1.6304790849218753
1.6305340633941636
1.6305791122212925
1.6305241676622813
1.6316643023144903
1.6303702901515051
1.6302705539880435
1.631362552554642
1.6311469684862536
1.632768697611824
1.6246280241715882
1.6246221906655662
1.6237085179135122
1.6229902809008578
1.6235233334899322
1.623570116428388
1.6237300878764798
1.62450764984
1.6238638896825153
1.6246027174995068
1.6265475821107092
1.626282819291396
1.6259232872515352
1.6260022095014897
1.6255870091048048
1.625728054212657
1.6264488240991017
1.6267434802835006
1.6273454218556929
1.6269672260792063
1.626986609600725
1.6268464773826126
1.625522762864253
1.6269831745791112
1.6279717923759782
1.6283880167460532
1.6278675067087982
1.6280620823437317
1.6270651788698343
1.6280857488909501
1.6276040030537582
1.6339233227885954
1.6225945987110042
1.6228153015184772
1.6226062062964786
1.6225343526039688
1.6261557062888317
1.6281035736580298
1.627885556423205
1.6278782654817943
1.627914875180984
1.6304843581925932
1.6311959774176732
1.6314814388503005
1.6314888400804899
1.6310109422897743
1.6325927125795388
1.6324082556746669
1.6323908845288249
1.632484013722199
1.632667429064452
1.6311787859053126
1.629799001899291
1.6301286453242945
1.6302683755431655
1.6298355708842875
1.6300183428060409
1.6300734284626217
1.6301182990044132
1.6300632606869143
1.6312028028902614
1.629909446054127
1.6298098576444147
1.6309010279448246
1.6306855958658413
1.6323063122830712
1.624171608289674
1.6241659967023823
1.6232524857798578
1.6225350422363767
1.6230677701872338
1.623114500004791
1.6232741457545712
1.6240508542110463
1.6234075737159794
1.624146072141822
1.6260899669017939
1.6258253334099904
1.6254658451919741
1.6255448493521942
1.6251295840807949
1.625270662174489
1.625991356549342
1.6262857636169528
1.6268870717920991
1.6265092125237164
1.626528239409857
1.626388137903817
1.6250653747860793
1.6265250500865933
1.6275129735632592
1.6279287757279344
1.6274083656824536
1.6276029552547138
1.6266067123480117
1.6276265449349352
1.6271450540748102
1.63346031388813
1.6211158916695951
1.6213369349832727
1.6211275962194498
1.6210557000521026
1.6246836317301732
1.6266352673058895
1.6264169135914055
1.6264096237327543
1.6264463831845832
1.6290206268348864
1.6297337619852104
1.6300196704421626
1.6300271000918523
1.6295483915610423
1.6311331258028756
1.6309482978581675
1.6309310935368087
1.6310243140856244
1.6312080907211686
1.6297166566130434
1.6283340096600933
1.6286643519006823
1.6288042741324549
1.6283707571483959
1.628554007942066
1.6286091141804309
1.628654156382337
1.6285990897244809
1.6297406963496037
1.628445006404605
1.6283451816036247
1.6294384808904312
1.6292226352095198
1.6308463869561869
1.6226959310435225
1.6226901815677797
1.62177519831144
1.6210562098106218
1.6215899306669241
1.6216367619527823
1.6217968384632078
1.6225752162874594
1.6219306857170517
1.6226704902076834
1.6246178827899498
1.6243527746965376
1.6239927186637828
1.624071794224741
1.623655940395865
1.623797212056503
1.6245190375767147
1.624814034018424
1.6254166186158225
1.6250379931257846
1.6250572567034836
1.6249169259547345
1.6235916126998895
1.625053919277185
1.6260437378833097
1.6264604134822889
1.6259391601265416
1.626134035092467
1.625135904192028
1.6261577051848561
1.625675339332765
1.632002492944774
1.6228134627947082
1.62303427599622
1.6228254552328045
1.6227538934730568
1.6263818094334717
1.6283343093688953
1.6281161825231854
1.6281089470599326
1.6281460222705897
1.6307206088554085
1.6314345882941164
1.6317202241899045
1.631727710634743
1.6312492217468775
1.6328342934963542
1.6326493298055773
1.6326328783387813
1.632725803225332
1.6329096858058691
1.6314179283676093
1.6300339340588572
1.6303646544724013
1.6305043415892806
1.630071106685983
1.630254914034049
1.6303097184395787
1.6303551025556293
1.6303003079629084
1.6314418887902813
1.6301462659472394
1.6300462309961388
1.6311400831144716
1.6309241538188683
1.6325482453093265
1.6243941223645233
1.6243878883520724
1.6234736186988434
1.6227537159137138
1.6232875302121377
1.6233344242339365
1.6234950342371353
1.624274389683015
1.6236295522936461
1.624369219332506
1.6263164776562682
1.6260513938240817
1.625691662566761
1.6257704641664354
1.6253552411037266
1.6254962742500507
1.6262174213547838
1.6265126237058516
1.6271159045891765
1.6267369776943712
1.626757008206311
1.6266167738585868
1.6252909069753887
1.6267531307756617
1.6277433269127437
1.6281604490549968
1.6276395849625025
1.6278342007893738
1.626835776815987
1.6278580133176233
1.6273756480759949
1.6337043774130702
1.6235732811210821
1.6237944306486969
1.6235850380055035
1.6235131476954596
1.6271434080971046
1.6290964322684443
1.6288779735633796
1.6288706874879177
1.6289075197120664
1.6314834708553143
1.6321971956638528
1.6324832454068476
1.6324906886714736
1.6320117067312314
1.6335975118003168
1.6334125439615368
1.6333954457772597
1.633488680202236
1.6336725914173826
1.6321801486400254
1.630796403516967
1.6311270168905523
1.6312669924322132
1.630833240796367
1.631016695975157
1.6310717906383514
1.631116915006182
1.6310618553151874
1.63220419147733
1.6309076794168134
1.6308077577595441
1.631901845614336
1.6316858482234902
1.6333106962166528
1.6251544323097395
1.6251486037149592
1.6242331436072541
1.6235135507912768
1.6240476291417236
1.6240945002852671
1.6242547627000534
1.625033792860078
1.624388800378469
1.6251290588429774
1.6270776818461499
1.6268124071809944
1.6264521703456511
1.6265312540717904
1.6261152312183609
1.626256556526813
1.6269787402600386
1.627273958307743
1.6278770384892256
1.62749812279122
1.627517518130569
1.6273771122167586
1.6260508611865825
1.627514094500841
1.6285046078943342
1.6289216207435835
1.6284000930444038
1.6285950528910609
1.6275962350091144
1.6286187603650015
1.6281360846580757
1.6344675491399372
1.6233485492982311
1.6235696194334108
1.6233604381940325
1.6232886915326359
1.6269193561823816
1.6288729940240008
1.6286546135440456
1.6286473513342432
1.6286843310624195
1.6312607297794364
1.6319749187094705
1.6322608771459763
1.6322683470346981
1.6317894105169883
1.6333755484926717
1.6331904980749976
1.6331737396911217
1.6332668504735723
1.633450830620484
1.6319580719518814
1.6305735584264767
1.6309043809267034
1.6310442656064048
1.6306105928605685
1.6307943214614014
1.630849285359092
1.6308945700431177
1.6308396276093478
1.6319820815113353
1.630685452988621
1.6305854246162197
1.6316798873964542
1.6314638275740603
1.6330890139132213
1.624930161184793
1.6249241119871753
1.6240088720599675
1.6232887826847704
1.6238229639727355
1.6238698689050224
1.6240303916454366
1.6248099538504095
1.624164749005796
1.624905028964204
1.6268538118431743
1.6265885181297042
1.626228387895192
1.6263073562258163
1.6258915725477416
1.6260328056041162
1.6267547632271544
1.6270501081960846
1.6276535727790509
1.6272744773276062
1.6272942229939078
1.6271538449278764
1.6258271923017267
1.6272905538558369
1.6282813508647147
1.6286986136662907
1.628177203562892
1.6283720678733173
1.6273730037723477
1.628395842688707
1.627913112561861
1.634246009785857
1.6203247401142
1.6205458532011585
1.6203365970641532
1.6202648068320218
1.6238957475295248
1.6258494343347858
1.6256310114762484
1.625623742512136
1.6256606890101517
1.6282372432202998
1.6289513897778378
1.6292374009105028
1.629244864883977
1.6287658671300616
1.6303520864152927
1.6301670375058839
1.6301501919662074
1.630243343512918
1.6304273254705934
1.6289344909287156
1.627550026533331
1.6278808308792547
1.6280207529488553
1.6275870152627079
1.627770694247238
1.6278256967316065
1.62787094582887
1.6278159682061093
1.6289585113503897
1.6276617772270614
1.627561765273789
1.628656247657849
1.628440181053878
1.6300654513971249
1.6219064007177446
1.6219004063418632
1.6209850158670245
1.6202649764041435
1.6207991873829042
1.620846088701044
1.6210065627032217
1.621786072262482
1.6211408536837661
1.6218812052430116
1.6238301506468904
1.6235648341257003
1.6232046396353117
1.623283645186127
1.6228677581390536
1.623009029075006
1.6237311186310361
1.62402646241855
1.6246298931500367
1.624250803448285
1.6242704631099554
1.6241300634420166
1.6228033737636975
1.6242668553014683
1.625257684082704
1.6256749274594666
1.625153433560234
1.6253483421544435
1.6243492360211866
1.6253721025158576
1.6248893358547054
1.6312225316880133
1.6228953395133723
1.623116489817994
1.6229070082650026
1.6228350414321984
1.6264642094310555
1.6284163894780495
1.6281979301357348
1.628190630280963
1.6282273586066318
1.6308024305764686
1.6315156916587037
1.6318017350379352
1.6318091593671906
1.6313302576395612
1.6329154843397242
1.6327306122774337
1.6327132980754353
1.6328065911900715
1.6329904157034212
1.6314985189167621
1.630115587790475
1.6304459901515576
1.6305859924697914
1.6301522890346183
1.6303355252628235
1.6303906919539295
1.630435702233205
1.6303805792493191
1.631522577790603
1.6302264378060747
1.6301266080848802
1.6312202029007248
1.6310042953472066
1.6326285525161819
1.6244758306871812
1.624470146207986
1.623554753088473
1.6228356463364628
1.623369535842138
1.623416374390313
1.6235764316384653
1.62435493916512
1.6237102317341414
1.6244503068841276
1.626398380481544
1.626133178851351
1.625772955457938
1.6258520957742757
1.625436013322217
1.6255773659980906
1.6262995308109585
1.6265945991523072
1.6271972925252665
1.6268185798820618
1.6268377440392578
1.6266973522323085
1.6253716646320728
1.6268344800944563
1.6278245832503
1.6282413388913475
1.6277198544280653
1.6279148314938752
1.6269164015457884
1.6279384899568223
1.6274559599292757
1.6337850481800893
1.6222808996519713
1.6225019744491942
1.622292259751028
1.6222200539530698
1.6258441641860917
1.6277927372816319
1.6275743529781757
1.6275670080925155
1.6276033644298107
1.63017448810636
1.6308858946785743
1.631171814932501
1.6311791712090005
1.630700715966968
1.6322833837291173
1.6320989079703823
1.6320808534801785
1.6321743164005853
1.6323577763367165
1.6308682936123011
1.629488664067527
1.629818220492737
1.6299582658318772
1.6295248822900785
1.6297072971874011
1.6297626932525613
1.6298072934052557
1.6297519712141386
1.630892399390977
1.6295980033241908
1.6294985265682382
1.6305900311147872
1.630374510316359
1.631996151710396
1.623858551449443
1.623853366945338
1.6229385289472802
1.6222213559558865
1.6227544041752244
1.6228011135352989
1.6229604052759086
1.6237368316806629
1.6230933371398322
1.6238325172111079
1.6257780036555403
1.6255131481518414
1.6251530985689162
1.6252324064407275
1.6248162651708797
1.6249576624317805
1.625679506532678
1.625973953263472
1.6265750969952966
1.626197219872658
1.6262155784460401
1.6260752850211797
1.6247520129746675
1.6262128674175294
1.6272012030005127
1.627616922552874
1.6270957718648622
1.627290739490204
1.6262940029923927
1.6273142202396356
1.6268323641890612
1.633151004026769
1.6216864910687676
1.621907571600107
1.6216980074202996
1.6216259346522794
1.6252520936317039
1.6272022224491531
1.6269838322508918
1.6269765115015813
1.627013052781063
1.6295858141910546
1.630298063866076
1.6305840045695952
1.6305913945750654
1.6301127820705414
1.6316965237273067
1.631511872629718
1.6314941996460366
1.6315875617627782
1.631771180953997
1.63028068460109
1.6288995709172376
1.6292295111729849
1.629369513653391
1.628936030920307
1.6291188389576516
1.6291741094027534
1.629218912786672
1.6291637007676907
1.630304762789818
1.6290096669836176
1.6289100244147163
1.6300024361333068
1.6297867495028482
1.6314094880752432
1.6232653610129586
1.6232599214339025
1.6223449355328887
1.6216268797429405
1.6221602791261587
1.6222070476420514
1.6223667073984507
1.6231440831900974
1.6225000637674274
1.6232395918487994
1.625186112624603
1.6249211194221878
1.6245610344864092
1.6246402448128898
1.6242241955790284
1.624365548979587
1.6250874497566372
1.6253821707521812
1.6259840179910525
1.6256057695595605
1.6256245376327856
1.625484214745027
1.624159903568264
1.6256215440701731
1.6266106370509057
1.6270268249141695
1.626505580994373
1.6267005244318986
1.62570306971663
1.6267240926258213
1.626241963407335
1.6325650094368496
1.6232909152910697
1.6235120307090505
1.623302507842651
1.6232304880422386
1.6268581515313794
1.628809305963601
1.628590881193313
1.6285835708912715
1.6286202056938472
1.6311941223837616
1.6319068777623893
1.632192869803765
1.632200276971128
1.6317215198550512
1.6333060040335154
1.6331212424535757
1.633103748860736
1.6331970764764245
1.6333807983287092
1.6318896017589262
1.6305075793538564
1.6308377506622713
1.6309777530615912
1.6305441599774624
1.6307271821102374
1.6307824006783413
1.6308273075099387
1.6307721400085047
1.6319136702902102
1.630618052394846
1.6305183162497983
1.6316113195170157
1.6313955224250274
1.6330190202957122
1.6248705958500698
1.6248650338209445
1.623949844310681
1.6232312630397014
1.623764907484148
1.6238117110161818
1.6239715695184582
1.6247495111776087
1.624105147750784
1.6248449493664634
1.6267922465530735
1.6265271491367692
1.6261669949721735
1.6262461702935826
1.6258301044506227
1.6259714574888384
1.626693490283798
1.6269883849522442
1.6275906552581594
1.6272121747208113
1.6272311408360216
1.6270907834886676
1.6257657841001683
1.6272280120823144
1.6282176101506027
1.6286340819027583
1.6281127177112187
1.6283076779628871
1.6273097356312085
1.628331291291322
1.6278489616683054
1.6341750288084693
1.6236864910687674
1.6239075716001075
1.6236980074202993
1.6236259346522792
1.6272520936317036
1.6292022224491531
1.6289838322508918
1.6289765115015808
1.6290130527810631
1.6315858141910549
1.6322980638660756
1.6325840045695947
1.6325913945750656
1.632112782070542
1.633696523727307
1.633511872629717
1.6334941996460364
1.633587561762778
1.633771180953997
1.63228068460109
1.6308995709172374
1.6312295111729853
1.631369513653391
1.6309360309203065
1.6311188389576516
1.6311741094027539
1.6312189127866719
1.6311637007676905
1.6323047627898175
1.6310096669836176
1.6309100244147159
1.6320024361333065
1.6317867495028477
1.6334094880752432
1.6252653610129584
1.6252599214339025
1.624344935532888
1.6236268797429405
1.624160279126158
1.6242070476420507
1.6243667073984507
1.6251440831900974
1.624500063767427
1.625239591848799
1.6271861126246032
1.6269211194221878
1.6265610344864094
1.6266402448128896
1.6262241955790284
1.6263655489795867
1.6270874497566372
1.6273821707521812
1.6279840179910523
1.627605769559561
1.6276245376327854
1.6274842147450268
1.6261599035682637
1.6276215440701727
1.628610637050906
1.629026824914169
1.6285055809943725
1.6287005244318986
1.6277030697166297
1.6287240926258209
1.628241963407335
1.6345650094368496
1.624105876030496
1.624326878723416
1.6241173481278264
1.624045265962933
1.6276696443848842
1.62961869862392
1.6294003853762682
1.6293930609339973
1.6294295419205458
1.6320009925574843
1.6327127789013947
1.6329986155708982
1.6330059943297242
1.6325275876729586
1.6341105054984773
1.6339259633749728
1.6339081981562509
1.6340015540097854
1.634185068729176
1.632695348466419
1.631315094373764
1.6316448217311477
1.6317847869027398
1.6313514794610116
1.6315341230192288
1.6315894067546504
1.6316341422776532
1.6315789209301141
1.6327194254503696
1.6314249573339488
1.6313253919220645
1.6324171924882025
1.632201623100851
1.6338235183708698
1.6256838866428953
1.6256785146921726
1.624763882948039
1.624046302726806
1.6245794273579994
1.6246261644718976
1.624785674220658
1.625562536790513
1.6249188751060992
1.625658058052327
1.627603639892416
1.6273387737116098
1.6269788222605248
1.6270580303718858
1.6266421011161225
1.6267834169994448
1.6275050538255946
1.6277996023296515
1.628401060352959
1.6280230382776308
1.6280416943135014
1.6279014274872456
1.6265778415743886
1.6280387746123994
1.629027330733219
1.629443254132404
1.6289222142801845
1.6291170966197839
1.628120171553211
1.6291406341331696
1.6286587418535203
1.6349784681630728
1.6191931376981732
1.619415595607601
1.6192049137482234
1.6191325545269284
1.6227836609580526
1.6247477534236607
1.6245280023309014
1.6245206652887776
1.6245576559707893
1.6271483395353878
1.6278660204854796
1.628153758366669
1.6281612348312293
1.6276794659044116
1.629274319314071
1.6290883122618782
1.6290709895005677
1.6291648088800412
1.6293497582456176
1.6278488007932737
1.6264573370274102
1.6267897851440598
1.6269306038414701
1.626494314428456
1.6266787294805873
1.6267341911522644
1.6267795171963133
1.626724095695721
1.627872994991236
1.6265690276506894
1.626468567571195
1.6275688443847154
1.6273516208691228
1.6289857409950446
1.6207832630425913
1.6207774823377568
1.6198566462365265
1.6191330753399604
1.6196702044488627
1.6197173341727487
1.6198784271701405
1.6206617660398301
1.62001312180527
1.6207576535933814
1.6227174872923233
1.6224506854608498
1.622088325770066
1.6221679095598271
1.6217493921748891
1.6218915689596427
1.6226180130686478
1.622914891558308
1.6235213174576624
1.6231402767958472
1.6231596547242237
1.623018426474144
1.6216846536381484
1.6231563021059041
1.624152439211726
1.624571771392998
1.624047183948055
1.6242433066803716
1.6232388032245397
1.6242671263569832
1.623781679231703
1.6301492316843473
1.6201066795520858
1.6203283033983518
1.6201186819486095
1.620046828004222
1.6236876356915364
1.6256469748065752
1.6254280472285492
1.6254207798885754
1.6254579510155502
1.6280416461837401
1.628758066629143
1.629044748298296
1.6290522549010202
1.6285720410369635
1.630162706250298
1.6299771007811341
1.6299605054781825
1.630053794058056
1.6302383179556676
1.628741296990312
1.6273525381745346
1.6276843907438359
1.6278246008327895
1.62738979465887
1.6275741919512758
1.6276292253083195
1.627674731895755
1.6276197117624593
1.6287653515394025
1.6274651177527775
1.6273647512126037
1.6284624270762589
1.6282457400693955
1.629875563406798
1.6216928848485173
1.6216866836399584
1.6207690846643972
1.6200467277655113
1.6205824281024392
1.6206294816230296
1.6207906017661764
1.6215726153771015
1.6209255216853746
1.621667832341803
1.623622024479124
1.6233559960555213
1.6229949498430245
1.6230740624949471
1.6226572926116591
1.622798853898027
1.6235226401720944
1.6238188680207573
1.6244242133856222
1.6240439743513868
1.6240639890503945
1.6239232455183923
1.6225927306344128
1.6240601590873556
1.6250538305627793
1.6254723840909984
1.624949625226366
1.625144961911073
1.6241430237872105
1.6251688428907387
1.6246847637416377
1.6310358002729795
1.6188343293611724
1.6190559597185623
1.6188463998773803
1.618774602440171
1.622416366471101
1.624376417183702
1.6241574830736203
1.6241502260906868
1.624187478261368
1.6267719319895888
1.6274887318114954
1.6277754275664773
1.6277829489628026
1.6273026580488676
1.6288938187878952
1.628708133756368
1.6286917039422173
1.6287849504080838
1.628969546858987
1.627472058255837
1.6260826292977533
1.62641465468509
1.6265548486918826
1.6261199915273508
1.626304563009193
1.6263595427740904
1.6264051385041942
1.6263501652501433
1.6274961012515172
1.6261955398014665
1.6260950993844183
1.6271931893811675
1.6269764263796018
1.6286067560711746
1.6204210927894744
1.6204147806215508
1.6194971007312244
1.6187743470977518
1.6193102097537886
1.6193572898348283
1.6195185728271309
1.6203010131915787
1.6196536796686427
1.6203961550206458
1.622350832083581
1.622084738996224
1.621723670872805
1.6218027425695944
1.6213860051236642
1.6215275499171111
1.6222513739469746
1.6225477263540313
1.6231533884174187
1.6227729811291316
1.6227931741458286
1.6226524152577901
1.6213214246734997
1.6227892213336148
1.623783239969139
1.6242020046000585
1.6236791957395385
1.6238745254555822
1.6228722570481224
1.6238984448687461
1.623414238231112
1.6297673047232122
1.6212675078678336
1.6214889768142664
1.6212793336231637
1.6212073843622694
1.6248435385318492
1.626799884365714
1.6265811100516563
1.6265738215464534
1.6266107681890818
1.6291909626377528
1.629905992694631
1.6301924599319904
1.630199925106055
1.6297202031501272
1.6313086423320464
1.6311233505875427
1.631106354796788
1.6311996895399057
1.6313839177920642
1.6298889949977071
1.628502769361096
1.6288339851211666
1.6289741473690662
1.628539739978531
1.6287235893620973
1.6287787213276914
1.6288239781047407
1.6287688760214392
1.629913063173781
1.628614456842701
1.6285143365526373
1.629610297072439
1.6293939343891177
1.6310214802975804
1.6228513344858326
1.6228454126495258
1.6219285889759167
1.6212076692784276
1.6217426312665366
1.6217895893877696
1.6219502043490028
1.6227306688829752
1.622084575718392
1.6228260127900094
1.6247777776501442
1.6245120763047216
1.6241513105035432
1.6242304753154244
1.6238138857897029
1.6239553994090201
1.6246786388609298
1.6249743720202632
1.6255785521454766
1.6251989688783688
1.6252185283205158
1.6250779110183808
1.6237494100921517
1.6252150057654242
1.6262071932833726
1.6266249606752319
1.6261026531816514
1.6262978848896577
1.6252973939970479
1.626321655497257
1.625838195905208
1.6321802167655788
1.621969258659575
1.6221906838772213
1.6219812044935433
1.6219093753261444
1.6255463458507549
1.6275034868453238
1.627284755547099
1.6272774875755156
1.627314571346784
1.6298954894757354
1.6306110256314137
1.6308974465363764
1.630904936561059
1.6304251956287241
1.6320141318700183
1.6318287428407594
1.6318120502235258
1.631905285512725
1.6320895986559165
1.630594205744136
1.6292071169807336
1.6295385619076097
1.6296786599890372
1.6292442693381406
1.6294283872885946
1.629483408639598
1.6295288150919665
1.629473811490546
1.6306182470214539
1.629319374214999
1.6292191455697318
1.630315579524655
1.6300991337855832
1.6317271865141476
1.6235536965754394
1.6235475758018105
1.622630835687641
1.6219093800138686
1.6224445011559536
1.6224914954867022
1.6226523643528055
1.6234334041658607
1.6227870396847492
1.6235285884700512
1.625480740211033
1.6252149886383693
1.6248542736511364
1.6249333446526284
1.624516918094535
1.6246583664668526
1.6253814929061279
1.6256773769532327
1.6262819777384505
1.6259021856668476
1.6259220622957795
1.6257814524886907
1.6244524251846904
1.6259183187261772
1.6269108847094171
1.627328928734292
1.6268066618006483
1.6270018320057171
1.626000995211535
1.6270256660782854
1.626542097341164
1.6328861958232708
1.6185260645138149
1.618747610521661
1.6185380226561374
1.6184661593148764
1.6221051864447178
1.6240634509813425
1.6238446003539253
1.623837329320992
1.6238744401550333
1.6264568245501694
1.6271727816644614
1.6274593592995994
1.627466854655679
1.6269868466393802
1.6285766880214685
1.6283911915263904
1.6283745039883974
1.6284677863050627
1.6286522057308466
1.627155960855641
1.625768061631061
1.6260997013019982
1.6262398740821389
1.625805243199575
1.6259894760128535
1.6260445226602163
1.6260899613867361
1.6260349319248837
1.6271800141999553
1.6258804081031084
1.6257801187199523
1.6268771834311544
1.6266606136673984
1.6282895937024247
1.6201114104784538
1.6201052768982285
1.6191880320795475
1.6184661507493765
1.6190015763342813
1.6190485984528769
1.6192095685883834
1.6199910689775177
1.6193443330240473
1.6200862985453313
1.6220395517469368
1.6217736503449431
1.6214127376171403
1.6214918480539429
1.6210751981487532
1.621216721917885
1.621940244241052
1.622236299598228
1.6228412557475291
1.6224612430694567
1.622481145731111
1.6223404582606111
1.6210106686405374
1.6224773896295825
1.6234705242450929
1.6238888133092333
1.6233662585121784
1.6235615340989582
1.6225601256237927
1.6235853843980874
1.6231015421878232
1.6294492589992033
1.6216233910832538
1.6218448584756722
1.6216353931041652
1.6215635968887916
1.625201935863947
1.6271599699465038
1.6269411969069463
1.626933935960363
1.6269710903999512
1.629553043195445
1.63026900070493
1.6305554806698153
1.6305629837146207
1.6300831013334676
1.6316726972532316
1.6314872139557481
1.6314706502004355
1.631563867564235
1.6317482692199867
1.630252254444234
1.6288644008140798
1.6291960385991557
1.6293361472939092
1.628901643502028
1.6290859307867642
1.629140918696535
1.6291864036506951
1.6291314281531755
1.6302762905472346
1.6289769400641778
1.6288766359019646
1.6299735824996613
1.629757040141685
1.6313857676985224
1.6232085377309493
1.6232023276634715
1.6222853700134794
1.6215634781880557
1.6220988178657072
1.622145841177678
1.6223068664721787
1.6230883762728914
1.622441713007047
1.6231835167077087
1.6251363803793553
1.6248705329640092
1.624509740278968
1.6245887919104538
1.6241723215819905
1.6243137804664654
1.625037057759089
1.625333090331134
1.6259380440733948
1.6255580546966848
1.6255780765031385
1.6254374309872799
1.6241078032011718
1.6255742345781936
1.6265672425714404
1.6269855243797042
1.626463130414328
1.6266583276840292
1.6256570609236998
1.6266821963136144
1.6261984453628084
1.6325452186852751
1.6191066795520863
1.6193283033983519
1.6191186819486099
1.6190468280042227
1.622687635691537
1.6246469748065755
1.6244280472285493
1.6244207798885755
1.6244579510155501
1.6270416461837398
1.627758066629143
1.628044748298296
1.6280522549010203
1.6275720410369636
1.629162706250298
1.628977100781135
1.628960505478183
1.6290537940580558
1.6292383179556675
1.6277412969903122
1.6263525381745345
1.626684390743836
1.6268246008327896
1.6263897946588703
1.626574191951276
1.6266292253083197
1.6266747318957548
1.6266197117624595
1.6277653515394026
1.6264651177527778
1.626364751212604
1.6274624270762588
1.6272457400693956
1.628875563406798
1.6206928848485174
1.6206866836399585
1.6197690846643973
1.6190467277655107
1.6195824281024394
1.6196294816230299
1.6197906017661765
1.6205726153771014
1.619925521685375
1.6206678323418031
1.622622024479124
1.6223559960555214
1.6219949498430246
1.622074062494947
1.6216572926116593
1.621798853898027
1.6225226401720947
1.6228188680207574
1.6234242133856216
1.623043974351387
1.6230639890503944
1.6229232455183924
1.6215927306344131
1.6230601590873552
1.6240538305627794
1.6244723840909987
1.623949625226366
1.624144961911073
1.6231430237872106
1.624168842890739
1.6236847637416378
1.6300358002729793
1.6193055123575921
1.6195271653563823
1.61931743470169
1.6192455006949724
1.6228857641456007
1.6248445731535022
1.624625616898254
1.6246183358692012
1.6246554155770818
1.6272386282917517
1.6279547113379549
1.628241423895372
1.6282489139310177
1.6277687127178988
1.6293590465583168
1.629173505945657
1.6291567085270244
1.6292500634095104
1.6294345307130995
1.6279378231593595
1.6265496397614434
1.6268813395528743
1.6270215924194755
1.6265867750857979
1.6267709933336114
1.6268261004337154
1.6268715072376043
1.6268164214497218
1.6279618956409547
1.626661839504579
1.626561545201208
1.627658905441448
1.6274422738050855
1.62907175926242
1.620891310122113
1.6208852415384354
1.6199675868565808
1.6192455872752174
1.6197811815094951
1.6198282108904085
1.6199891617636413
1.6207707918551784
1.6201238790411367
1.6208661152217758
1.6228200494385312
1.6225540544997565
1.622192974411296
1.622272149603478
1.6218552710751044
1.6219968758594727
1.6227207374752965
1.6230168647321115
1.623621929656973
1.6232418298257343
1.6232616330668854
1.6231208845381864
1.6217907205727207
1.6232579504468538
1.6242513696120833
1.624669738718292
1.6241469528137018
1.6243423305003668
1.6233406229775527
1.624366169170054
1.6238821627843343
1.6302318142345185
1.6189237301248265
1.6191453344377211
1.6189355281622977
1.618863504696377
1.6225014433528444
1.6244586476751963
1.6242397396933355
1.6242324412822429
1.6242693692780967
1.626850788766193
1.6275660710820858
1.6278527104937512
1.6278601727156732
1.6273801900012514
1.6289693686375066
1.628784001855435
1.6287669100860802
1.6288603250079714
1.62904463124571
1.6275490131937362
1.6261622648048786
1.6264935989200744
1.626633857255511
1.62619920405343
1.6263830787775242
1.6264382729110076
1.6264835120704362
1.6264283512994084
1.62757310240306
1.6262738516067112
1.6261737066971602
1.6272701401615333
1.6270536811387777
1.6286819854136692
1.6205082610256458
1.6205023926951827
1.6195850364639157
1.6188638697687896
1.6193990831483924
1.619446056987634
1.6196066885833138
1.6203874219336707
1.6197410477355714
1.6204828643052762
1.6224356016657513
1.6221697672334134
1.621808786753683
1.6218880222710048
1.621471155075644
1.6216127658407757
1.6223364388474555
1.6226322930209358
1.6232366882902316
1.622856954018152
1.6228764337640926
1.622735736300199
1.6214066485171523
1.6228729723485786
1.623865602343701
1.6242835225638201
1.6237609136868496
1.6239562712775462
1.622955324004477
1.6239800369567168
1.6234963402732154
1.6298412869222814
1.6187248973193205
1.618946472479691
1.6187367754092172
1.6186648320056267
1.622303314898781
1.624261049328269
1.62404217002363
1.6240348853016173
1.624071904716565
1.626653806658181
1.6273694263732739
1.6276560348966753
1.627663513685676
1.627183518320316
1.6287730283294874
1.6285875966909131
1.6285707070372388
1.6286640556565173
1.6288484184882783
1.6273524870246887
1.62596516321797
1.6262966501110363
1.6264368656688246
1.6260022236265026
1.626186277395189
1.6262413977856118
1.6262867367285863
1.626231641612146
1.6273765583015074
1.6260771298549095
1.6259769127085562
1.6270736617963437
1.626857147403088
1.628485789558047
1.6203098357520496
1.6203038347967058
1.6193865342717317
1.618665010259083
1.6192003297413367
1.6192473277202555
1.6194081285858486
1.6201892454555942
1.6195426903798094
1.6202845814253035
1.6222375767063442
1.6219717087891785
1.621610762185412
1.6216899351624738
1.6212731766121986
1.6214147438793303
1.6221383415442538
1.622434296309582
1.62303897201888
1.6226590985438043
1.6226787897476018
1.6225380972804053
1.621208658578845
1.6226751809890805
1.6236680632943972
1.6240861679365264
1.6235635860995141
1.623758902688252
1.6227577248141347
1.6237827106774019
1.6232989412305194
1.6296452729607427
1.6197269871526347
1.6199486555046945
1.6197387813377293
1.6196667307770864
1.6233056297065833
1.625263329536571
1.6250443583054617
1.625037056652559
1.6250739867524133
1.6276560790669112
1.6283715296872112
1.6286582513249972
1.628665714141733
1.628185599466697
1.629775189251734
1.6295897768438155
1.6295726623496214
1.6296661090730724
1.629850461377854
1.6283544565206205
1.626967374828406
1.6272987872183982
1.6274390882503975
1.627004313537513
1.6271882233124453
1.6272434393119914
1.6272886821355523
1.627233500227485
1.6283785540050044
1.6270789587697414
1.6269787925208463
1.6280755019104314
1.6278589877966463
1.6294877134897603
1.6213119211363523
1.6213060629807012
1.620388447433892
1.6196671125752569
1.6202024649134377
1.6202494496291435
1.6204101107007862
1.6211910263992586
1.6205444890746905
1.6212865047029128
1.6232397605536288
1.6229738553922304
1.622612771807719
1.6226920348602283
1.622275042410684
1.6224166963114726
1.6231405766778175
1.6234365039323528
1.6240410418286892
1.6236612146537504
1.6236806809838193
1.6235399440636333
1.6222105189873648
1.6236772317202182
1.6246701144927016
1.6250881341797025
1.6245653779910312
1.624760793397828
1.6237595891093979
1.6247845619015322
1.6243007375768819
1.6306473202554401
1.6198523025727327
1.6200740357409655
1.6198640047726605
1.6197918505945355
1.6234306173942752
1.6253879686075512
1.625168933489943
1.6251616148159205
1.6251984431212942
1.6277803290887836
1.6284954842871877
1.6287822817873312
1.6287897262635096
1.6283095598404722
1.6298989824053691
1.6297136201480937
1.6296962669113386
1.6297898041260097
1.6299741157960368
1.6284782701242408
1.6270916691254422
1.627422948777728
1.6275633192828625
1.6271284712598482
1.6273121971350335
1.6273675070285536
1.6274126394276918
1.6273573730896937
1.628502391920223
1.627202824322033
1.6271027286698687
1.628199220945719
1.6279827415782315
1.629611297865381
1.621436979624501
1.6214312757592468
1.6205134678850872
1.6197924509269102
1.6203277533788982
1.6203747163756996
1.6205352017566703
1.621315777169889
1.6206693617694823
1.6214113931417
1.6233646180769012
1.6230987152214034
1.6227375419740422
1.6228168891519377
1.62239971184958
1.622541436253447
1.623265505059101
1.6235613556883346
1.6241656494031886
1.6237859323801902
1.6238051541122354
1.6236643918426186
1.622335192903067
1.6238018766854734
1.6247946019976693
1.6252124639433487
1.6246896036788752
1.6248850941209252
1.623884020750994
1.6249088164381695
1.6244250101517488
1.630770852628751
1.6186872945903572
1.6189089962750436
1.6186993412410824
1.6186274966935683
1.6222700849383562
1.6242304986318086
1.624011494103173
1.624004230456159
1.6240414618760666
1.6266264678173101
1.627343351593824
1.6276301372969926
1.6276376551463616
1.627157235434547
1.6287487244791272
1.6285630100358792
1.6285465069679683
1.6286398018110488
1.6288244301804886
1.627326633124983
1.6259370147180083
1.6262690801856734
1.6264093275834406
1.6259743461181655
1.6261589078896983
1.6262139279564227
1.6262595024047732
1.6262044916000356
1.6273506888788505
1.6260498274024464
1.6259493837052554
1.6270476707213632
1.6268308664713926
1.6284615331111714
1.6202743592185804
1.6202680903816886
1.6193501372492467
1.6186273047816457
1.6191632798705982
1.619210364793183
1.6193716349439693
1.6201541617766857
1.6195067103467025
1.620249366138275
1.6222044972113108
1.6219383417660997
1.621577162068909
1.6216562769359508
1.6212393870745652
1.6213809858781691
1.6221050361031373
1.6224014364432868
1.6230071710237148
1.6226267056333168
1.6226468323696783
1.6225060327761736
1.6211747926282887
1.622642928545129
1.623637136880466
1.624055954872764
1.6235329919405541
1.6237283897231878
1.6227259219506291
1.6237523013833908
1.6232679852954526
1.6296223415467561
1.6228577367844088
1.6230790136133464
1.622869574096868
1.6227977061201404
1.626430979470632
1.628385838781589
1.6281672542152772
1.628159975435505
1.6281969157661333
1.6307750917355974
1.631489616879254
1.6317758374382523
1.6317833008278757
1.631303974753792
1.632891180489364
1.632706025622401
1.6326890980061648
1.6327823373446024
1.6329664273956321
1.6314726650170561
1.6300874392905136
1.6304184202261947
1.6305584543844074
1.6301244115262818
1.6303081557573331
1.6303632221247408
1.630408467909392
1.6303534292372095
1.6314967083679466
1.6301991353536116
1.6300990790815795
1.631194211825744
1.6309780144155115
1.6326042960693068
1.6244403541537118
1.6244344017929697
1.623518356065988
1.6227979408590256
1.6233324859714002
1.6233794114632407
1.6235399379965858
1.6243198554862117
1.6236742517010347
1.6244150915971
1.6263653009865113
1.6260998118282715
1.6257393553414357
1.6258184375477533
1.625402223784584
1.6255436079969297
1.6262662253698428
1.6265617392860123
1.6271654915301017
1.6267861869715745
1.6268057866613348
1.6266652877280772
1.6253377986815167
1.6268022276505052
1.6277936568363696
1.6282111258275844
1.627689260269106
1.6278843185288114
1.6268845986822837
1.627908080662811
1.6274250039942089
1.6337621167661027
1.6197211511801644
1.6199429652948454
1.619732545103131
1.6196600942308377
1.6232962719769009
1.6252513212712052
1.6250322066539868
1.6250248365556856
1.6250613095600717
1.6276409896069697
1.6283547532312717
1.6286416293103771
1.6286490092917185
1.6281689578713752
1.6297568907918285
1.6295718026664279
1.6295536775938286
1.6296474558303442
1.6298315251650128
1.628337087365858
1.6269528827629498
1.6272835312635878
1.6274240461838279
1.62698921567215
1.6271722302241227
1.62722781493897
1.6272725588448018
1.6272170486637973
1.6283612745127654
1.6270625675287482
1.6269627624638663
1.6280578937363783
1.6278416564750944
1.6294686927678705
1.621304047504331
1.6212988524730862
1.6203809583948114
1.6196614101237892
1.6201962319487162
1.620243095966037
1.6204029106881115
1.621181908789642
1.6205362758535005
1.6212779191027749
1.6232298853506657
1.622964147613406
1.6226028946490758
1.6226824704028822
1.6222649347279117
1.622406806118699
1.623131063193826
1.6234264874891224
1.6240296231854452
1.6236504920254882
1.623668901066274
1.6235281391626017
1.6222004686789027
1.6236661885177088
1.6246578097392215
1.6250749073161697
1.6245520159277103
1.6247476363442972
1.6237475850611096
1.6247711932981064
1.6242877327903633
1.6306273900631347
1.6199538088088
1.620175649744984
1.6199653870777129
1.6198930857113711
1.6235319964291095
1.6254890479893163
1.625269906606627
1.6252625641571747
1.625299257437908
1.6278810925515197
1.6285959099555314
1.628882836014191
1.6288902562345648
1.6284099768273206
1.6299993134816249
1.629814002883258
1.6297963237481417
1.629889992218292
1.6300742650643283
1.628578502704696
1.6271924315293327
1.6275235602896092
1.6276640376577778
1.6272290513843226
1.627412543743458
1.6274679861176309
1.6275129725055828
1.627457586548664
1.628602659674497
1.627303014112765
1.6272030054764606
1.6282993002424015
1.6280828488396348
1.6297113197249051
1.6215382776456015
1.621532782892481
1.6206146321433388
1.6198939829979375
1.6204292652545271
1.620476202918277
1.6206364638703403
1.6214166463525919
1.6207703391422448
1.621512457859295
1.62346581440389
1.6231998910465726
1.6228385638804852
1.6229180324039576
1.622500566879788
1.622642399666312
1.623366788844266
1.623662561666782
1.6242665773486737
1.62388697622731
1.6239058673566982
1.623765058135744
1.62243604828074
1.6239028230963604
1.624895422720626
1.6253131075001714
1.6247900593640605
1.624985669125148
1.6239846846414285
1.6250093308019573
1.6245255060194592
1.6308709069042178
1.6199041006074235
1.6201259342554766
1.6199156988894428
1.6198434175386833
1.6234824643155938
1.6254396484025848
1.6252205141892004
1.6252131751620185
1.6252498912975248
1.6278318470245168
1.6285467487783285
1.6288336671149217
1.6288410914770655
1.6283608089070867
1.62995022840462
1.6297649015921267
1.6297472729859313
1.6298409248804284
1.6300252118749705
1.6285293711624338
1.6271431561326055
1.6274743230873496
1.6276147897611064
1.6271798062775908
1.627363343397874
1.6274187673362814
1.6274637786701205
1.6274084091268484
1.628553523649108
1.6272538336748144
1.6271538069793097
1.628250180651104
1.6280337154057123
1.6296622707609998
1.6214886713272028
1.621483143417862
1.620565006595293
1.6198442681205107
1.6203795769027634
1.6204265206014323
1.620586823870974
1.621367102233073
1.6207207498033043
1.6214628871393024
1.6234163081640385
1.6231503764355135
1.6227890577384176
1.6228685106268248
1.6224510722639267
1.6225928941759509
1.6233172645184653
1.623613062488944
1.6242171482808356
1.623837512358723
1.6238564563525757
1.6237156483807955
1.622386550796163
1.6238533752564859
1.6248460379583
1.625263768843348
1.6247407274672265
1.6249363269778248
1.6239352848438429
1.6249599992321284
1.6244761562587855
1.630821903413833
1.6204488009892504
1.620670621615056
1.6204602630319014
1.6203878686667859
1.624025002756465
1.6259807636483314
1.6257616424990582
1.6257542827577964
1.625790836805889
1.6283712754128188
1.6290854184136239
1.6293723085785585
1.6293797033535014
1.6288995748832786
1.6304880033294258
1.630302835641661
1.6302848760578628
1.6303786121803725
1.630562754068332
1.6290678486313837
1.6276829738861682
1.6280137952048421
1.6281542940429206
1.6277194125406302
1.6279026012820397
1.6279581324047405
1.6280029654532413
1.627947502151481
1.6290920242248799
1.6277929895774375
1.627693110635681
1.6287886560412872
1.6285723427853007
1.6301998854322468
1.6220322554452882
1.622026949454678
1.6211089744616387
1.6203890294560295
1.620924013600065
1.6209709041778353
1.6211308817490657
1.621910306604119
1.6212644338367685
1.6220062417816175
1.6239586929551233
1.6236928905541088
1.6233316156788566
1.62341115047753
1.6229936472399162
1.6231355021377831
1.6238597969687059
1.6241553458223958
1.624758798217242
1.6243794988032332
1.6243980861617078
1.6242573089019996
1.6229291627179894
1.6243952507639676
1.6253872191455807
1.625804527825229
1.6252815864408823
1.6254771998888065
1.6244768183220202
1.625500795276114
1.6250172072798375
1.6313588945133675
1.6234170659994347
1.623638982147951
1.6234281797389118
1.6233554486484636
1.626989721566123
1.6289429154854487
1.6287237004979542
1.628716282487874
1.6287524355254328
1.6313304269850104
1.6320430097121137
1.632329993900143
1.6323373158967083
1.6318573087546497
1.633444081869895
1.6332592207422563
1.6332403882647735
1.6333343985604345
1.6335182698160242
1.6320249289575255
1.6306427383171302
1.630972852095221
1.631113516737229
1.6306786471663963
1.6308610350622963
1.630916877877855
1.6309612725412759
1.630905532569216
1.632049178868198
1.6307510936600533
1.6306515414239802
1.6317455680145412
1.631529524550008
1.6331553782625476
1.6249985359619161
1.6249938051177553
1.6240757160674548
1.6233574184077622
1.6238918688734103
1.623938648401862
1.6240978706792393
1.6248755264629102
1.624230526598668
1.6249719091826789
1.6269229727085919
1.626657352168229
1.6262959806380257
1.6263757752827404
1.6259578593499706
1.6260998829837576
1.6268244037550317
1.6271194759788612
1.6277216301351745
1.6273429861857052
1.6273606551239919
1.6272198757318794
1.6258934334629795
1.6273584582759522
1.628349196411785
1.6287656485116966
1.6282426624833852
1.6284384264068261
1.6274391822273069
1.6284618352757088
1.6279786294398
1.634313438928521
1.6200908279405164
1.620312556928646
1.6201021976223882
1.6200297573688043
1.6236642906165655
1.6256183978592402
1.625399367361937
1.6253919969929458
1.625428432559172
1.6280069224463967
1.628720307089387
1.6290070714124116
1.629014444288878
1.628534595553558
1.6301217874859946
1.6299367921205528
1.6299186253418327
1.6300123807394877
1.630196359750834
1.6287026196889256
1.6273191308227486
1.6276496046194908
1.6277900715365055
1.627355419106123
1.6275383139401165
1.6275938935095178
1.6276385945003211
1.6275830914044058
1.6287268011479297
1.6274286774411286
1.6273289314740638
1.6284235304999768
1.6282073966391744
1.6298336740995918
1.6216729668158691
1.6216678062567367
1.620750280261916
1.620031118230228
1.6205656918287936
1.6206125304790393
1.6207722375109521
1.6215508182705385
1.6209054978532325
1.6216468145863097
1.6235979063786268
1.6233322872917693
1.6229711762811239
1.6230507341847455
1.6226333456491437
1.6227751686481955
1.6234991429369827
1.6237944198887546
1.6243972364795145
1.6240182968749712
1.6240366467428673
1.6238959421498724
1.62256890920045
1.6240339712200609
1.6250251186592088
1.6254419978775807
1.6249193173166883
1.6251148663848591
1.6241152871001052
1.625138403235626
1.6246551614758746
1.630991845298974
1.6208464666002622
1.621068345531116
1.6208577685380623
1.6207852140482866
1.624421259664592
1.6263759603421852
1.6261567818384681
1.6261493947190475
1.626185765928953
1.6287652396288421
1.629478707831248
1.6297656597727104
1.6297730214134953
1.6292929182451503
1.6308806839454635
1.6306956459707056
1.630677282155546
1.6307711508832814
1.6309551795831956
1.629460900969479
1.6280771770599853
1.6284076928229176
1.628548277216293
1.628113373394485
1.6282962040467104
1.6283518826555317
1.6283965161369411
1.6283409215260058
1.6294851124279839
1.62818643308104
1.6280866986128888
1.629181612771666
1.62896541025668
1.630592277143491
1.6224291059924796
1.6224240652516317
1.6215059788460062
1.6207867484754426
1.6213215204141762
1.6213683627125923
1.6215280017439957
1.6223066595602724
1.6216611485482926
1.622402807541562
1.624354742873938
1.6240890074425787
1.6237276648153995
1.6238073246945914
1.6233896041668074
1.6235315460606734
1.6242559915751091
1.6245513392451036
1.6251542307599447
1.6247752097519286
1.6247933741946894
1.624652586941587
1.6233251425946047
1.6247908334829637
1.6257822972441887
1.6261992370798157
1.6256762416155537
1.6258719370673942
1.6248720167027046
1.6258954478347434
1.6254120053652297
1.6317509224364455
1.6204387853501516
1.6206605653551993
1.6204500149402787
1.6203774345776172
1.6240110154111769
1.6259641949663621
1.6257451142839205
1.6257377199590404
1.6257739955418526
1.6283516411354169
1.6290644353298083
1.6293512537072945
1.6293585975913731
1.6288787709951948
1.6304653830250275
1.6302805011584671
1.630261980677305
1.630355852104533
1.6305397320763395
1.6290465404847592
1.6276640585998392
1.6279942650353072
1.6281348068132062
1.627700134853246
1.627882716359203
1.6279384249789601
1.627982951348558
1.6279273333571151
1.629070753325646
1.6277729405067813
1.6276733209541208
1.6287673676390582
1.6285513306766317
1.6301770168469305
1.6220202110446615
1.6220152825790715
1.6210976590982378
1.6203791223722144
1.6209135102911407
1.6209603066969518
1.6211197175065162
1.6218976271071728
1.6212526232258162
1.6219938096262616
1.6239444500575897
1.6236788895691807
1.6233177192755988
1.6233973866246747
1.6229798079601732
1.6231217070807245
1.6238458132175861
1.6241409141336238
1.624743239954379
1.6243645439550798
1.6243825237717262
1.6242418104345113
1.6229153915924883
1.6243801060991825
1.6253708119954908
1.6257873684753443
1.625264640594526
1.6254602614161233
1.624461085683204
1.6254837242244273
1.6250006098005934
1.6313348697316672
1.6203176495966818
1.6205395511689356
1.6203288033623715
1.620256112303088
1.623890657339091
1.6258441163119857
1.6256249156631017
1.6256175044975616
1.625653703244667
1.6282319359310047
1.6289446873577074
1.6292316561016051
1.6292389863817098
1.6287589729141818
1.6303459117158854
1.6301610181599953
1.6301422867403528
1.6302362638847072
1.6304201634373083
1.628926665873001
1.6275441875236756
1.6278743776907014
1.628015020943886
1.6275801569529325
1.6277626343711284
1.6278184403151565
1.6278628848703511
1.6278071777255847
1.628950906817422
1.6276527327841526
1.6275531444296782
1.6286473288319465
1.6284312576821633
1.6300572803347368
1.621899323325118
1.6218945261685167
1.6209764649713632
1.6202579886529085
1.6207924921698829
1.6208392837681727
1.6209985906805064
1.621776438223872
1.621131347920787
1.6218727677426925
1.6238239602288882
1.6235583229461112
1.62319696835389
1.6232767317284744
1.6228588701182478
1.623000872003035
1.623725355103431
1.6240204776231841
1.6246227719994988
1.6242440584485311
1.6242618331157466
1.6241210562219826
1.6227944384938255
1.624259562596203
1.625250426887133
1.6256669711980498
1.6251439986897174
1.625339742112179
1.6243403826321356
1.625363172136051
1.6248799299184522
1.6312154319477516
1.6200452994057684
1.6202672074891462
1.6200565212911424
1.6199838867390368
1.6236193881186556
1.6255735586891125
1.625354351508173
1.6253469506996727
1.6253832304904847
1.6279622217368537
1.6286753525400601
1.6289623353697864
1.628969680443492
1.6284895899260858
1.6300770242534823
1.6298920511352284
1.6298734852043875
1.629967420234735
1.6301513923406274
1.6286574271385268
1.6272742786468941
1.6276046416319554
1.627745268802979
1.6273103538214124
1.6274930054290455
1.6275487577809273
1.6275932914787907
1.6275376312132686
1.6286816565295361
1.6273831548328412
1.6272834926014925
1.6283780911368548
1.6281619439923694
1.6297884729991132
1.6216275312660753
1.621622623150109
1.6207044810381899
1.6199856079851493
1.620520273821232
1.6205670919799715
1.620726561741461
1.6215048360383488
1.6208595059040547
1.6216010904215346
1.6235527678333455
1.6232870658868142
1.6229256893836708
1.623005411803122
1.6225875826302527
1.6227295680221185
1.6234540888783107
1.6237493359564579
1.6243519470312957
1.6239730652262758
1.6239910182111805
1.6238502259613807
1.6225231325329124
1.623988624842462
1.6249798362934929
1.6253965917071094
1.6248735692028895
1.625069305656688
1.624069615893047
1.6250927741140584
1.624609404407926
1.6309469363979847
1.6219976810377055
1.6222196750246423
1.6220088390313843
1.621936117337809
1.6255721708129418
1.6275264393106823
1.6273071473725784
1.6272997330554577
1.6273359463859494
1.629915248618581
1.6306282946767947
1.6309153828988394
1.6309227161420499
1.6304425031522325
1.632030100098724
1.6318451299970003
1.631826389754559
1.631920406313427
1.632104382040845
1.6306102650921959
1.629227214860603
1.6295575415370582
1.6296982434878797
1.629263198625691
1.6294457510007185
1.6295015805259578
1.6295460430502946
1.6294903124067917
1.6306345162076452
1.6293358033097218
1.6292361739166312
1.630330811659645
1.630114650952005
1.631741347966921
1.6235800103319793
1.623575211859485
1.6226567686523043
1.6219379954238964
1.6224727206415692
1.6225195315720145
1.6226789038570317
1.6234570728624944
1.6228117152599952
1.6235534429791505
1.6255054454407787
1.6252396978788066
1.6248781928639098
1.6249579897237438
1.6245399538128766
1.6246820149638996
1.6254067996860742
1.6257020444013903
1.6263045877732674
1.625925717467635
1.6259434984432755
1.6258026629896603
1.6244754954568548
1.6259412277337253
1.6269325027294712
1.6273492192934618
1.6268260291975734
1.627021854218941
1.6260220803907253
1.6270452937683597
1.6265618509936148
1.6328999802022972
1.6200076966768047
1.6202297312844987
1.6200190871230074
1.6199465514269784
1.623586158158231
1.6255430079926518
1.625323675587716
1.6253162958542144
1.6253527876499867
1.6279348828959828
1.6286492777606103
1.6289364377701039
1.6289438219041776
1.6284633070403165
1.6300527204031225
1.6298674644801947
1.629849285135117
1.6299431663892663
1.6301274040328382
1.6286315732388204
1.6272461301469323
1.6275770717065927
1.6277177307175943
1.6272824763130758
1.6274656359235553
1.6275212879517382
1.6275660571549777
1.627510481201158
1.628655787106879
1.6273558523803782
1.6272559635981916
1.628352100061874
1.6281356630606743
1.6297642165522377
1.621592054732606
1.621586878735092
1.6206680840157053
1.619947902507712
1.6204832239504934
1.6205301290528986
1.6206900680995813
1.6214697523594404
1.620823525870948
1.6215658751345061
1.6235196883383118
1.623253698863735
1.622892089267168
1.6229717535765993
1.6225537930926197
1.6226958100209576
1.6234207834371945
1.6237164760901626
1.6243201460361305
1.623940672315788
1.623959060833257
1.623818161457149
1.622489266582356
1.6239563723985107
1.624948909879562
1.6253663786433465
1.62484297504393
1.6250387926916239
1.6240378130295416
1.6250623648200462
1.6245784484728591
1.6309240049839981
1.6198823812567065
1.620104351048228
1.6198938636880762
1.6198214316095296
1.6234611704705395
1.6254183689216712
1.6251991004032342
1.6251917376908527
1.6252283312811049
1.6278106328741107
1.6285253231606338
1.62881240730777
1.6288198097824012
1.6283393466665412
1.6299289272494877
1.6297436211759164
1.6297256805733995
1.6298194713363297
1.630003749614655
1.6285077596352
1.6271218358498962
1.627452910147263
1.6275934996851291
1.6271583185907406
1.6273416621009673
1.6273972202351765
1.6274420998628385
1.6273866083389497
1.6285319491916606
1.6272319868280865
1.627132027449169
1.628228381026587
1.628011909279089
1.629640632176617
1.6214669962444572
1.6214616659565455
1.6205430635645102
1.6198225641560584
1.6203579354850333
1.6204048623063425
1.620564977043697
1.62134500158881
1.6206986531761556
1.621440986695719
1.62339483081504
1.6231288390345622
1.6227673191008443
1.6228468992848906
1.6224291236537236
1.622571070078983
1.6232958550559111
1.623591624334181
1.6241955384616313
1.6238159545893482
1.623834587704841
1.6236937136781635
1.622364592666654
1.6238317274332554
1.6248244223745945
1.6252420488797004
1.6247187493560862
1.624914491968527
1.623913381387946
1.6249381102834095
1.6244541758979922
1.630800472610687
1.6215147943296684
1.6217369424394301
1.6215262170973312
1.621453667243023
1.6250954666386779
1.6270535725419382
1.626834127977116
1.626826748604534
1.6268632903178528
1.6294469724434142
1.630161872616456
1.630449181634058
1.630456575241298
1.629975790130739
1.6315661914775685
1.6313808118746949
1.631362688137778
1.6314565998437416
1.63164095791841
1.6301441968080643
1.6287577994005333
1.6290889738987218
1.629229696914024
1.6287942050677786
1.6289775243022304
1.6290331831910079
1.6290780096142856
1.6290224242136806
1.6301684182599934
1.6288677058305367
1.628767738251262
1.629864584377076
1.629648009508567
1.6312775747766097
1.623100162317222
1.6230949403568908
1.6221756548595658
1.621454958365794
1.6219906107770574
1.6220375497022292
1.6221976323357934
1.6229778730515783
1.6223312298713053
1.623074014489794
1.6250289936343643
1.624762845959251
1.624401047091104
1.6244807352007817
1.624062578530977
1.624204659981629
1.6249300104463187
1.62522589955732
1.6258299949773718
1.6254502658498111
1.6254687332644662
1.6253277574741214
1.623998012553626
1.6254659954620412
1.626459164652912
1.6268769245614647
1.6263532398586262
1.6265491526375413
1.625547543644214
1.6265727515700203
1.6260885435588441
1.6324380646695464
1.620813043537927
1.6210352353764756
1.620824346226951
1.6207516762791478
1.6243926593197726
1.6263499700623287
1.6261304824816738
1.626123082575472
1.6261594871601504
1.6287424456054316
1.6294568396796738
1.6297441950296716
1.629751563786294
1.629270797652142
1.6308607019395964
1.630675419621478
1.6306569927110397
1.6307510038709228
1.6309352770545578
1.6294389860616354
1.6280534517808962
1.6283843971122784
1.6285251842940531
1.6280896757081689
1.6282727263757337
1.6283284958791013
1.6283731726270605
1.628317488744574
1.629463234412321
1.6281627884582386
1.6280629292341673
1.6291593019248602
1.628942810112101
1.6305718685600423
1.6223978002276154
1.6223927772046063
1.6214734081478417
1.620753247630353
1.6212887408876402
1.6213356436032964
1.6214954723319908
1.622275137768693
1.6216287659049482
1.622371438809752
1.6243260310734753
1.6240599336256032
1.623698083943511
1.6237778658635778
1.623359546226145
1.623501692923797
1.6242271564011208
1.6245228946243506
1.6251265693843986
1.6247470490613325
1.624765199289202
1.6246242160038116
1.6232949974610873
1.6247626825012882
1.6257554732268675
1.6261729565024048
1.6256492312396298
1.625845205521482
1.6248439424297272
1.625868740988992
1.6253846421228881
1.6317320856118542
1.6211451175693161
1.621367350805629
1.621156564578074
1.6210840041050565
1.6247274479990135
1.6266864959539031
1.6264669672691663
1.6264595881672743
1.6264961673187526
1.6290810396039874
1.6297963187583404
1.6300837395320233
1.630091140244139
1.629610152448556
1.6312012947834025
1.6310158224205702
1.630997740389774
1.6310916749345978
1.6312761233325892
1.6297786644849972
1.628391551340734
1.6287229005428185
1.6288636715613463
1.6284280016338055
1.628611440586237
1.6286671046204604
1.6287119739587665
1.6286563814730726
1.6298028916248288
1.6285015959181564
1.6284015692410647
1.629498947613478
1.6292822693444866
1.6309125934448883
1.6227312430056846
1.6227259865732404
1.6218063329924617
1.6210852502593551
1.62162115089698
1.6216681151892267
1.6218283055129525
1.6226089635706813
1.6219620078715733
1.6227051190062594
1.6246609726064034
1.6243947062808874
1.6240327654590558
1.6241124714189186
1.6236941676097447
1.6238362974521328
1.6245619307031616
1.624857967157688
1.6254623816833031
1.6250824610003283
1.6251009875878726
1.6249599544868507
1.6236295720320788
1.6250982127596894
1.6260918557329251
1.6265098340000532
1.6259859384696482
1.62618192259698
1.6251798416052181
1.6262055416325003
1.6257211148733328
1.6320736094337072
1.6208289269161733
1.621051128373875
1.6208399451937197
1.620767025662053
1.6244045954351438
1.626359241277876
1.626139744616165
1.6261322999497647
1.6261683699842286
1.6287485702958964
1.6294614888414285
1.6297488328222032
1.6297561406309444
1.6292756182973664
1.6308637046348242
1.6306787258603013
1.6306596003677791
1.6307538041722935
1.6309378031020318
1.629443228434108
1.6280602799981487
1.6283905540975552
1.628531432303461
1.6280960655296568
1.6282784145843172
1.628334418607185
1.6283787281435913
1.6283228379687853
1.62946752937753
1.6281682440639746
1.6280686787073277
1.6291634933753243
1.6289472849171729
1.630574486422535
1.6224116016783396
1.6224070441583067
1.621487862139544
1.620769249143338
1.6213041493406488
1.6213509482352793
1.6215101191465935
1.6222881208033388
1.6216426493109073
1.6223847536531972
1.6243376332195103
1.624071763247731
1.6237099454224413
1.6237899127481663
1.623371387153575
1.6235136268279908
1.624239052379683
1.624534316335883
1.6251367605603586
1.6247578842024455
1.6247752880193909
1.6246343458054118
1.623306905282135
1.6247732871220093
1.625764784057093
1.6261814496025198
1.6256578472874486
1.6258538834772491
1.6248538418373346
1.6258772613342853
1.6253936176971622
1.6317335862226952
1.621457160322507
1.6216793537150704
1.6214682867459498
1.6213954637526258
1.625034261987676
1.6269898844815387
1.6267703956263833
1.6267629681615625
1.6267991649492808
1.6293803650477392
1.6300938316693747
1.6303811742918461
1.630388505177728
1.6299078994688023
1.6314966470184116
1.6313115562532727
1.6312926973073922
1.631386825846594
1.631570925626635
1.630075726615109
1.628691820327913
1.6290223436342899
1.6291631843692103
1.6287277721846725
1.6289103849510669
1.628966298510258
1.629010747081106
1.6289549366128377
1.630100007038868
1.628800305236762
1.6287006298848405
1.6297960164976382
1.629579704359534
1.6312075811591005
1.623040596982499
1.6230358621906602
1.622116627110279
1.621397438720725
1.62193255428847
1.6219793918133885
1.622138810208815
1.6229174303787774
1.6222716286162935
1.6230139348920536
1.6249674283442634
1.6247014769663155
1.6243396541680857
1.624419549268548
1.6240011104338576
1.6241433118663517
1.6248687375029618
1.6251641763134799
1.6257670774564803
1.6253879632430162
1.6254056511065795
1.6252646960349122
1.6239366043520673
1.6254034536885191
1.6263954239388003
1.626812392797932
1.6262887540069526
1.626484762727111
1.6254842755030752
1.6265082001726348
1.6260243926652882
1.6323670836921582
1.6204592501558208
1.620681536740074
1.6204702926744625
1.6203973625240864
1.624036576795479
1.6259921646898408
1.6257725839082153
1.6257651395125048
1.6258012469851284
1.6283826374564698
1.6290959349833125
1.6293833907201685
1.629390705633785
1.6289099806151832
1.6304988079406582
1.6303137364061762
1.630294652619775
1.6303888792631496
1.630572968516211
1.6290776961110403
1.6276940319383495
1.6280244807416517
1.6281654069507832
1.6277298620956837
1.6279123308683237
1.6279683400366376
1.6280126924880722
1.627956795228177
1.629102002742366
1.627802134151594
1.6277025096971305
1.6287978566117258
1.6285815447530925
1.630209505090814
1.6220426823668017
1.6220380903746563
1.621118540272439
1.6203995410368992
1.6209346894605718
1.620981513722277
1.6211407923237526
1.6219192113224423
1.621273427311175
1.6220158581696629
1.623969612191549
1.6237036235693676
1.6233416637903932
1.623421648966303
1.6230029762323426
1.6231452642984945
1.6238709726365264
1.6241663839362508
1.6247691472662897
1.624390079352962
1.624407542342797
1.624266542818141
1.6229384647605873
1.6244055044196573
1.6253974751371054
1.6258143590411083
1.6252905458984708
1.6254866534366874
1.624486139798339
1.6255100513967657
1.6250261890116513
1.631369130986856
1.6200636743781236
1.6202859958490172
1.620074793096814
1.620001915914046
1.6236426346951554
1.6255992482042887
1.625379632850636
1.6253721989021956
1.625408399897913
1.6279909456491766
1.6287047488796265
1.6289922559543384
1.6289995880298473
1.628518718399693
1.630108288246867
1.6299231062300343
1.6299042018344745
1.6299983939767966
1.6301825858909231
1.6286866132688769
1.6273020403749683
1.627632720230938
1.6277736463589836
1.6273379911528398
1.6275206740209096
1.6275766313122253
1.627621087211339
1.6275652344689917
1.6287109102427586
1.6274105195628221
1.6273108015322129
1.6284067399954347
1.6281903176752717
1.6298190373112835
1.621647917203913
1.6216432027616978
1.6207234490502318
1.6200039243336601
1.6205393178185614
1.6205861770964085
1.62074565444376
1.6215246393099536
1.620878511294532
1.6216212156873273
1.623575746120019
1.6233096532839488
1.6229476242761578
1.6230275744469957
1.6226088851039369
1.622751172807746
1.6234770131636869
1.6237725981363138
1.6243757845333966
1.6239964845142127
1.6240141455460333
1.6238731115617817
1.6225443452924913
1.6240119724317987
1.625004448236803
1.6254216160296975
1.6248976826153168
1.6250938069676757
1.6240928057129185
1.6251172500622661
1.6246331872726216
1.6309791503584758
1.6210377753607783
1.6212600465917613
1.6210489460384228
1.6209761324419718
1.6246167112344954
1.626573408306772
1.6263538425010073
1.626346418729146
1.6263826758097977
1.6289651866813097
1.629679116634056
1.6299665632905431
1.629973905423069
1.6294930938663854
1.631082665247241
1.6308974655080173
1.6308786987971777
1.6309728335995866
1.6311570378514562
1.6296610627497794
1.6282762968713862
1.6286070330761269
1.628747911119861
1.6283123236439678
1.6284951008894892
1.6285510011583613
1.6285955175901246
1.6285397164504138
1.6296853443783161
1.6283850148864307
1.6282852623774917
1.629381260142742
1.629164830761531
1.6307935508634737
1.622622071352562
1.6226172689323903
1.6216976796951286
1.6209780157368596
1.6215134060566285
1.6215602749835416
1.6217198433866078
1.6224989767783615
1.621852817277621
1.6225954686885258
1.6245499010764506
1.6242838226768939
1.6239218663939698
1.6240017637095523
1.6235832048967638
1.623725443846494
1.6244511334340044
1.624746744736009
1.6253500350945733
1.624970694524946
1.6249884944258632
1.6248474832926936
1.6235186663459429
1.6249862231462924
1.625978730256487
1.6263959635796974
1.6258721207211408
1.6260681905392258
1.625067173666494
1.6260916586652865
1.625607614219103
1.6319536249659345
1.619570772030987
1.6197932070039491
1.619581923071138
1.6195090317300904
1.6231519431756023
1.6251098127535755
1.6248900852400368
1.6248826516525154
1.624918902565779
1.6275030351966076
1.6282173437354723
1.6285049998182923
1.6285123413669682
1.6280312014901155
1.6296217593213127
1.629436453624535
1.6294176048371358
1.6295118274312714
1.629696139776495
1.6281992368381202
1.6268137096285693
1.627144622423067
1.6272856125554134
1.6268497199075425
1.6270325623995845
1.6270885265514952
1.627133039670647
1.6270771774815136
1.6282235413958728
1.6269223730129816
1.6268225761852826
1.627919224310637
1.6277026641231647
1.6293323955356551
1.621156024788529
1.6211512643834973
1.6202310198940926
1.619510980191742
1.6200467046451248
1.6200935977457385
1.620253218679972
1.6210327600020908
1.6203862152948898
1.621129355042614
1.6230850514160713
1.6228188003794644
1.622456582100094
1.6225365560711784
1.622117670542294
1.6222600227684167
1.6229862401728112
1.623282021603471
1.6238856334746383
1.6235060780482353
1.6235238179772418
1.6233827075787546
1.6220530912637616
1.6235215954953293
1.6245147030101525
1.6249321619478156
1.6244079474300133
1.6246041669135933
1.6236025363275906
1.6246276368122399
1.6241432823586066
1.6304932100440237
1.6188472701218526
1.619069770206052
1.6188591023588452
1.6187867760895756
1.6224392509712446
1.6244042365248408
1.6241844436907489
1.6241771136736256
1.6242141750239572
1.6268058932550977
1.6275239955589964
1.627811792500108
1.6278192819847914
1.6273373716091553
1.6289328846972844
1.6287467833768674
1.6287295894774774
1.6288233909315513
1.6290084288096878
1.627506849493372
1.6261146208607564
1.6264472618356056
1.626588091146342
1.6261516885923437
1.6263362729787572
1.6263917012092013
1.6264371057550422
1.6263817123583513
1.6275310385170174
1.6262265934998683
1.6261260579034282
1.627226847359722
1.6270095272252245
1.6286443221794191
1.6204381041981017
1.6204322341994177
1.6195111805623645
1.6187871735141481
1.6193245211586162
1.6193716798637245
1.619532929289514
1.6203167381468606
1.6196677951275678
1.6204125818310389
1.6223731274606457
1.6221062297864905
1.6217437923978986
1.6218233568176528
1.6214047956623445
1.621546982959256
1.6222735779216093
1.6225706049362099
1.6231773837926073
1.6227961458256845
1.6228156689315827
1.6226744049727335
1.6213400316546294
1.6228122179579203
1.6238087970737491
1.6242283670384103
1.6237036525617352
1.6238998023586833
1.6228948689367049
1.6239236565923125
1.6234380272533468
1.6298082545463524
1.6191355036910118
1.6193580068832407
1.6191469833968424
1.6190743510365313
1.6227224563070506
1.6246840653632613
1.624464269980169
1.6244568848458063
1.6244935306022175
1.6270817321397129
1.627797979538399
1.628085751024458
1.628093164767659
1.627611575242475
1.6292047748549148
1.629019056640456
1.629000998670182
1.6290950348828936
1.6292797259538423
1.6277803306003187
1.62639135795479
1.6267231548796284
1.6268640912966563
1.6264278815453503
1.6266115901294236
1.6266673064715143
1.6267122546631334
1.6266566080948786
1.6278045837701112
1.6265016270569144
1.6264014592047735
1.6275002765052773
1.6272833157200897
1.6289157473775355
1.6207236977078685
1.6207184041715266
1.6197976184872394
1.6190755556948917
1.619612147960275
1.619659176283908
1.6198196050431624
1.6206013233670293
1.6199535205502582
1.6206975739956408
1.6226559220022234
1.622389316467915
1.6220269328470476
1.6221067236275934
1.6216879240777697
1.6218302208443656
1.6225567401252916
1.622853168314468
1.6234583999367709
1.6230779741890524
1.623096572566337
1.6229553650349353
1.6216232454365895
1.6230937603323818
1.6240886984976142
1.6245072396294657
1.6239826980963818
1.6241789167699412
1.6231755350834012
1.624202574959598
1.6237175283381469
1.6300782507069598
1.6194913869064322
1.6197138885446463
1.6195030428778439
1.6194305635630535
1.623080853639148
1.625044150944051
1.624824356835459
1.624816999259716
1.6248538528130871
1.6274438126974056
1.6281609875486973
1.628448771762283
1.628456223376225
1.627974473425815
1.6295688297760995
1.6293829200086622
1.62936529407383
1.6294592129072225
1.629644077381765
1.6281435900468453
1.6267529894077735
1.6270852083576168
1.627226091221499
1.6267897850688473
1.62697393155409
1.627029503840358
1.6270746802090879
1.6270191602266149
1.628167811143564
1.6268641102783916
1.6267637585541013
1.6278635619324995
1.6276464214726574
1.6292800347784773
1.621080900952985
1.621075319185472
1.6201543995248022
1.61943136460452
1.6199683345594458
1.6200154280738166
1.6201762671663382
1.620959030756945
1.6203106578389135
1.62105507791334
1.6230145247314345
1.6227477731272029
1.6223853626224736
1.6224650402226233
1.6220463598700572
1.6221886019018108
1.6229151590234505
1.6232118866253389
1.623817891864689
1.6234370600073689
1.62345612074896
1.6233148850038346
1.6219816385456094
1.6234529891451512
1.6244487477856817
1.624867803333938
1.6243431753290585
1.6245393595643123
1.623535202010053
1.6245631157759557
1.6240777777957471
1.6304432526266557
1.6187658269306595
1.6189884152494394
1.6187773308775852
1.6187046878985647
1.6223544376673855
1.6243169887752265
1.6240971092722192
1.6240897244085462
1.6241264076031174
1.6267157993002863
1.6274324256802828
1.6277203089224233
1.6277277297704997
1.627245937560292
1.628839878160749
1.6286540671863312
1.628636050922178
1.6287301099737501
1.6289148913680214
1.6274147982772513
1.6260251098949907
1.6263570815237252
1.6264980659439787
1.626061678111377
1.6262455064134296
1.626301227900966
1.6263462190076148
1.6262905653542699
1.6274390571349466
1.626135517144534
1.626035290194576
1.6271346397416788
1.6269175755560095
1.6285507660458143
1.6203547783963306
1.6203494503878757
1.619428296620135
1.6187058475884533
1.6192426880801978
1.6192897417709058
1.6194502782203213
1.6202324138861326
1.6195842985505264
1.620328678512106
1.6222879009742621
1.6220211767895518
1.6216586512150002
1.6217384598457303
1.6213195131565372
1.6214618583148686
1.6221886603821343
1.622485235914836
1.6230907866427016
1.6227101693395694
1.6227288268897437
1.6225875620476646
1.621254804915042
1.6227259776300298
1.6237213895776266
1.6241401490680543
1.6236153967074036
1.6238116867293793
1.622807833044405
1.623835365022078
1.6233500996526358
1.6297137954711205
1.6169408505521343
1.617163510975218
1.6169522425007865
1.6168794758887017
1.6205289574685933
1.6224910274329385
1.6222710768741269
1.6222636715670649
1.6223002301123817
1.6248892948491618
1.6256055414574624
1.625893508284026
1.6259009066497754
1.6254190658543008
1.6270127563913885
1.6268270117817405
1.6268087062461056
1.62690287236455
1.6270875989755622
1.6255877434231338
1.6241986795887537
1.6245304802853142
1.6246715448731155
1.6242350809404444
1.6244186805816017
1.6244745143988775
1.6245193701352163
1.6244636156382946
1.6256120310755535
1.624308563134776
1.6242084248407498
1.6253074783682633
1.625090462771517
1.6267233993853405
1.618529443202878
1.618524302641041
1.6176029426193759
1.6168809008175333
1.6174176648974226
1.6174646908343069
1.6176250092755717
1.6184067087762823
1.6177587605842592
1.618503137670887
1.620462264737386
1.6201955512297836
1.6198329275233914
1.619912835914572
1.619493677211295
1.6196361037472047
1.6203631130892184
1.620659586848656
1.621264823285039
1.620884350934596
1.6209027110222824
1.6207614195815985
1.6194289763153213
1.6209000704351597
1.6218952618449205
1.6223138174885243
1.6217889542920814
1.6219853295997995
1.6209816644835868
1.622008951128544
1.6215237219881764
1.6278863313348162
1.6166943993785665
1.6169171165526837
1.6167058074879486
1.6166330337967236
1.6202836117088166
1.6222463097075814
1.6220263030688271
1.6220188979422248
1.6220554814463148
1.6246453396228773
1.625361838885385
1.6256498802160029
1.625657283318336
1.6251753073995123
1.6267694919286115
1.6265836854789906
1.626565407747436
1.6266595890917876
1.6268443759183482
1.6253440552077554
1.6239545142155543
1.6242864313813783
1.6244275279713303
1.6239909453177959
1.6241746247709392
1.624230462018512
1.6242753463648703
1.6242195871445557
1.6253683466521107
1.624064489859855
1.6239643121672849
1.625063720525864
1.6248466359954632
1.6264800784975264
1.618283496995186
1.6182783334519404
1.6173567280413061
1.6166344287465744
1.6171713583107041
1.6172184011589719
1.6173787913936781
1.6181607691223507
1.6175126125844377
1.6182572073485302
1.6202169173854122
1.6199501247775414
1.6195874064353595
1.6196673267266635
1.619248069930473
1.61939052872754
1.6201177265937803
1.6204142985822345
1.6210197477556596
1.6206391477016076
1.6206575472378868
1.6205162175900847
1.619183349300956
1.6206548819669249
1.6216503892315954
1.6220690904475834
1.6215440866994297
1.6217405095727584
1.6207365297909226
1.6217641445035307
1.6212787695311688
1.6276433611775902
1.618879036878345
1.6191015562008506
1.6188903002923813
1.6188174748553852
1.6224631232019862
1.6244227789559353
1.6242029679597318
1.6241955484222104
1.6242319406721135
1.626818142636027
1.627533293882506
1.6278210680851706
1.6278284356740917
1.6273470128996026
1.6289388900877388
1.6287533958545124
1.6287348047909558
1.6288289915342922
1.6290134809046353
1.627515334238316
1.6261282772952617
1.6264595758061584
1.626600587165157
1.6261644682353178
1.6263476493959244
1.6264035466653686
1.6264482167881047
1.6263924108067735
1.6275396284474348
1.626237504711339
1.6261375568497487
1.6272352302606499
1.6270184768353675
1.628649557904405
1.6204657070995496
1.620460768106819
1.6195400885457691
1.6188191765401168
1.6193553380646328
1.6194022891276905
1.619562222918719
1.6203427042161522
1.6196955619394853
1.6204392115179285
1.6223963317527155
1.6221298890307452
1.621767515355759
1.6218474505868297
1.6214284775172052
1.621570850767643
1.6222973698787337
1.6225934483592743
1.6231977661445278
1.6228178161079103
1.62283584639196
1.6226946645759335
1.621363847296724
1.6228334271993619
1.623827418734199
1.6242453532386403
1.6237208846573736
1.6239171582702172
1.6229146677519204
1.6239406972828982
1.6234559784018952
1.6298112557680329
1.6175310794687097
1.6177535477742977
1.6175424829744913
1.6174697976465724
1.6211163984073749
1.6230769818488133
1.6228572210377479
1.6228498254561157
1.6228863776894333
1.6254734239470063
1.626189165642085
1.626476885790288
1.6264842823715968
1.6260028374579651
1.6275952945487062
1.6274096868165984
1.6273914494554826
1.6274855201692466
1.62767010857913
1.6261714134424823
1.6247833495181714
1.6251149153903417
1.6252558518884563
1.624819752488195
1.6250032469768374
1.625059015195926
1.6251038599398675
1.6250481688540646
1.6261956762697183
1.6248932416456863
1.6247931673696918
1.625891393121568
1.6256745427979105
1.6273062151570663
1.619118462870757
1.6191132917844846
1.6181927097094473
1.617471172398131
1.6180075196022856
1.6180545129097776
1.618214742923155
1.6189958953795183
1.6183484365669014
1.619092216477977
1.6210497880737529
1.6207832867533338
1.6204209723612837
1.6205007981469004
1.6200820152061752
1.6202243123351139
1.6209506995981309
1.6212469541144052
1.6218517626696636
1.6214715690278019
1.6214899693631013
1.6213487962912947
1.6200173649046854
1.62148729232024
1.622481725397917
1.6228999826408768
1.6223755613795356
1.6225717632389527
1.6215688691688221
1.6225953762940974
1.6221105300771768
1.6284682313353402
1.6195548886527409
1.6197773140065495
1.6195663241043694
1.6194936823471855
1.6231400070602313
1.6251005415380282
1.624880823105545
1.6248734342782227
1.6249100197417008
1.6274969105061423
1.6282126945737172
1.6285003620257614
1.6285077645223176
1.6280263808448916
1.629618756626085
1.6294331473857115
1.6294149971803964
1.6295090271299013
1.629693613729021
1.6281949944656482
1.6268068814113166
1.6271384654377907
1.6272793645460057
1.6268433300860548
1.627026874191001
1.627082603823411
1.6271274841541152
1.6270718282573022
1.6282192464306635
1.6269169174072455
1.6268168267121221
1.6279150328601728
1.6276981893180924
1.6293297776731621
1.621142223337805
1.6211369974297964
1.62021656590239
1.619494978678757
1.6200312961921166
1.6200782931137554
1.6202385718653696
1.6210197769674453
1.620372331888931
1.6211160401991689
1.6230734492700363
1.622806970757337
1.6224447206211636
1.6225245091865899
1.6221058296148634
1.622248088864223
1.6229743441942488
1.6232705998919388
1.6238754422986779
1.6234952429071223
1.6235137292470534
1.6233725777771544
1.622041183442714
1.6235109908746084
1.6245053921799275
1.6249236688477005
1.6243993313821936
1.6245954889578265
1.6235926369199827
1.6246191164669466
1.6241343067843326
1.6304917094331832
1.6179926485868248
1.6182154094897292
1.6180039366175687
1.617931042832849
1.6215808043899118
1.6235427072279718
1.6233226575733843
1.6233152319131625
1.6233516782886122
1.625940812784895
1.6266568059486028
1.6269448936116166
1.6269522718633316
1.6264703149209156
1.6280640023906396
1.6278782932257738
1.6278597123206984
1.627953993118969
1.6281386950544958
1.6266388444613273
1.6252501665959171
1.6255818545949359
1.625723015351359
1.625286415958187
1.6254698268444423
1.6255257747066054
1.6255705093776451
1.6255146516754488
1.6266631628044388
1.6253595724875578
1.6252595031501906
1.6263584380736484
1.626141436598998
1.6277743722809592
1.6195811349055795
1.6195761702996556
1.6186544813295822
1.617932718011134
1.6184694884212876
1.61851649506004
1.6186766313898755
1.6194580338394657
1.6188101486180808
1.619554631668489
1.6215139548245228
1.6212472124438944
1.6208844432877667
1.6209644573894593
1.6205450376256414
1.6206875616697083
1.6214148725485824
1.6217112936492653
1.6223163221626857
1.6219359309131292
1.6219540132626227
1.6218126761197749
1.6204803342084177
1.6219515690061717
1.622946697805551
1.6233651223885233
1.6228400780804333
1.6230365624566991
1.6220329285764357
1.6230601339225033
1.6225748680952132
1.6289373821198985
1.6191534769025724
1.6193760829056438
1.6191645882921226
1.6190915991908965
1.6227367072302246
1.6246956167871105
1.624475720396492
1.6244682735710407
1.6245044954621435
1.627090129238908
1.627804732014091
1.6280926052453113
1.6280999420683662
1.6276184770340796
1.6292099384723884
1.629024543032182
1.6290055616393038
1.6290998886008194
1.6292842948908923
1.6277865424687221
1.6264003977824788
1.6267314489722662
1.6268725618876367
1.6264363612778483
1.6266192242552637
1.6266752707259775
1.6267197555866313
1.6266638159344289
1.6278108744388176
1.6265089115774816
1.6264090884902243
1.627506308069829
1.6272896309187201
1.6289202891717418
1.620739584542895
1.6207348993092228
1.619813985641102
1.6190936595240504
1.6196296915853847
1.6196766028247798
1.619836233972702
1.6206160873453401
1.6199692026510986
1.6207128121166956
1.6226697079955434
1.6224032926930942
1.6220408039482854
1.622120870209937
1.6217016308036853
1.6218441071807015
1.6225708712374178
1.622866797648771
1.6234706609225404
1.6230909254401111
1.6231085525327436
1.6229673416197636
1.6216370136661564
1.6231064156842403
1.6241000605261444
1.6245176989727566
1.6239931060357187
1.6241894854352843
1.6231872987862728
1.6242129465290218
1.623728300258784
1.6300817986124978
1.6220666169956903
1.6222880783589266
1.6220776895821176
1.6220050916475461
1.6256316863103828
1.6275807000786975
1.6273619343679986
1.6273545286935494
1.6273905859594024
1.6299631090741322
1.6306741342938806
1.6309605288132392
1.630967831852509
1.630488825484629
1.632072225032705
1.6318877628483581
1.6318689239559532
1.6319627537546988
1.6321462299876972
1.630656064403814
1.629276877029218
1.6296062700656981
1.6297466519139312
1.6293126839093335
1.6294946522599292
1.6295503956051982
1.6295946754770223
1.6295390365849953
1.630680267942468
1.629384921470155
1.6292855924863638
1.630377273467344
1.6301616916347206
1.6317840890655315
1.6236447072460103
1.623640016137532
1.622723823210794
1.6220070994302493
1.6225404148667424
1.6225870916994956
1.622745944795979
1.623521897389317
1.6228782792415657
1.6236181037203798
1.6255650528889896
1.6252999921158098
1.6249393642299939
1.6250190070835264
1.624601935492687
1.6247436736697949
1.6254667051676148
1.6257611412656676
1.6263619803341691
1.6259841549587726
1.6260017394904682
1.6258612516484394
1.624537646132409
1.6259995804282148
1.6269882019624182
1.62740374669146
1.6268818418409396
1.6270772080203408
1.6260800932319444
1.6271005586839926
1.62661837382466
1.6329397011461775
1.6225281861138054
1.6227499400743581
1.6225391432251954
1.622466336833823
1.6260960922929197
1.628046425457856
1.6278273709036355
1.6278199351505962
1.6278558865585813
1.6304304979120208
1.6311417746003982
1.6314285366345684
1.631435821344244
1.6309563029475795
1.632540932874639
1.6323563692575334
1.6323371868211682
1.632431226704421
1.6326148164630625
1.6311234954226586
1.629743694106964
1.6300732092702919
1.6302138153768346
1.6297793473793254
1.629961232127534
1.6300171551158775
1.6300613249148
1.6300055194063798
1.6311477544771882
1.6298512523120265
1.6297519282668627
1.6308443184194241
1.6306285854358076
1.6322522461894247
1.6241073792808325
1.6241028946527032
1.6231855948309288
1.622468645043252
1.6230023836857441
1.6230490738497574
1.6232078332626994
1.6239840358492652
1.6233399912927449
1.6240805189108918
1.62602921963976
1.62576391780637
1.625402835156477
1.625482666326085
1.6250649579121528
1.6252069230043897
1.6259308781180664
1.626225480800528
1.626826539827191
1.6264485168441
1.6264657833899896
1.6263251314769196
1.6250006154361416
1.6264638571141459
1.6274531743700522
1.6278688864391064
1.627346358541837
1.6275420072380873
1.6265441526395579
1.6275653163123982
1.627082711842697
1.6334088519307355
1.621251656256264
1.6214732303445611
1.6212628492969419
1.6211903137268517
1.6248201934568782
1.626771307418379
1.6265524301850436
1.626545038650824
1.6265812497327035
1.6291562389004097
1.6298682331548755
1.630154783046106
1.6301621144939127
1.6296827576667214
1.631267723567743
1.6310830419269609
1.631064474660438
1.6311582762213381
1.63134195958723
1.6298503176963208
1.6284693620093105
1.6287991989968218
1.6289396180727824
1.6285053644257845
1.6286877113509375
1.6287433895288894
1.6287878407093073
1.6287322556633854
1.6298745127823084
1.6285780165310526
1.628478516814097
1.629571400496157
1.6293555909588968
1.6309795909903744
1.6228314164531845
1.622826535266304
1.6219097845734358
1.6211920597431446
1.621725894992891
1.6217726382437796
1.6219318400937786
1.6227088717764127
1.6220645518862502
1.622804995034516
1.6247536595496472
1.6244883675409694
1.6241275369416428
1.6242071470052233
1.6237899388271877
1.6239317141591885
1.6246551416258181
1.6249499238882605
1.625551575239369
1.625173291401953
1.6251911860129882
1.625050607649861
1.6237255886581892
1.6251888178981295
1.6261784813798021
1.6265945744618144
1.6260723452719739
1.626267789363444
1.625269657309942
1.6262912158421448
1.625808593639445
1.6321362617915736
1.6209358673639163
1.6211577202502747
1.6209468968229797
1.6208741163044926
1.6245063365463353
1.6264581908336793
1.626239038458183
1.6262316099106031
1.626267656945682
1.628844096405446
1.6295560471018378
1.6298429426999845
1.629850245166366
1.6293704501975341
1.6309562337950747
1.630771514069773
1.630752488299409
1.6308465254831688
1.6310302639699188
1.6295378559073783
1.6281568125671106
1.628486637057902
1.628627285779921
1.6281925859205648
1.6283747198150413
1.6284306127924495
1.6284748897031829
1.6284191075752716
1.6295621135795264
1.6282647448862848
1.6281653059256307
1.6292585635520314
1.6290426650158558
1.6306675064859855
1.622516274228651
1.6225116773252641
1.6215939145786977
1.6208762711464804
1.62141039380878
1.6214571298653981
1.6216161175001789
1.6223930683023644
1.6217485166152215
1.6224895168261924
1.6244395124561082
1.6241740356797683
1.6238127806962774
1.6238926043960016
1.623474754118787
1.6236167619843378
1.6243410564755898
1.6246359059120088
1.6252375306327569
1.6248591826409486
1.6248766338129532
1.6247359079839954
1.6234103664382575
1.6248745844979275
1.6258646596187503
1.626280755043578
1.625757959562865
1.6259536828893582
1.6249550836590594
1.6259770399227145
1.6254941074073332
1.6318249046355144
1.620810551943818
1.6210323400140039
1.6208216733880478
1.6207489964870434
1.6243813488586443
1.6263335517626993
1.6261144632737017
1.6261070517472418
1.626143200576801
1.6287198463835735
1.629432092501862
1.6297189122376508
1.6297262330445894
1.6292464898237589
1.6308324406414398
1.6306476707654949
1.6306288837376914
1.6307228304302321
1.6309066095517362
1.6294140423037577
1.6280325182700748
1.6283624754985724
1.6285030547474562
1.6280684281982298
1.6282507459924531
1.6283065450758876
1.6283509324110437
1.6282952347130624
1.6294382756643078
1.6281408793339933
1.6280413697766078
1.6291348445167444
1.6289189112342708
1.6305439221103648
1.622391215740502
1.6223864645467179
1.6214688941275024
1.6207509327948268
1.6212851053433195
1.621331863118843
1.6214910264442945
1.622268317531734
1.6216236439204295
1.6223646283874051
1.624314654932836
1.6240491758505955
1.623688010529954
1.6237677501042924
1.6233500846798912
1.6234920220423632
1.6242161280943068
1.6245110541560268
1.625112923058258
1.6247344649145086
1.6247521606845374
1.6246114602050101
1.6232856925225556
1.6247499395326723
1.625740172113783
1.6261564252799314
1.6256337338750215
1.6258293821662613
1.6248306520174636
1.6258527853860774
1.625369834832467
1.6317013722622038
1.6226656070063168
1.6228875595954884
1.6226766206802619
1.6226037895119012
1.6262373821337013
1.6281899134191071
1.6279706625850856
1.6279632274636555
1.6279992662273477
1.630576654620025
1.6312888155981282
1.6315758383964878
1.631583139684205
1.6311031483558187
1.6326895072549186
1.6325047271979085
1.6324856420758254
1.6325797352497524
1.6327635357628136
1.6312705866688348
1.6298891153007657
1.6302190381065182
1.6303597562205863
1.629924872700055
1.6301070367902155
1.6301629717845993
1.6302072417185884
1.6301514196782936
1.6312948589951375
1.6299969958498046
1.6298975339097348
1.630991165971028
1.6307751917196198
1.632400623082075
1.6242465675539104
1.6242420024908513
1.6233238438076847
1.622605992794895
1.62314031063223
1.623187059986085
1.6233460706760703
1.6241232470605056
1.6234784732933705
1.6242197627826438
1.6261705039078507
1.6259049252235231
1.6255435113483652
1.6256233841684036
1.6252053324292774
1.6253474104355639
1.6260720253840333
1.6263669718680533
1.6269687754743631
1.6265903055286395
1.626607710144605
1.6264669245066214
1.6251409208858636
1.6266056974753242
1.6275961202234148
1.6280123417958128
1.6274893219675548
1.6276851371434433
1.6266861812152345
1.6277084931248518
1.6272253782431703
1.6335584563804448
1.6205164824021876
1.620738413126966
1.6205275561154524
1.6204547849938384
1.6240887857931545
1.6260417146589126
1.6258224853328072
1.6258150604781871
1.6258511678061989
1.6284289180390166
1.6291413320665193
1.6294283316986813
1.6294356454117072
1.6289556445951174
1.6305422520239043
1.6303574233245175
1.6303384897891944
1.6304325332361618
1.6306163761947403
1.6291231920420488
1.6277412891105845
1.6280713264997397
1.6282120125305724
1.62777713737986
1.627959435753464
1.6280153154405526
1.628059660212201
1.628003887412847
1.629147450918974
1.6278494545359536
1.627749938418282
1.6288438071971358
1.6286277914178529
1.6302534761903587
1.622097748598714
1.6220930840669936
1.6211749671635471
1.620456848162615
1.6209912455769386
1.6210380130355515
1.6211971506779719
1.621974614701949
1.6213297052765487
1.6220710506226648
1.6240219851882955
1.6237563813903466
1.6233949929221618
1.6234748188370054
1.6230568485816932
1.6231988939644801
1.6239234524066326
1.624218474334538
1.6248204882708501
1.624441913922879
1.6244594771322372
1.6243186952417765
1.6229924284321333
1.6244573539557012
1.625447965936437
1.6258643258253433
1.6253413262770533
1.6255371107014727
1.624537981822478
1.625560498415366
1.6250773289611482
1.6314114459092905
1.6213953466487172
1.6216173989407028
1.6214063445375446
1.6213334627193097
1.6249684277210692
1.626921636004536
1.6267022867119882
1.6266948450167087
1.626730875509013
1.6293092128346043
1.6300215840944186
1.6303087340929912
1.630316034202044
1.6298358465141038
1.631422780714762
1.6312379403260453
1.6312187958522422
1.631312945016336
1.6314968075557086
1.6300033174302913
1.6286214180344203
1.628951439155134
1.629092226661252
1.6286571594795463
1.6288393537653894
1.6288953307767495
1.6289395937339943
1.6288837317813165
1.6300276044107493
1.6287292468133254
1.6286297618938395
1.6297237683900245
1.6295077184233844
1.6311337396781649
1.6229768608791708
1.6229723276564387
1.622053773036672
1.621335714443309
1.6218702274556802
1.621916990106772
1.622076023851962
1.6228534258186476
1.6222084299715198
1.6229500087390956
1.6249014953595935
1.6246358147672775
1.6242742420004534
1.6243541639408057
1.6239359107397677
1.6240780588867905
1.6248029942924775
1.625098037824098
1.6257000203159695
1.6253214284163302
1.6253387864762572
1.6251979410292476
1.62387147533347
1.6253368104527217
1.6263275808280793
1.6267439285480485
1.6262206843722449
1.6264165913975284
1.6254172787714094
1.6264399463269898
1.6259566490790074
1.6322920081253753
1.6212483118779022
1.621470435497184
1.6212592859012471
1.621186356972707
1.6248221461883248
1.6267757174526425
1.6265562977415409
1.6265488493821811
1.6265848591237122
1.6291637486623258
1.6298762038767474
1.6301634438235064
1.6301707403856027
1.6296904238997831
1.6312776864059946
1.6310928166055565
1.6310735988779936
1.6311677964193008
1.6313516908772108
1.6298578922994371
1.6284758034546754
1.6288058646557175
1.62894670555281
1.6285115140703612
1.6286936986458949
1.6287497159590822
1.6287939576345734
1.6287380581312094
1.6298821920380826
1.6285835344143054
1.6284840462146761
1.6295782497302203
1.6293621585151756
1.630988516718162
1.6228301273082766
1.6228256374165773
1.6219068095546947
1.6211886721272037
1.6217232975724902
1.6217700650651268
1.6219290859688007
1.6227065744037548
1.6220614606495796
1.6228032198567255
1.624755160487323
1.6244894175371527
1.6241277331965573
1.624207698307162
1.623789292690669
1.6239314948478485
1.6246566564486404
1.6249517479133537
1.625553802922266
1.6251751529205154
1.6251924447001067
1.625051558547631
1.623724843288259
1.6251905176642356
1.6261814777394066
1.6265978788207545
1.6260744805732605
1.6262704556651342
1.6252709436739166
1.626293802841634
1.625810396143348
1.6321470449489186
