1.6149993651984658
1.6125989933804088
1.6131399712215713
1.6147147861316742
1.6150376625273801
1.6167962628530863
1.6172489872963423
1.6143554657890513
1.6162428289468156
1.6156125278397608
1.615344018255374
1.614574597567165
1.615084303275816
1.614819893561972
1.6124157536246138
1.6129575739443849
1.614534788532331
1.6148581508812858
1.6166193704150966
1.6170727975529826
1.6141748947476822
1.616065215969493
1.6154338995611368
1.615165003577182
1.6143942958565252
1.6149047753488137
1.6162639648711121
1.6138640743378725
1.6144049296994762
1.615979278452917
1.6163020467396683
1.6180600009215103
1.6185126180005391
1.6156200106936343
1.6175069856096937
1.6168767572372833
1.616608374345283
1.615838943597209
1.6163484924159437
1.6160396326001436
1.6136389773749455
1.6141800017455328
1.6157548164294886
1.616077677263026
1.6178361218892165
1.6182888792487056
1.6153954295730588
1.6172830034163759
1.616652561492204
1.6163841103839103
1.6156143954449858
1.6161240936372785
1.6181149857617698
1.6157145032627307
1.6162554862365082
1.6178301610960801
1.6181529910531482
1.6199112574061303
1.620363979264728
1.6174707966660327
1.6193582329682827
1.618727826946216
1.6184594079980295
1.6176897194662165
1.6181993713431704
1.6155138876826711
1.6131117768608771
1.6136531358276878
1.6152289757396956
1.615552052625897
1.6173117007892666
1.617764740432782
1.6148693800805864
1.616758103015429
1.6161273039310753
1.615858655966061
1.6150885512078392
1.6155985840350455
1.6192133386431216
1.6168104136599502
1.6173519606232774
1.6189283830615029
1.6192515834122714
1.6210119224808344
1.6214651210168087
1.6185686717878631
1.620458038039002
1.6198270424235046
1.619558279950077
1.6187879670786498
1.6192981903809833
1.6185138876826708
1.6161117768608773
1.6166531358276874
1.618228975739695
1.6185520526258972
1.6203117007892665
1.620764740432782
1.6178693800805863
1.6197581030154287
1.619127303931075
1.618858655966061
1.6180885512078391
1.6185985840350454
1.617777623748362
1.6153761174681258
1.6159173315461015
1.6174926820727649
1.6178156508913235
1.6195746750984654
1.620027590488861
1.6171331649059957
1.6190214064471045
1.6183907330201186
1.618122197615478
1.6173521852821477
1.6178620560056673
1.6140160153728889
1.611600213049551
1.6121446608754286
1.6137295174248842
1.6140544457838528
1.6158241912734774
1.6162798169705908
1.6133678766398187
1.6152673671434448
1.614632985019264
1.614362789012204
1.6135883327388265
1.6141012852581738
1.6133436025117702
1.6109322835302726
1.6114757388560925
1.6130578463928922
1.6133822271696059
1.6151490634676235
1.6156038648016438
1.6126969016296158
1.6145928795309763
1.6139597432804762
1.6136899555971578
1.6129171466247234
1.6134292170884437
1.6142452496304185
1.611836373133053
1.6123792644693236
1.613959624427469
1.614283634810483
1.6160483983929197
1.6165027230495637
1.6135990265077857
1.6154930744602578
1.6148605278031878
1.6145910836451103
1.6138188990122897
1.614330398050631
1.6137195047129462
1.611309172618985
1.611852398551478
1.613433783737676
1.6137580101733537
1.6155239772929695
1.6159785842336398
1.6130729770153136
1.6149681740593107
1.614335270242059
1.614065629227261
1.6132930547751432
1.6138048884483982
1.6140496826726922
1.6116434641503503
1.6121857648106155
1.6137644706702023
1.6140881493996917
1.615851140764788
1.6163049740090443
1.6134042822426309
1.6152962461404485
1.6146644294287076
1.6143952391336913
1.6136240045282453
1.614134971787185
1.6142213863037376
1.6118152482734043
1.6123575118140379
1.6139359611404644
1.6142595702946199
1.616022105075905
1.6164759006653884
1.613575758399756
1.6154676457102448
1.6148357774714328
1.61456669486669
1.6137952634653523
1.614306139549205
1.613976056724976
1.6115694189629945
1.6121118058386223
1.6136906979799563
1.6140144075032932
1.6157775327663224
1.616231435289256
1.6133304353080036
1.615222723050945
1.614590764591653
1.6143215704005567
1.6135501044184843
1.6140611284203035
1.616733317967078
1.6143258107032288
1.6148683881416808
1.6164477927839669
1.6167716025525514
1.6185352517344123
1.618989311857476
1.6160873924537709
1.6179803600852514
1.6173481526373101
1.6170788892559003
1.6163070812388212
1.6168182687999184
1.614202979816809
1.6117967369765653
1.6123390220710399
1.613917517967903
1.6142411348205201
1.6160037030762888
1.6164575159854415
1.6135572966660994
1.6154492649378693
1.6148173612621692
1.6145482776834066
1.6137767884379124
1.614287678707485
1.6139961904258144
1.6115894109602626
1.612131821100603
1.6137107131288635
1.614034414871116
1.6157974622843871
1.6162513812654378
1.613350417200007
1.6152428102857253
1.6146107814178745
1.614341616464825
1.613570003357395
1.6140810236010346
1.6170522734935566
1.6146456852009945
1.6151880530890887
1.6167668286347205
1.6170905072402764
1.6188534320424603
1.6193073159533962
1.6164065624801507
1.6182988058340544
1.6176668303541442
1.6173976824551684
1.6166261403954503
1.617137123295701
1.6162967394653636
1.6138907741611896
1.6144329963050132
1.6160113058070555
1.6163348840847414
1.6180972405928187
1.618551000681411
1.6156511254927304
1.6175428752621521
1.6169110429254447
1.616641992480809
1.6158705874865835
1.616381417255097
1.6160485438677148
1.613644552338614
1.614186315695785
1.6157631804966226
1.616086450092236
1.617847068243511
1.6183004395454028
1.6154032762641248
1.617293464318821
1.6166620968486112
1.6163933397410157
1.6156224037874234
1.616132759975006
1.6168961103305526
1.614492019862614
1.6150338211948518
1.616610919187095
1.6169342506182696
1.6186952696912347
1.6191486782171227
1.6162510219198298
1.6181412987526025
1.6175099653236282
1.6172411156317934
1.6164703318334912
1.6169807702242114
1.616596424897958
1.614191397011902
1.6147334087499328
1.6163111124970755
1.6166345673515055
1.6183962551420268
1.6188498394492667
1.61595107370628
1.6178420870073773
1.6172105041245366
1.6169415540563012
1.6161704596600375
1.6166810937396543
1.6149363777322303
1.6125320038571507
1.6130738517188128
1.6146509494849088
1.6149742653539154
1.6167351287273644
1.6171885701694861
1.6142909857038372
1.6161814732221624
1.6155499989760715
1.6152812077603298
1.6145101297113116
1.6150205605856736
1.6153738198408998
1.6129677807494045
1.6135100063149714
1.6150882224499927
1.6154117697685866
1.6171739036281816
1.6176276619936687
1.6147280127440513
1.6166198112764636
1.6159879089964153
1.6157189189759127
1.6149473354192847
1.6154581293
1.6143352796531314
1.611929277455297
1.6124715013099922
1.6140497641285245
1.6143733269266642
1.6161355721105004
1.6165893313375395
1.6136895691183908
1.615581343269308
1.6149494759609306
1.614680455728361
1.6139089614529343
1.6144197732775487
1.6145797456249391
1.6121743664154922
1.6127164445259163
1.6142942413008594
1.6146177037711293
1.6163793806608588
1.6168330160655544
1.6139341321309701
1.6158254126974056
1.615193688532231
1.6149247657540025
1.6141534085440674
1.6146640672369448
1.6145650687638518
1.6121569879810338
1.612699692176223
1.6142794462663956
1.61460332544507
1.616367342460192
1.6168215077936008
1.613918956613339
1.6158123734402632
1.615180005828501
1.6149106912848707
1.6141386701246543
1.6146499697159193
1.6150971341280307
1.6126875424081262
1.6132305837658465
1.6148112930588052
1.615135365070824
1.6169004186367635
1.6173548649618696
1.6144505725593574
1.6163451750500493
1.6157123978205996
1.615442931738349
1.6146703868370333
1.6151819941473633
1.6174704455083417
1.615062210446195
1.615604955182758
1.6171848724390705
1.6175087902339869
1.6192730411844376
1.6197272424495144
1.616824367707535
1.6187179098847784
1.6180855238567458
1.617816162046976
1.617044159120248
1.6175555139988023
1.6147974486954362
1.6123869195574145
1.6129301713209274
1.6145114863687857
1.6148356818040606
1.616601404087556
1.617056026194014
1.6141506243458077
1.6160459633048243
1.615412936621508
1.615143370162857
1.6143705146635796
1.6148823176628064
1.6143387340809512
1.6119322388561557
1.6124745523479573
1.6140529080812154
1.6143764707141106
1.6161386271473972
1.6165924539300087
1.6136926094350843
1.6155847561941163
1.6149526771948464
1.6146837134903305
1.6139118092758746
1.6144226419555705
1.6140013720675435
1.611593853061551
1.6121363976575505
1.6137154290579
1.6140391305522859
1.6158020448397326
1.6162560651541413
1.6133549776750473
1.6152479296729374
1.6146155832687485
1.6143465031077786
1.613574275091805
1.6140853266180673
1.6137008230279943
1.6112924898606245
1.61183522245314
1.6134148363797083
1.6137386613386602
1.6155022665313006
1.6159564457381683
1.6130542693823244
1.6149478646965103
1.6143153217611779
1.6140461270917945
1.6132736909626166
1.6137849329640048
1.6159084760259428
1.6135005562271414
1.6140431861830682
1.6156224272069202
1.6159461672349262
1.617709271082426
1.6181633611062889
1.6152619089275897
1.617155172579856
1.6165227019139512
1.616253602750868
1.615481187998869
1.6159923052399605
1.6146464671741618
1.612237696320322
1.6127805159836373
1.6143602928501959
1.614684140863223
1.6164478242916756
1.6169020723464445
1.613999644260527
1.6158935756105848
1.6152608734418663
1.6149916899824357
1.6142189778360307
1.6147302676083497
1.6152156207102213
1.6128034448026143
1.6133470734145958
1.614929530173135
1.6152539647977702
1.6170210132295324
1.6174759526901321
1.6145684295731912
1.6164650673555476
1.6158316301241094
1.6155618497546644
1.614788533388377
1.615300708365907
1.6139159352776271
1.6115028219519025
1.6120466609696773
1.6136297234831156
1.6139542815310066
1.6157219986803248
1.616177113922276
1.6132684813596418
1.6151658556103223
1.614532168925018
1.6142622881791722
1.613488661214923
1.61400103188135
1.6136355199389163
1.6112214507482439
1.6117655010272478
1.61334914595383
1.6136738196852038
1.6154421498899576
1.615897440482484
1.612987754958922
1.6148858778686752
1.6142519242436688
1.6139819582274564
1.6132079760246443
1.613720533408019
1.613316564412438
1.610901576250478
1.6114458360798392
1.6130301101030768
1.6133549149974784
1.615123969581909
1.615579436386564
1.6126685849325422
1.6145674321198722
1.6139332465268346
1.6136631650281883
1.6128889168680156
1.6134016789122358
1.6118247664499366
1.609411005817922
1.6099549750141773
1.6115382936084814
1.61186289010737
1.6136307524414673
1.6140859711706577
1.6111769327705312
1.6130748049796457
1.612440888187179
1.6121710167032466
1.611396998033457
1.6119094448422544
1.6127163299402945
1.6102995901988395
1.6108442484305103
1.6124297107348649
1.612754762517089
1.6145251767242697
1.6149809782027347
1.6120679284262693
1.6139681553982197
1.6133335238201725
1.613063227436712
1.612288460565373
1.6128016087736166
1.613435050994629
1.6110174786449662
1.6115623257285892
1.6131483472174064
1.6134735147244248
1.6152445641746787
1.6157005241148261
1.612786441946376
1.6146873244253703
1.6140524788303445
1.6137820830445042
1.613007063419359
1.6135203931307798
1.6131345019550793
1.6107161154440388
1.6112611505241785
1.6128477545392141
1.6131730455107989
1.6149447858662465
1.6154009046988524
1.6124857336536529
1.614387259448943
1.6137522173227739
1.6134817070285195
1.61270647929017
1.6132199994767173
1.6128348165224853
1.610415492593327
1.6109607380792599
1.6125479478491946
1.6128733622440352
1.6146457713170383
1.6151020659309967
1.6121857854401032
1.614088047703718
1.6134527561236824
1.613182145453028
1.6124066071167167
1.6129203229921607
1.6109478462649243
1.6085287814250049
1.6090739648157233
1.6106609648490817
1.6109863329292176
1.61275847459241
1.6132147159550307
1.6102988360795643
1.6122008920315793
1.6115656543047014
1.6112950918742066
1.6105195931485632
1.6110332395509985
1.6113806951407965
1.6089626851046634
1.6095076192590858
1.6110938036878948
1.6114189942489872
1.6131901219350537
1.6136461507231021
1.6107318168245788
1.612633035339445
1.6119980305110329
1.6117276459351453
1.6109523502927734
1.6114657277751243
1.6102668017914028
1.607848655922771
1.6083936297631316
1.6099800006998355
1.6103052376169433
1.6120766549004584
1.6125327200509512
1.6096180061059446
1.6115193377803823
1.6108843320215356
1.6106138850734744
1.6098386523051924
1.6103520940467813
1.6093044783722157
1.6068864188666636
1.6074313720086193
1.609017673033131
1.6093428945120039
1.611114222658915
1.611570270058962
1.6086556896524316
1.6105569525563357
1.6099219647485414
1.6096515338805335
1.6088763143158076
1.6093897328997269
1.6114874044365293
1.6090726200233172
1.6096168203237702
1.6112008145851662
1.6115255499455452
1.6132941701338026
1.6137495823947907
1.6108393010104942
1.6127379784584672
1.6121037942610814
1.611833806320695
1.611059463849388
1.6115721295047516
1.6107750038289013
1.608358085490215
1.6089027686974695
1.6104881842052403
1.6108132127268344
1.612583437760016
1.6130392548350447
1.6101263539439337
1.6120267106401558
1.6113919736818796
1.6111217367485324
1.6103467334706338
1.6108598599767994
1.6119449802460373
1.6095283889128391
1.6100729901819097
1.6116581026991568
1.6119830617280395
1.613752874552685
1.6142086201951547
1.611296309942712
1.6131964037475477
1.612561721107647
1.6122915636005464
1.6115165684962713
1.612029593399809
1.6116637013003718
1.6092462773589664
1.6097910674799891
1.6113767391816987
1.6117018139353751
1.6134722620030935
1.6139281661072455
1.6110148234628188
1.6129155727746987
1.612280676117819
1.6120104192083378
1.6112351713502575
1.611748377756972
1.6116076182326293
1.6091900031182345
1.6097348354915029
1.6113206236758415
1.6116457215662148
1.61341629224502
1.6138722314192875
1.610958678182675
1.6128595772263692
1.612224627181549
1.611954353217995
1.6111790343122019
1.611692278062306
1.6117960011366943
1.6093788178376975
1.6099235467189414
1.6115089853423197
1.6118340060415188
1.613604131037305
1.6140599814593437
1.6111470959151104
1.6130476511061373
1.6124127908165802
1.6121425972532926
1.6113673443652794
1.6118804723270357
1.6135354398436548
1.6111240596505945
1.611667501121496
1.6132493520120614
1.613573655432357
1.6153399572968055
1.6157947374341695
1.6128883596787453
1.6147843663355528
1.6141511081494229
1.6138814573944245
1.613108304500741
1.6136202800311956
1.6124065944351513
1.6099944805727215
1.610538072920508
1.6121202498041318
1.6124446071136598
1.6142111432994906
1.6146660446745402
1.6117591275431469
1.613655700928922
1.6130221946845777
1.6127525371114388
1.6119789793086596
1.6124910541391535
1.612162128463344
1.6097493916125267
1.610293129704584
1.6118757726317967
1.6122002302691947
1.6139673347491323
1.6144223599465255
1.611514564530568
1.6134116315008247
1.612777982113277
1.612508227085798
1.6117345322175265
1.6122467601797577
1.6125581643653581
1.6101462726985074
1.61068980466195
1.612271725125487
1.612596020640765
1.6143621780925428
1.614817025354703
1.611910621808269
1.613807013263939
1.6131735259010813
1.6129039467801698
1.612130339306857
1.612642326720443
1.6154828112037323
1.613070746810722
1.6136143201709743
1.6151963804588954
1.615520706850643
1.6172870425756285
1.6177419253386802
1.6148352547152949
1.6167317837120314
1.6160982604470688
1.6158286491660505
1.6150550152856258
1.615567049014551
1.615327511647683
1.6129178218225562
1.6134608510362285
1.615041256999443
1.615365236175498
1.617129643983627
1.6175840682505243
1.6146804742341472
1.6165751298617816
1.6159421957250315
1.615672896783168
1.6148999186794015
1.615411413112567
1.613308241553799
1.6108985701755023
1.611441598533739
1.6130220278387086
1.6133460147545364
1.6151104782247867
1.6155649029224597
1.6126612524213169
1.6145558958582038
1.613922979207289
1.613653665159392
1.6128807316962264
1.613392235101341
1.6150269626081337
1.6126164586216292
1.6131596758318183
1.6147406643212503
1.615064766961872
1.616829865675195
1.6172844488345508
1.6143797659414234
1.6162750648853543
1.6156419342174608
1.6153725207671834
1.6145993345502125
1.6151110194585039
1.6129147964726498
1.6105039101401661
1.6110472118548462
1.6126284333095362
1.612952582223551
1.6147179261590483
1.6151725794586345
1.612267475381136
1.6141630737886956
1.6135298363449218
1.6132603887864974
1.6124870604741015
1.6129988200691716
1.6147456836624683
1.612334347067756
1.6128777531298972
1.614459300803792
1.614783519169208
1.6165492531256036
1.617003994746642
1.6140982794615306
1.6159942339125049
1.615360889227633
1.6150913763749752
1.6143179374041994
1.6148298038156672
1.610959657107124
1.6085457673472976
1.6090897425316033
1.6106728977336202
1.6109974400540987
1.6127649127533514
1.613220128467108
1.6103114854603424
1.6122094430046905
1.6115754038113772
1.6113056380696777
1.6105313069156844
1.611043690920834
1.6135837549059482
1.6111688782585856
1.611713082836218
1.6132969603888372
1.6136216570503514
1.6153899989280054
1.6158454090351122
1.6129354100746451
1.6148341484763558
1.6141998768497938
1.6139299644395746
1.6131553987652645
1.6136680195608797
1.6141279063103502
1.6117145900694931
1.6122584384970615
1.613841244251192
1.6141657171615804
1.615932822027572
1.6163879325309831
1.6134799213007744
1.6153774296496788
1.6147435506201864
1.6144738360407074
1.6136997180298513
1.6142119900048333
1.6128098143908267
1.6103954559219418
1.6109395363091439
1.6125229943886108
1.6128475984207167
1.6146154054787478
1.6150707090831802
1.6121615113535677
1.614059837132078
1.6134256732118315
1.6131558572819318
1.6123813708289572
1.612893852678556
1.6113970992157935
1.6089815442395516
1.6095258971277622
1.6111101706987048
1.6114349444687703
1.613203687654169
1.6136592202912903
1.610748512500557
1.612647781058992
1.6120133138317212
1.6117433492852613
1.610968512623657
1.6114812596351606
1.6111903098247988
1.6087742182232492
1.6093186961573251
1.610903365859665
1.6112282245193663
1.6129974468622674
1.6134530855712865
1.6105416330344644
1.6124413264068478
1.6118067339874267
1.6115366880666797
1.6107617275431396
1.6112746045287107
1.6133024759602832
1.6108867667047124
1.6114311601342972
1.6130155968713793
1.613340409257687
1.6151093863784138
1.615564954947203
1.6126539235947523
1.6145533175035065
1.613918831859966
1.6136488200473662
1.6128740016192507
1.613386803918043
1.6129651139468755
1.6105483809101078
1.6110930054438906
1.6126781178480638
1.613003069095862
1.6147728040707496
1.6152285661713361
1.6123162918347154
1.6142164909823278
1.6135817379338682
1.6133116096648148
1.6125364674351814
1.61304948858054
1.615394233196906
1.6129811517273858
1.6135249224939485
1.6151073085487795
1.6154316732675915
1.6171980876144432
1.617653124531414
1.614745986363704
1.6166432927749608
1.6160093806346667
1.6157398210116019
1.614965487971365
1.6154776134839715
1.611110363430376
1.6086968191228688
1.6092407115135539
1.6108235870668028
1.611148067634342
1.6129151837871796
1.6133703284991534
1.6104622196462908
1.612359902108505
1.6117259347194017
1.6114562332979159
1.6106819549581464
1.6111942463326183
1.6113749631030219
1.6089619000803321
1.609505669991459
1.6110880793880449
1.6114124518466297
1.6131789218556027
1.6136339592033497
1.6107267645508738
1.6126240587713823
1.6119901641169239
1.6117205893878253
1.61094630098819
1.6114584354727455
1.6118500817925043
1.6094354399164783
1.609979566833105
1.6115630246864252
1.6118876131563626
1.6136552645148774
1.6141106010355433
1.6112014751375752
1.6131000116016379
1.6124657068642745
1.6121959494104683
1.611421168706778
1.611933643040018
1.614039328303524
1.6116249949861567
1.6121690408200349
1.6137521723410757
1.6140766835785287
1.6158438670663864
1.6162991317237172
1.613390652949184
1.615288938712608
1.614654670807784
1.6143850078862587
1.6136101907155909
1.6141225544742537
1.6160229533271244
1.6136219467785358
1.614163037521517
1.6157379452332725
1.61606081368265
1.6178192474080486
1.618272055864993
1.6153784879977486
1.617266329106404
1.6166357458998983
1.616367322081611
1.6155973443290161
1.6161070671345692
1.6167370811486619
1.6143379620120677
1.6148786146668004
1.6164521475895444
1.6167747227950837
1.6185315073002835
1.618983944720974
1.6160929552226564
1.6179793033871197
1.6173491670960582
1.6170810205347588
1.6163114986192406
1.6168207710015323
1.6156090993471128
1.6132091232844092
1.6137499492253038
1.6153238313697869
1.6156464604232477
1.6174034570621925
1.6178560326094618
1.6149644831662313
1.6168514912116907
1.6162210539396917
1.6159529146922653
1.6151828853828936
1.6156922622789958
1.6161187198447566
1.6137108436443026
1.6142534381914697
1.6158323759986508
1.6161560309717768
1.6179185669112246
1.6183726184187617
1.6154718287103758
1.6173650401568085
1.6167324829921614
1.616463521731419
1.6156908209023273
1.6162018290244327
1.6165952860929809
1.6141924852001655
1.6147339596351018
1.6163098223234957
1.6166328680440498
1.6183921826207501
1.6188453049856257
1.615950067727774
1.6178393051857503
1.6172081715444406
1.6169396546636259
1.6161688589192158
1.6166788819274758
1.6176890457415356
1.6152865223847899
1.615827933869075
1.6174036101626486
1.6177266173082716
1.6194857201372803
1.6199387896815949
1.6170438965544052
1.6189329155100334
1.6183018532077162
1.618033369461029
1.6172626579678866
1.6177726204750875
1.6143490929072635
1.611945915539541
1.6124874909001947
1.614063773174815
1.6143869193058613
1.6161468465519426
1.6166000589613756
1.6137039845568477
1.615593529295248
1.6149623583561814
1.6146937157570003
1.613922987916612
1.6144331536290684
1.6154805291366323
1.613077715668058
1.6136192073796558
1.6151952333472637
1.6155183254651442
1.6172779518269307
1.6177310936653568
1.6148354969299663
1.6167247543954855
1.6160936727464639
1.6158250793614628
1.615054448975899
1.6155645310296267
1.6153692266081026
1.612965907536809
1.6135075061621755
1.6150837883237223
1.6154069266736848
1.617166776070008
1.6176200049375573
1.6147239664488517
1.6166136165300287
1.6159823751824032
1.6157137618212685
1.6149428868555227
1.6154530488097996
1.6173893603089409
1.6149858995340776
1.615527521424156
1.617103803472629
1.6174269340415075
1.6191867055880724
1.6196399509137391
1.6167439483408552
1.618633703764808
1.6180023920086244
1.6177338078855366
1.6169627857944329
1.6174729439905309
1.614351683728128
1.6119481365901847
1.6124897791786683
1.6140661311393334
1.6143892771464463
1.6161491378296156
1.6166024009057276
1.6137062647943683
1.615596088988854
1.614964759281618
1.6146961590784774
1.6139251237838175
1.6144353051375848
1.6154077667958708
1.6130044108309167
1.6135460111671545
1.6151222466451904
1.6154453695156075
1.6172051075876892
1.617658335593686
1.6147624100745122
1.616652084537184
1.6160208082178882
1.6157522250688205
1.6149812608218734
1.615491404832251
1.616071268389418
1.6136667653865264
1.614208619236239
1.6157855536100478
1.616108815300644
1.6178692890392485
1.6183227274659362
1.6154255383936487
1.617316111247207
1.6166845146002695
1.616415829126761
1.6156444385935387
1.6161548066642535
1.6162340607528927
1.6138329745459117
1.6143740522894097
1.6159486800131762
1.6162714633663622
1.618029306996071
1.618482093825583
1.6155891678597076
1.6174770499145585
1.6168463272865878
1.616578055502654
1.6158076891882094
1.6163173080885465
1.6171210310104531
1.6147196857142336
1.6152608255529468
1.6168356630132892
1.6171584926811793
1.6189166037207
1.6193694438015496
1.6164761172202466
1.6183642055866974
1.617733429105569
1.6174651090814756
1.6166947031563623
1.6172043915297085
1.6148782922525555
1.612476077454468
1.6130174078560047
1.6145927578172992
1.6149156877304374
1.6166743226887899
1.617127320369769
1.6142330743660136
1.6161218426210036
1.615490817151226
1.6152224279368188
1.6144516799766992
1.6149615319093231
1.6155400666321935
1.6131369513096485
1.6136784904061068
1.6152544928058117
1.6155775616217514
1.617336976621901
1.6177901509457846
1.6148946825268038
1.616784162868623
1.6161529229166494
1.615884403113775
1.6151134338368949
1.615623499402315
1.6155409302391484
1.613137691659863
1.613679253165598
1.6152552787939845
1.6155783475686127
1.617337740381125
1.6177909315939019
1.614895442605977
1.616785016099825
1.6161537232251288
1.6158852175542675
1.6151141457926304
1.6156242165718202
1.615803802697885
1.6134012919168972
1.6139426861245205
1.6155181991388812
1.6158411598871774
1.6175999509310999
1.6180530010018634
1.6151584673522135
1.6170474663002985
1.6164163520056931
1.6161479447631921
1.6153770679112034
1.6158869713729367
1.6155426574530583
1.6131391723602928
1.6136807786845804
1.6152568507703302
1.6155799194623361
1.6173392678995735
1.6177924928901364
1.614896962764324
1.6167867225622292
1.6161553238420867
1.6158868464352523
1.6151155697041004
1.6156256509108313
1.6147908530507074
1.6123853941828683
1.6129274592938094
1.614504976080763
1.6148283534548413
1.6165894402488814
1.6170430540261445
1.6141448119929291
1.6160361335055602
1.6154042699189206
1.6151354991750453
1.6143637534032609
1.6148743081909223
1.6145647935658292
1.612158816519512
1.6127010058208833
1.6142789420809889
1.6146024120844757
1.6163640336981395
1.6168177539780766
1.6139187107140067
1.6158104448498383
1.6151784735568835
1.6149096063326875
1.6141377813395679
1.6146484750732462
1.6154903040111581
1.6130840309819414
1.6136262840893991
1.6152043834025707
1.6155278842412157
1.6172896619404495
1.6177434346101716
1.614844103700206
1.616736068529133
1.61610400841135
1.6158351231590609
1.6150631692740716
1.6155739145368597
1.6157899894437524
1.6133846538326533
1.6139266965343182
1.61550419009259
1.6158275675079796
1.6175886764896572
1.618042273378027
1.6151440519137557
1.617035280274358
1.6164034696104417
1.6161346847345528
1.6153630414475255
1.6158735910214166
1.6151906185785634
1.6127834081312293
1.6133258716444803
1.614904576712551
1.6152282009744519
1.6169906473912423
1.6174445958423156
1.6145441554866564
1.6164368567839076
1.6158045472122586
1.6155355615835687
1.614763297100618
1.6152742380523026
1.6174368117642801
1.6150299777918538
1.6155723403793867
1.6171506258612316
1.61747414971264
1.6192359834600487
1.6196898418665648
1.6167902386575823
1.6186826326744095
1.6180503604005168
1.6177815004901945
1.6170091681032208
1.6175199663507096
1.618037046236424
1.6156319638434924
1.6161739280287157
1.6177510252294436
1.6180743021930295
1.6198347763176881
1.6202883000503943
1.617390895163855
1.619281909396062
1.6186500831071788
1.6183814380816708
1.617609624405864
1.6181200364893291
1.6177180907099455
1.615312089345727
1.6158542630813073
1.6174319893786895
1.6177553975053045
1.6195165960096398
1.6199702959544735
1.6170717251374749
1.6189634636472587
1.6183314053903448
1.6180626448824031
1.6172905652492346
1.6178011819935465
1.6158006279252328
1.6133917094967514
1.6139345360035524
1.6155141261360701
1.615837912230913
1.6176011503624002
1.6180553949709588
1.615153418763169
1.6170474476392074
1.6164146055838062
1.6161455429726435
1.6153724737014332
1.615883691698155
1.6155386190734513
1.613128849589932
1.6136718658041211
1.6152519917793462
1.6155758858592102
1.6173397035716495
1.6177941062111143
1.6148911540961066
1.6167858506699357
1.616152777111721
1.615883630204211
1.6151102635385948
1.615621654066544
1.6152941531016443
1.6128837606297368
1.613426922588197
1.6150075146070109
1.6153315090147453
1.617095895021291
1.6175504214830991
1.614646591083527
1.6165417812418381
1.6159085645404203
1.6156393201785697
1.6148658164474619
1.6153773601071482
1.613052277950702
1.6106408927201858
1.6111842676507462
1.6127653953991943
1.613089490010865
1.6148543777486053
1.6153090786994362
1.6124043083084678
1.614300271507347
1.613666752894557
1.6133974534744056
1.6126235052235336
1.613135217656268
1.61499446766905
1.612583137779025
1.6131265101432777
1.6147077079169916
1.615031825747981
1.6167968804720831
1.6172515827152434
1.614346642869977
1.6162425694966132
1.6156091033413291
1.6153397586030778
1.6145659442740077
1.615077683622591
1.614676375749526
1.6122640036314733
1.6128076079553604
1.6143894580544105
1.6147137070071174
1.616479463923259
1.6169343592674401
1.6140282329227704
1.6159249769790123
1.6152912259329735
1.6150217798443018
1.6142475970731138
1.6147595462963138
1.612301337155306
1.6098878548929765
1.6104317110194661
1.6120143066977997
1.6123387099502322
1.6141053138571375
1.6145604204835622
1.6116529176162468
1.6135505356818798
1.61291649927987
1.612646920654691
1.6118724008784293
1.6123845921058648
1.6123766903169319
1.6099633807807616
1.6105071955104417
1.612089651364391
1.612414023740354
1.6141804493740517
1.6146355204995844
1.611728284709221
1.6136257652337873
1.6129917647338823
1.61272221826881
1.6119477248996605
1.612459869811757
1.6123214708561446
1.6099078468902448
1.6104517262814468
1.612034321846707
1.612358717318055
1.6141252433752027
1.6145803664597433
1.6116728995082503
1.6135706229166598
1.6129365161060913
1.6126669667189595
1.6118922998173395
1.6124044872865961
1.6122354456572956
1.6098142468919026
1.6103599131894217
1.6119483344691556
1.6122739957105072
1.614047742218623
1.6145043883952848
1.611585889013003
1.6134896242132672
1.6128538337254992
1.6125830223020434
1.6118068627698086
1.612320970023046
1.6125351310898905
1.6101148697426149
1.6106603256343408
1.6122481411591751
1.612573678977271
1.614346756767831
1.614803227163141
1.6118858372265532
1.6137888359584929
1.6131532949245908
1.6128825838775354
1.6121067349432625
1.612620646507603
1.610967979965763
1.6085487734222736
1.6090939800777038
1.6106809799979884
1.611006340297041
1.612778404110475
1.6132346619312123
1.610318817971568
1.612220979266359
1.6115856711309229
1.6113151379384745
1.6105394920874734
1.6110531347317296
1.6106314815593101
1.6082111279778835
1.6087565881467882
1.6103442869628464
1.6106697860820776
1.6124425855620343
1.6128990538034624
1.6099819462907043
1.6118850059763823
1.6112493775133039
1.6109787419964152
1.610202669859139
1.6107165365637317
1.6123841495686158
1.6099656465055225
1.6105106702970509
1.6120969476405862
1.612422138036434
1.61419317697195
1.614649273315571
1.6117348571412728
1.6136364482642536
1.6130012317449485
1.612730903697114
1.6119551981157139
1.612468596453146
1.6113070691930802
1.6088886399173077
1.609433660287093
1.6110200309976495
1.6113452523525889
1.6131165139365882
1.6135726120033143
1.6106579698899517
1.6125595122499419
1.6119243656739788
1.6116539772020106
1.610878450183013
1.6113918844082433
1.6130459239482535
1.610626520360703
1.6111717528471525
1.6127586826290985
1.6130840119277474
1.6148558309050614
1.6153121038915867
1.6123964653020622
1.6142987685118724
1.6136633375103722
1.6133928788740706
1.6126169519759095
1.6131305639461377
1.6127462385156586
1.6103258975099908
1.6108713404022335
1.6124588759390788
1.6127843286609835
1.6145568163558535
1.6150132651237308
1.6120965170885126
1.613999556766647
1.6133638763112803
1.6130933172985784
1.6123170798024558
1.6128308874615807
1.6124465530830645
1.610025274659279
1.6105709279573146
1.6121590692490593
1.6124846453942194
1.6142578018066458
1.614714426355875
1.6117965688749625
1.613700345021422
1.6130644151121887
1.6127937557230865
1.6120172076290022
1.6125312109770238
1.6111845442312824
1.6087624147524595
1.6093082577578837
1.6108969348923354
1.6112226190225165
1.6129963550158948
1.61345313759603
1.6105343042079001
1.6124387480521507
1.6118025866401031
1.611531842954654
1.610754997466164
1.6112691733454125
1.6119400782594757
1.6095173257922641
1.6100633145419587
1.6116524577200002
1.6119782421780515
1.6137525464655365
1.6142094528680153
1.6112897411953204
1.6131946786240527
1.6125583740688023
1.6122875329290132
1.6115105503750302
1.6120248793860164
1.6100347015149858
1.6076121033271031
1.6081580515354241
1.6097470315473255
1.6100727773891346
1.6118468477412915
1.6123037182121025
1.609384330101125
1.6112891421795383
1.610652856040558
1.6103820621669083
1.6096050613794368
1.6101193351031342
1.6115659032722098
1.6091419174039812
1.6096881803655556
1.611278092351562
1.6116040310680273
1.613379160158639
1.613836294732254
1.61091518596797
1.6128210905581222
1.6121844477241776
1.6119134881798942
1.6111360661360807
1.6116506423650727
1.611337841375399
1.608915687578674
1.6094615150183078
1.6110499821900361
1.6113756044433454
1.6131489173273958
1.613605679572427
1.6106873186313686
1.612591766849571
1.611955518473565
1.6116848815043694
1.610907781375831
1.611421880265713
1.6138681795256689
1.6114447613053373
1.6119908810889485
1.6135802570061
1.6139060721753762
1.6156804659855195
1.6161374754444617
1.6132174144190403
1.615122861996954
1.6144863098487063
1.6142154930768626
1.61343807417674
1.613952470358146
1.6140933754035922
1.611670598618479
1.6122165718023835
1.613805505017701
1.61413122759888
1.6159051087770373
1.6163619948444121
1.6134427556187891
1.6153476974214738
1.6147113059022644
1.614440571478728
1.6136633342846978
1.6141775863063166
1.6134131945370254
1.6109912134664597
1.6115369995092832
1.6131253268566277
1.613450918233467
1.6152240528443103
1.6156807795884498
1.6127626857243422
1.6146669964014793
1.6140307839275774
1.6137601791184888
1.6129831053970622
1.6134971579716053
1.611950161887766
1.6095328310141275
1.610077566738857
1.6116628186281934
1.611987777409209
1.6137574571080302
1.6142133040838587
1.611300870417752
1.6132015231347603
1.6125665229585209
1.6122964502435002
1.6115208402306815
1.612033896416842
1.612628615540423
1.6102107354657174
1.610755613512975
1.6123414248129215
1.6126665148808992
1.6144369855223086
1.614892958043586
1.611979420153852
1.613880517692351
1.6132454443162492
1.6129752137227553
1.612199645206847
1.6127128904125427
1.6114068740903191
1.6089878595534348
1.609532973837505
1.6111193207540115
1.6114445032448417
1.6132153977676877
1.6136715612361048
1.6107571192707961
1.6126590951926392
1.6120236494966071
1.6117533930828591
1.6109772329218297
1.6114906431423939
1.6137764558447878
1.6113613947291225
1.6119056078611125
1.6134892519961792
1.6138138712599641
1.6155816565164116
1.6160370623157552
1.6131276282029479
1.6150264885121348
1.61439204202722
1.6141222806773339
1.6133472685970174
1.6138597996731372
1.6114566367113548
1.6090407798811421
1.6095851801542125
1.6111694301572528
1.6114941806253773
1.6132627124491392
1.6137182775717178
1.6108076980973944
1.6127071895321294
1.612072564001907
1.6118026730375736
1.6110274974846532
1.611540228007849
1.6131770849795988
1.6107601490276982
1.6113047829712739
1.61288963861614
1.613214504726436
1.614983627417996
1.6154393847800432
1.612527731775848
1.614428065021684
1.6137931196290365
1.6135231575263498
1.6127475242501097
1.613260446704023
1.6134583639252642
1.6110422605815713
1.6115867056731952
1.613171002133598
1.6134957525191005
1.6152642399675874
1.6157198388679521
1.612809218255741
1.6147088959945335
1.6140741646188645
1.613804301918558
1.6130289213961233
1.6135416623468595
1.6128773995470043
1.6104595261769863
1.6110043705263553
1.6125898319261207
1.6129148214596722
1.6146846128687882
1.6151405460121877
1.6122277835622982
1.6141288532764588
1.6134936584299449
1.6132235959508576
1.6124476520766562
1.612960770219466
1.612558444020526
1.6101396516792204
1.610684705578947
1.6122707960753668
1.6125959167719472
1.6143664325607399
1.6148225419162672
1.6119086135359182
1.613810407527656
1.613174980713111
1.6129048027515898
1.6121285929200266
1.6126419157236833
1.6122394884940472
1.6098197771814546
1.6103650406315384
1.6119517602246132
1.6122770120842218
1.6140482522526916
1.6145045378203469
1.6115894435095384
1.6134919617788528
1.6128563029962766
1.6125860095523221
1.6118095337633975
1.6123230612279005
1.6140125654022144
1.6115924591678836
1.612137824399121
1.6137249402366667
1.614050284766995
1.6158220819427256
1.6162784571241617
1.6133625821514421
1.6152654198919292
1.6146297063257606
1.6143593022694724
1.6135828497439695
1.614096510940719
1.613768963037362
1.6113481105579033
1.6118936439426879
1.6134812490525041
1.6138066938693916
1.6155790371515912
1.6160355530442645
1.6131187792180364
1.6150222036950335
1.614386294062939
1.6141158066843238
1.6133391146085716
1.6138529341508285
1.6125509512131002
1.6101263675080013
1.6106727416605224
1.612262793131692
1.6125887393813745
1.6143638131959195
1.6148210326447763
1.611899764551007
1.613806122710555
1.6131692327488298
1.6128983287585796
1.612120438931581
1.6126350502013747
