1.6303502025431416
1.6307547013258923
1.6308793974216254
1.630713034362891
1.6328935221752308
1.6369058751968302
1.6318492615452278
1.6320150434639795
1.6331862597108775
1.6333740119950502
1.6343729172894104
1.6335898289558928
1.6325509584081137
1.6329883530841416
1.6330238332468459
1.633372694968713
1.633372694968713
1.6330776276407488
1.6334922830498961
1.6338958073944612
1.6339645468365687
1.6333821448343238
1.6333289041839982
1.6335360915743837
1.6335325221030605
1.633019551915067
1.6310541245091024
1.631032778842831
1.6312957914978412
1.631061158691533
1.6313613738988426
1.6316114865266256
1.6316676593761121
1.633211488674297
1.6325565707758811
1.6320080926210574
1.6333813577261629
1.6333622602791398
1.632957514068396
1.635227761914634
1.6348626872749135
1.6344885946578942
1.6347262780756657
1.634868898448773
1.634980241019166
1.6335627410268838
1.6340467591805625
1.633867995056127
1.6338033627291204
1.6339611574682151
1.6342433803062852
1.635853763613827
1.6353845336661765
1.6359317255418167
1.636871997509628
1.6359679605270814
1.6368034180681852
1.6343673161650756
1.637669849006134
1.6371610614136984
1.6373620084678755
1.6376005186268918
1.6376015655053313
1.6378520983243134
1.6372964065117885
1.6378197009312467
1.6382969866604442
1.6372854319017032
1.6362816318147413
1.636192416928957
1.637196424182348
1.636461025122571
1.6372270820457282
1.6294504445204847
1.6298551077376808
1.6299797649850678
1.6298124800668137
1.6319953711723323
1.6360138422830997
1.63094994542801
1.6311170920451794
1.632290037796287
1.632477748397471
1.633477729905181
1.6326939217471468
1.6316539260685317
1.632091652062281
1.6321265810940018
1.6324761308059452
1.6324761308059452
1.6321807208666397
1.6325956469963867
1.6329994866924153
1.6330685593395655
1.6324852391188436
1.6324316536208774
1.6326389785498108
1.632635372788667
1.632122113125974
1.6301544632723957
1.6301327853299405
1.630396430561244
1.6301615660619306
1.6304620155563085
1.630712352551753
1.6307683028959987
1.6323138955305343
1.6316578370911698
1.6311087556748822
1.6324838491741054
1.6324647269915908
1.6320592151856004
1.6343335455526986
1.6339683231039905
1.6335934484605372
1.6338315479759238
1.633974604460059
1.6340858030672387
1.6326658750700973
1.633150796673178
1.6329714301675131
1.6329066506889443
1.6330644244096588
1.633346887237963
1.6349598730905206
1.6344902955228189
1.635037675501615
1.63597938673178
1.6350739619737713
1.6359103280940692
1.633470785532523
1.6367785721557282
1.636269384489609
1.6364704306582982
1.6367086148237622
1.636709958507277
1.6369605162577423
1.6364046808801385
1.6369283985774472
1.6374056911632395
1.6363926804165043
1.6353875913661178
1.6352985793452048
1.6363038753931676
1.6355670246701022
1.6363340708058427
1.6302830933987547
1.630686076502119
1.630810165407485
1.6306430905806364
1.63281777884949
1.6368221104409892
1.6317762735718848
1.631943461950985
1.6331122485982714
1.633299112922514
1.6342953226810335
1.6335145411077348
1.632478464783838
1.6329144604507828
1.632948923721208
1.6332973318925434
1.6332973318925434
1.6330030221829384
1.6334162835244692
1.6338185323393415
1.6338874913265478
1.633306206507
1.633252660192194
1.633459154568232
1.6334555440198277
1.632944369444551
1.6309840817525314
1.630962310293219
1.6312251590146243
1.6309911923392577
1.6312904580600467
1.6315398252683952
1.6315954041747351
1.6331352238028545
1.6324813933985816
1.6319343760271416
1.6333044806307278
1.6332854282159406
1.632881259170557
1.6351479386948393
1.634784232946257
1.6344105574759764
1.634647849613233
1.6347905265930336
1.634901156202154
1.6334860733918595
1.6339693824391226
1.633790460229408
1.6337258811548214
1.6338829515189512
1.634164312634626
1.6357717062649169
1.635303989361969
1.6358490772098424
1.6367874780339864
1.6358852338706036
1.6367184501658476
1.6342876466417697
1.6375839178983596
1.637076734725451
1.6372769560573457
1.637513911443935
1.6375154176329552
1.6377648914775977
1.6372114105550168
1.637733073247345
1.6382082780237426
1.6371988806585063
1.6361974650357378
1.636108958200009
1.637110579817403
1.6363761346785661
1.6371403805267946
1.6309807024150016
1.6313844028310254
1.6315088720281128
1.6313430206531416
1.6335188792495043
1.637522350039945
1.6324768386408564
1.6326420149326861
1.6338106505336305
1.6339980575735986
1.6349948474877036
1.6342133909151098
1.6331767216394124
1.6336132200759368
1.633648751586678
1.6339968075373217
1.6339968075373217
1.6337023703756692
1.6341161854473631
1.6345188808745366
1.6345874191309206
1.6340063128780218
1.6339532466740045
1.6341600136928798
1.6341564587435813
1.6336445183862922
1.631683275678252
1.6316620415911922
1.6319244223196625
1.6316902818668235
1.6319898804443909
1.6322394730885332
1.6322955877221101
1.63383612618834
1.633182688552218
1.6326353745560442
1.6340056566319405
1.6339866005203558
1.6335827821606819
1.6358478710749829
1.635483516861278
1.635110297794458
1.6353474435280322
1.6354897012558238
1.6356008646777922
1.6341865598476306
1.634669471020271
1.634491173409356
1.6344266945904067
1.6345841961645353
1.6348658350910366
1.636472621908158
1.6360043517551603
1.636550470997504
1.6374886602799263
1.6365866265765683
1.6374203130541432
1.6349895452097598
1.6382847203700353
1.6377769784540421
1.6379775251552862
1.6382156553336948
1.6382166365386746
1.638466691383148
1.6379120786803383
1.6384342950766482
1.638910678946801
1.6379013449361997
1.6368997151225586
1.636810625000753
1.6378124616262473
1.6370787614256872
1.6378431609027748
1.6323439703720883
1.632747450434419
1.6328718438398693
1.6327060080815146
1.6348808120411427
1.6388824910818673
1.633839275267632
1.6340044751663185
1.6351725827999255
1.6353598771981395
1.6363561817972974
1.6355751165627541
1.6345389515044917
1.634975225146972
1.6350106876677273
1.6353586015333907
1.6353586015333907
1.635064305559628
1.635477903715275
1.6358803926065528
1.635948920221951
1.6353680713967773
1.6353150058150645
1.6355216646486368
1.635518108584604
1.6350064405637315
1.6330461435400356
1.6330248926656281
1.6332871762745922
1.6330531516700508
1.6333525965595543
1.6336020637268318
1.6336581262162466
1.6351979234013128
1.634544765762674
1.6339977171597055
1.6353673626718637
1.6353483154734152
1.634944664822493
1.637208794453254
1.6368446391692482
1.6364715685753464
1.636708612882646
1.6368508261212682
1.636961912272457
1.6355482170298938
1.6360309265851987
1.6358526798428705
1.6357882256184677
1.6359456337543945
1.6362271299373714
1.637833210533597
1.637365182222023
1.6379110003622996
1.6388487702434256
1.6379471394297473
1.6387804207461123
1.6363507648185
1.6396444843511728
1.6391370026319807
1.639337441396093
1.6395754045045374
1.6395764111646178
1.6398263227756245
1.6392720200196378
1.639793969836187
1.6402700772661105
1.6392612025644755
1.6382600422251752
1.6381710217022671
1.6391723887183425
1.638438987910882
1.6392030295911144
1.6312358311719681
1.6316393386954278
1.6317637320056257
1.6315978032804883
1.6337729003012704
1.6377752807383983
1.632731221824571
1.6328965570127567
1.6340648639951516
1.6342521598571547
1.6352485963433943
1.6344674395594971
1.6334311367772798
1.6338674547912344
1.6339028656483905
1.63425085541731
1.63425085541731
1.6339565181230191
1.634370154196528
1.6347726849497473
1.6348412464176998
1.6342602928992918
1.6342071928016995
1.634413870798392
1.6344103111611135
1.6338986005759504
1.6319380340232759
1.6319167507606172
1.6321791024831862
1.6319450489169294
1.6322445249195425
1.6324940207974297
1.632550063643528
1.6340900742262878
1.6334367885336796
1.6328896663349046
1.6342595265146618
1.6342404763970069
1.633836740801123
1.6361013266481472
1.6357371466367574
1.6353639904165662
1.635601081404941
1.6357433404791242
1.6358544160975312
1.6344404475751015
1.634923257556214
1.6347449480323335
1.6346804778630473
1.6348378885690458
1.6351194158882225
1.6367257920499945
1.636257716884344
1.6368035688900398
1.6377415036674658
1.6368397139317572
1.6376731063641021
1.6352430507748081
1.6385373684670752
1.6380298337306745
1.6382302878030945
1.6384682266656823
1.6384692617335153
1.6387191829993437
1.6381648503895079
1.6386868558628298
1.6391629778004242
1.6381539345345417
1.6371526218251824
1.6370636181088158
1.6380651374848196
1.6373315765413752
1.6380957350327086
1.633001217442868
1.633404146288634
1.6335283119381643
1.6333621511625276
1.6355349634565697
1.6395340728337584
1.634494371375715
1.6346601832529695
1.6358275043797144
1.636014466707823
1.6370098429104667
1.6362295854926592
1.6351943821908805
1.635630158937126
1.635665207833528
1.6360129990572767
1.6360129990572767
1.6357189613650678
1.6361320604440228
1.6365340971753797
1.6366027282780355
1.6360222329631025
1.6359690311847843
1.6361754421149266
1.63617186841371
1.6356608471449245
1.6337023090583462
1.6336808782688919
1.6339431429737568
1.6337093500672466
1.6340084583449987
1.6342576639241186
1.634313491407781
1.635851918340131
1.635199088478065
1.6346525416714865
1.6360211361628243
1.6360021040269601
1.6355986167224468
1.637861693367639
1.6374980359631952
1.6371250682828895
1.6373619950356681
1.637504258149026
1.6376150703567485
1.6362021107575149
1.6366846171640437
1.636506271901265
1.6364418276809676
1.6365989657825775
1.6368801582797812
1.6384853024755037
1.6380178122718956
1.6385628625676465
1.6395000338300847
1.638598975997324
1.6394314862939794
1.6370035674699526
1.640295312758196
1.6397883995605715
1.6399885757465205
1.640225940661644
1.6402271373180375
1.6404766578479306
1.6399231655170168
1.6404445382213753
1.6409198743612934
1.6399117033295678
1.638911341933053
1.6388225974330048
1.6398231650605362
1.6390900218884383
1.6398534574225103
1.6364605214422678
1.6368635875936801
1.6369877527669463
1.6368211271573956
1.6389954047572108
1.6429980211164128
1.6379541041604124
1.638120592485161
1.6392889103558457
1.639475880002898
1.6404719156409537
1.639691200476375
1.63865530855482
1.6390913071584368
1.6391260977368431
1.6394742684768757
1.6394742684768757
1.6391800241820234
1.63959331285029
1.6399955588913528
1.640064359256777
1.6394833404756732
1.6394299661179592
1.6396364728637007
1.6396328812962577
1.6391216472060182
1.637161761474547
1.6371401687438376
1.6374027740167256
1.6371688363016386
1.637468100144941
1.6377174492771076
1.6377731785441902
1.6393126724650067
1.6386592023330953
1.6381122875474836
1.6394819553768145
1.639462908644921
1.6390589966155964
1.6413243543421037
1.6409605733007413
1.6405871774889895
1.6408243376471436
1.6409668299383078
1.6410775894821186
1.6396632634835557
1.640146272019119
1.6399676128485796
1.6399030889038644
1.6400602398558346
1.6403415880340362
1.6419482100574905
1.641480485583501
1.6420257052063463
1.6429637009502862
1.6420618485073746
1.6428949143839293
1.6404649972514913
1.6437597333377096
1.6432525550540427
1.6434528077815298
1.6436900514673687
1.643691390162525
1.6439409589665261
1.643387317366367
1.6439089683545913
1.6443843770328639
1.6433753631798993
1.6423742399330872
1.6422855794657505
1.6432869088929223
1.6425529650409052
1.6433169846304827
1.6327460886859013
1.633149210424232
1.6332734519606513
1.6331073685351813
1.6352809424048034
1.639281142135305
1.6342399881920002
1.6344056411728989
1.6355732909181937
1.635760364424267
1.6367560940547758
1.6359755368482718
1.6349399670530138
1.6353759242218286
1.6354110937718151
1.6357589511772879
1.6357589511772879
1.6354648136177186
1.6358780916948579
1.6362802931001685
1.6363489009912568
1.6357682529418323
1.6357150850570894
1.635921585009415
1.635918015996178
1.6354067649552664
1.6334475507133224
1.6334261690994667
1.6336884628102335
1.6334545830171405
1.6337538138698469
1.6340031162152227
1.6340590154863637
1.635597970302183
1.6349449884966032
1.634398249892626
1.6357672662801033
1.6357482281503093
1.6353446580820057
1.6376082377944752
1.6372444061877163
1.6368713756607822
1.6371083571587592
1.6372506189257254
1.6373615189370094
1.635948223030044
1.6364308306281001
1.6362524972782881
1.6361880444083274
1.636345273378067
1.6366265774825948
1.6382321323336675
1.6377644471427115
1.638309764675111
1.6392471904425452
1.6383458886421352
1.6391786929840204
1.6367500619049045
1.640042664661156
1.639535544283939
1.6397358130987114
1.6399733693296568
1.639974512123197
1.640224166231735
1.639670393807847
1.6401919774351936
1.6406675755076703
1.6396591137312257
1.6386584352304296
1.6385696043249418
1.639570489201964
1.6388372067727504
1.6396008832925766
1.6330605828274611
1.633462602132663
1.6335863881572419
1.6334196546972073
1.6355892452356582
1.6395843056390877
1.6345501804081672
1.6347170573462002
1.6358831340777713
1.6360695434436334
1.6370634162811148
1.6362844747080827
1.6352508284257916
1.6356857918021372
1.6357201341034162
1.6360677462250601
1.6360677462250601
1.635774125228599
1.6361864051523543
1.6365877022378226
1.6366565171034266
1.636076576074482
1.6360231357965296
1.6362291399419948
1.6362255356543904
1.635715578117653
1.633759881749945
1.6337381403059943
1.6340003962085632
1.6337669798115326
1.6340655374407362
1.6343143166097969
1.6343697458694333
1.6359059601798205
1.6352536339273858
1.6347078989161885
1.6360748132620249
1.6360558052574
1.635652561881914
1.6379140356232453
1.63755119977561
1.637178375075869
1.6374151214648038
1.6375574829812414
1.637667835105593
1.636256010485286
1.6367382117857894
1.6365596813950776
1.636495248533328
1.6366519374344337
1.6369326341674146
1.638536316217481
1.6380697072424575
1.6386134890858055
1.6395497176158647
1.6386495617772892
1.6394808240797545
1.6370556672078098
1.6403443214752036
1.6398383381411215
1.6400380817995668
1.6402744416438704
1.6402759644300366
1.6405248363763472
1.6399726848026057
1.6404931142055714
1.6409671696980368
1.639960115261411
1.638961034646186
1.6388727557864176
1.6398720418863522
1.6391392747278635
1.639901738955369
1.633658464513648
1.6340608421428497
1.6341847800364593
1.6340182942435406
1.636189114871997
1.64018565458565
1.6351494674837985
1.6353158913396206
1.6364824259595034
1.636669056217506
1.6376635040236363
1.6368840544225645
1.6358498128772698
1.6362850927272803
1.636319727999328
1.6366673965811631
1.6366673965811631
1.636373617170508
1.6367862171727712
1.6371878017442067
1.6372565363341203
1.6366763945294274
1.6366230565545046
1.6368292195812162
1.6368256282428164
1.6363152537261174
1.6343584745766573
1.6343368638721556
1.6345991096729215
1.6343655484644424
1.6346643201304432
1.634913264121406
1.6349688565993163
1.6365059132789497
1.6358534111934564
1.6353073661832676
1.636674909653785
1.636655892580506
1.636252568622401
1.6385145922820241
1.6381514327571423
1.6377785679904333
1.6380153771886903
1.6381576901767838
1.6382682284410404
1.636856004485136
1.637338307742888
1.63715986395966
1.6370954297434677
1.6372522978107609
1.637533186622191
1.6391373944174106
1.6386704423217684
1.6392147247729938
1.6401512974167447
1.639250812564901
1.6400825518418465
1.6376563701214053
1.6409461411652204
1.6404397964891626
1.6406397100969476
1.6408764768187507
1.6408778634714578
1.6411269929202368
1.640574311014396
1.6410951066065647
1.6415696714564767
1.6405622040946606
1.6395626416409312
1.6394741731637428
1.6404739414027303
1.6397410558659948
1.6405038852539067
1.6331870573564415
1.6335896828004657
1.6337136963904593
1.6335471020141417
1.6357192703404873
1.6397183032002576
1.6346789774139627
1.6348455129524262
1.6360127748884348
1.63619951925198
1.63719458426014
1.6364146517716636
1.6353797682849782
1.6358153173005074
1.635849969898942
1.6361978564690136
1.6361978564690136
1.6359038945499405
1.6363167493861133
1.6367185823553845
1.6367873614388377
1.6362068575131856
1.6361534844000796
1.6363597747752148
1.636356180978303
1.6358454915608969
1.633887497198114
1.633865870892709
1.6341282819265857
1.6338945759080934
1.6341935323752679
1.6344426305537052
1.6344982555324623
1.636036266890952
1.6353833567540068
1.6348369727548062
1.6362053674566603
1.6361863385510391
1.6357827619392191
1.638046201098646
1.6376828179166816
1.6373097190507655
1.6375466763563717
1.637689079669196
1.637799684671449
1.6363865778480813
1.6368691831489752
1.6366906257156084
1.636626150959986
1.6367831150355534
1.6370641777267063
1.6386693873083689
1.6382021465172265
1.638746763935938
1.639683920877285
1.6387828742137323
1.6396151297678672
1.6371874364689727
1.6404792612999848
1.6399726034099182
1.640172640263143
1.6404095498090532
1.6404109394144117
1.6406602217514792
1.6401072000449666
1.6406283178736687
1.6411031736714818
1.6400950784364507
1.6390948941383212
1.639006372868778
1.6400067630771125
1.6392734180112938
1.6400367220071619
1.6335156808918316
1.6339180307275738
1.634041930439607
1.6338751735546482
1.6360463460482009
1.6400440940762033
1.6350065254680044
1.6351733669957516
1.6363402356783292
1.6365268140068214
1.637521414816725
1.6367418862366163
1.6357074836281729
1.6361427841955845
1.636177229981842
1.6365250552309563
1.6365250552309563
1.6362312224526607
1.6366438277504876
1.6370454346397982
1.6371142654668802
1.6365339382963477
1.6364804970849394
1.6366866635083592
1.636683060892856
1.6361726948514934
1.6342155799572693
1.634193863694341
1.6344562652761683
1.634222675106691
1.6345214632679907
1.6347704306523485
1.6348259381282297
1.636363264360361
1.6357105181117024
1.6351643850106965
1.6365322542021405
1.6365132328278118
1.6361097378891962
1.6383726505558383
1.638009516313655
1.637636468904537
1.637873367432883
1.638015795683075
1.638126263713595
1.636713524711892
1.6371960284383975
1.637017421744806
1.636952951991236
1.6371097810496447
1.6373906918979113
1.6389954332793222
1.638528461542163
1.6390726950386116
1.6400095526706153
1.639108792497521
1.639940662541801
1.6375138377946987
1.6408046755034966
1.640298301874214
1.640498207438357
1.6407348178876067
1.6407363024911215
1.6409853892876323
1.6404327727936558
1.6409536020662634
1.6414280722190735
1.6404203288189971
1.63942054399226
1.6393321607341467
1.6403321512482096
1.639598935000072
1.6403619359228598
1.6322647580698948
1.6326671075733068
1.632790969008511
1.6326238480647288
1.6347956654845328
1.6387953232232881
1.6337555300091497
1.633922924498321
1.6350903265923815
1.635276854455152
1.636271740155911
1.635492041047411
1.6344573396518636
1.6348927053081506
1.6349269099450192
1.6352749677646699
1.6352749677646699
1.6349810402982046
1.635393688809457
1.635795359878585
1.6358643207953885
1.635283703565783
1.6352301246020093
1.6354363135852574
1.6354326961194057
1.6349222959890881
1.632964575821122
1.6329427216115153
1.6332053470880081
1.6329716989958187
1.6332705347655263
1.6335195542538892
1.633574957084425
1.6351127662667477
1.6344596478009545
1.6339133530133247
1.635281762593294
1.6352627339987094
1.6348589831346214
1.6371232410245458
1.6367601073376765
1.6363867916598607
1.63662382619937
1.6367664155472224
1.6368768028112237
1.635463275483856
1.635946080104922
1.6357672477194145
1.6357027264835842
1.6358595191031804
1.6361404831244832
1.6377460536576314
1.637279015424879
1.6378232338319696
1.638760541348526
1.6378593469321505
1.6386914588597448
1.6362635914242998
1.6395560939576759
1.6390496383579596
1.6392495511867677
1.6394859811176075
1.6394875920796832
1.639736645878747
1.6391840649427862
1.6397049835526052
1.6401793735159838
1.6391711855134004
1.638171025943596
1.6380827447111002
1.639083109860166
1.6383494027646428
1.6391126920334076
1.6331382835409143
1.6335400269055043
1.6336636607752937
1.6334964007477948
1.635665640379704
1.6396613256621178
1.6346267330033541
1.6347944688920955
1.6359606857817182
1.6361468786468052
1.6371405721768857
1.63636186398383
1.635328399792677
1.6357631798097805
1.6357970741494936
1.636144857520717
1.636144857520717
1.6358512709768627
1.6362633445756982
1.6366644797610228
1.636733476459977
1.6361534221270793
1.6360997759984597
1.6363056787520371
1.6363020507954924
1.6357923825458438
1.6338369603729528
1.6338149910248008
1.6340774613699856
1.6338441028992576
1.6341425398309934
1.634391240309981
1.6344464474213962
1.6359824595556163
1.6353299249743338
1.634784279174707
1.6361512083986587
1.6361322007050705
1.6357287830773162
1.637991075549145
1.6376284891966053
1.6372554476849643
1.6374922713078022
1.6376348188592675
1.6377449532453674
1.6363327081210604
1.6368151087417362
1.6366363033988833
1.6365718240569254
1.6367283415020606
1.6370089395651908
1.638612982566744
1.6381465761501093
1.6386899589818364
1.639626338087105
1.6387260344957075
1.6395571531716322
1.637131822163137
1.6404211541328944
1.6399153730891625
1.6401149927231915
1.6403508729524248
1.640352617095308
1.6406012605036147
1.640049549700425
1.6405697798845078
1.641043369542539
1.6400362223383604
1.63903716645146
1.6389491276287396
1.6399483886694053
1.6392152594812124
1.6399777089816152
1.6318873607189779
1.6322891037512375
1.6324126993441974
1.6322450752578752
1.6344149598160358
1.638412554809202
1.6333757375444997
1.6335440263946648
1.6347107766957703
1.6348969190951361
1.6358908975160718
1.6351120187946242
1.6340782558163678
1.6345131009223466
1.6345467541126704
1.6348947700544303
1.6348947700544303
1.6346010888224067
1.6350132056346676
1.635414404999809
1.6354835317884846
1.634903187396514
1.6348494035155292
1.635055328828935
1.6350516860220419
1.6345419836834383
1.632585956236805
1.6325638489419754
1.6328265431818252
1.6325931267883849
1.6328916113285292
1.6331403639115212
1.6331954663775914
1.634731961462003
1.6340790546635862
1.6335332471773354
1.6349007167898124
1.634881701875969
1.634478028322741
1.6367416660178522
1.636379080220627
1.636005770440288
1.6362427300742894
1.6363854387234147
1.6364954923429957
1.6350824588930246
1.6355651604082606
1.6353861293734921
1.635321598549273
1.6354780795555957
1.6357587307917623
1.637363602945053
1.6368971300328248
1.6374404977751942
1.6383773267650155
1.637476588930337
1.6383079494895763
1.635881575792738
1.639172572587073
1.638666709572908
1.638866336471602
1.6391020361824251
1.6391039066838695
1.6393525170947292
1.638800841849555
1.639321161370849
1.63979467083945
1.638787079032763
1.6377876484027958
1.6376997116056928
1.6386993472813616
1.637965727245783
1.6387284650921625
1.6326223085032108
1.6330232243782938
1.6331464400605438
1.6329779643894757
1.635145506375509
1.6391411565841234
1.6341073862477702
1.6342771460272112
1.6354432499795057
1.6356288438079916
1.6366217145250122
1.6358438770002768
1.6348112578696423
1.6352454227201443
1.6352782143245483
1.635626278873973
1.635626278873973
1.6353328903761106
1.6357443017867597
1.6361448870918358
1.6362142992011193
1.6356341950154356
1.6355800690871791
1.6357856451052675
1.6357819609922506
1.6352731946928225
1.6333192003781234
1.6332966852640454
1.6335595750424121
1.6333264482733059
1.6336244755042313
1.6338728878089923
1.6339275331210896
1.6354624557766173
1.634809668425925
1.6342644519476353
1.6356308854174075
1.6356118858771846
1.635208201418097
1.6374716048581368
1.6371097664355696
1.6367363427569266
1.6369732620703101
1.6371162066291989
1.6372257685670617
1.6358130502564208
1.636295747943052
1.6361163434356931
1.6360517761353708
1.6362078156514057
1.6364880645319484
1.6380923612362221
1.6376266289903498
1.6381688298765726
1.6391052108229152
1.6382048982163322
1.6390353441293213
1.6366105333995178
1.6399002336517876
1.63939514144954
1.6395943817456542
1.639829003648086
1.639831285502561
1.6400792762943026
1.639528852244754
1.6400483954349743
1.640520667779135
1.6395136868748048
1.638515079915948
1.6384276591787528
1.6394264704066088
1.6386927459766887
1.6394548629498047
1.632509963368061
1.6329110999291678
1.6330344296798833
1.632866302451022
1.6350342541475387
1.6390297863951162
1.6339959450798498
1.6341651282910086
1.6353312267991593
1.63551698373512
1.6365100548762324
1.635731996541838
1.6346991719808723
1.635133496536543
1.6351665982803218
1.6355145723441904
1.6355145723441904
1.6352211373466083
1.6356327224598786
1.636033450121033
1.636102742781581
1.635522671227245
1.6354686824290492
1.6356743440726127
1.6356706759246789
1.6351616713777886
1.6332073366524877
1.633184976272435
1.6334477392756424
1.6332145545809509
1.6335126878915323
1.633761173569153
1.6338159756707582
1.635351156657258
1.634698461526217
1.6341531413413457
1.635519670986331
1.635500669753228
1.6350970735108603
1.6373600910111585
1.636998053103578
1.6366247492207153
1.6368616339492086
1.6370044618996074
1.6371141818747679
1.6357016423021935
1.6361842407115994
1.6360050110275697
1.635940470614962
1.6360966400080112
1.6363769784590416
1.6379811522324739
1.6375152446407713
1.638057761718419
1.638994112181505
1.6380938309285238
1.6389244401194076
1.636499560161176
1.6397890512164708
1.6392837807878564
1.6394831217564365
1.6397180912472429
1.6397202212880555
1.6399683883107115
1.639417618756324
1.6399373391890937
1.6404099681629152
1.6394029725521262
1.6384042708619955
1.6383166785002858
1.6393155847025571
1.6385820517269238
1.6393442381509176
1.6331714163738706
1.6335718084935187
1.6336947963245958
1.6335259026694624
1.6356917460510647
1.6396855279925449
1.6346544289127931
1.6348249359603004
1.6359904527545213
1.6361757159766899
1.637167790184279
1.6363906689269252
1.6353588738288192
1.6357925861545608
1.6358249124710116
1.6361729302817791
1.6361729302817791
1.635879758744942
1.6362907089967615
1.6366908840038572
1.6367604334529524
1.6361805780842746
1.6361262814435342
1.6363316287213123
1.6363279233978663
1.6358197612862346
1.6338672563796748
1.6338445289622985
1.6341074679501708
1.63387454391738
1.6341722656496642
1.6344204450768771
1.6344748357399062
1.6360086015404105
1.6353560139123224
1.634811225634616
1.6361768227511664
1.6361578353543225
1.635754229296681
1.6380170359674147
1.637655670697026
1.6372822643056901
1.6375191127456274
1.637662153014813
1.6377714304764275
1.6363591745292498
1.6368417694929118
1.6366622036835508
1.6365976304424503
1.6367534024942407
1.637033378825209
1.6386370346945263
1.6381717937025435
1.6387132606096597
1.639649207833615
1.638749309285919
1.6395790952951779
1.637155622007278
1.6404439461747138
1.6399393694768254
1.6401383625030839
1.6403723619663377
1.640374862224878
1.6406224715903277
1.6400728281120027
1.6405918498468062
1.6410633654086324
1.640056919609964
1.6390589592238332
1.6389718313160397
1.6399699955152798
1.6392363685847386
1.6399979962227953
1.6301932895274944
1.6305969336919401
1.630721249972216
1.6305541282955185
1.6327319804745757
1.6367416873152216
1.6316889636915592
1.6318560812500877
1.6330264517993873
1.633213654048891
1.6342113197522536
1.6334293641648026
1.6323917751886003
1.6328284452376773
1.6328631154780608
1.6332119499043363
1.6332119499043363
1.6329172166310626
1.6333311287207348
1.6337339971432938
1.6338029880534561
1.6332209309507324
1.6331673827690132
1.6333742017009618
1.6333705944967603
1.6328586029122327
1.6308954781671812
1.6308737570699121
1.6311368971498352
1.6309025829295758
1.6312023097145563
1.6314520533534995
1.6315077886923282
1.6330498321639364
1.6323951617672143
1.6318473482161582
1.6332193625109594
1.6332002833567638
1.6327956111851227
1.635065168560026
1.6347008660223465
1.634326745133313
1.6345643415493913
1.6347071519967014
1.6348180134181585
1.6334011018450711
1.6338850157443388
1.6337059409288652
1.6336412880706395
1.6337986387493737
1.634080428095621
1.6356899403885994
1.6352214979613808
1.6357674891154557
1.6367071481434883
1.6358036953110666
1.6366381270899404
1.6342039878155483
1.6375046259549464
1.636996662191637
1.6371972073349264
1.6374346639314084
1.637436093755125
1.637685997300168
1.6371315865371179
1.637654048968729
1.6381300830658159
1.6371193077736792
1.6361164837278874
1.636027768095468
1.6370307985411185
1.6362954552229838
1.6370607744617762
1.6293544084781713
1.629758714036028
1.6298832959680425
1.6297164915003186
1.6318968626633295
1.635910035042369
1.6308526492700883
1.63101914304662
1.6321905640864507
1.6323781547269371
1.6333769914842875
1.6325940324110753
1.631555229569672
1.6319925089120055
1.6320276272717358
1.6323766553824155
1.6323766553824155
1.632081593233643
1.6324961128580306
1.6328995367084587
1.6329684294518563
1.632385890125029
1.6323324778287631
1.6325395987567939
1.6325360097471429
1.63202323524232
1.6300578787179785
1.6300363459294305
1.630299553473205
1.630064949630766
1.6303650898715298
1.6306151578370627
1.630671154253725
1.632214938618632
1.6315598004465952
1.6310113524025465
1.6323847360000374
1.632365637326689
1.631960717954263
1.6342318079565052
1.6338669080744148
1.6334926100353255
1.6337303747190624
1.633873157536221
1.6339843315365346
1.6325663795263183
1.6330505973830303
1.6328715956537132
1.6328069204941091
1.632964587926261
1.6332467523300436
1.634857554133973
1.6343884526780768
1.6349353622277105
1.6358758295750786
1.6349716023169003
1.6358070076960887
1.6333705753597252
1.6366739155573538
1.6361652531740767
1.6363661148640953
1.6366042531888803
1.6366054802887335
1.6368558465316239
1.6363004703700887
1.6368236432037708
1.6373005868109782
1.6362888781944487
1.635285020468701
1.6351959940139733
1.6362000586528769
1.63546430800283
1.6362304122862101
1.6298951044787715
1.6302992727309817
1.6304238551392602
1.6302575155054504
1.632436421362688
1.6364460867597148
1.6313929164853909
1.6315587338144286
1.6327291581103196
1.6329167414318622
1.6339149187538007
1.6331324174273592
1.6320943032057327
1.6325313606906946
1.6325667373684198
1.6329153859628167
1.6329153859628167
1.632620530416687
1.6330348604517635
1.6334380749924855
1.6335067984731153
1.6329247826124584
1.6328715428955887
1.633078568008019
1.633074996864595
1.6325624351812262
1.6305984263017776
1.6305770554544845
1.6308399224302363
1.6306054633963745
1.6309054480715874
1.631155372484074
1.631211467117316
1.6327541844937565
1.6320996865915651
1.6315516065265492
1.6329239167860468
1.6329048327087279
1.6325003380611136
1.6347691469820407
1.6344043707368683
1.6340305008292257
1.6342680321075869
1.6344105857469395
1.634521812411164
1.6331052268002777
1.6335889425279544
1.6334102547063987
1.6333456592712123
1.6335033138530035
1.6337853225757883
1.6353946465519857
1.634925779366471
1.6354725195890105
1.6364121624548775
1.6355087298068498
1.6363435796061392
1.633909145578187
1.6372094949778406
1.6367010976806058
1.6369018828290858
1.6371401423831557
1.637141227444246
1.6373915454130283
1.6368363185207386
1.637359213070555
1.6378360841394077
1.6368252183441172
1.6358221224686669
1.6357330119812274
1.6367363148204908
1.6360013648503626
1.6367668850782378
1.6358767691499114
1.63628030380217
1.6364046587402856
1.6362382729895426
1.6384143079977305
1.6424192995420137
1.637372172922656
1.6375381963617643
1.6387072361044301
1.6388944829645
1.6398913362286782
1.6391099173670347
1.6380731780737583
1.6385096055480626
1.6385447235922308
1.6388930218349431
1.6388930218349431
1.6385985485319536
1.639012265736751
1.6394149025317286
1.6394836279419553
1.6389022796712405
1.638849007305404
1.6390557270250443
1.6390521489641725
1.638540361725763
1.6365789203703678
1.636557466772781
1.636820110503619
1.6365859700529348
1.6368855247770664
1.6371351014695672
1.637191020027005
1.6387317269576493
1.6380779409939379
1.6375305835127318
1.6389011987486133
1.6388821384914976
1.6384780620251782
1.6407444493117471
1.640380245128288
1.6400067350131098
1.6402440086937238
1.640386474701128
1.6404974590202337
1.6390824288922743
1.6395656401937537
1.6393870421964047
1.6393225045999738
1.6394798814372329
1.6397614930656452
1.6413689939447007
1.6409008054293808
1.6414466762111373
1.6423852257694163
1.6414828428683972
1.6423165883000368
1.6398850903607165
1.643181671037157
1.6426740013131145
1.6428744779585076
1.6431122120568278
1.6431134018909739
1.6433632998141778
1.6428089729085078
1.6433311233758148
1.643807179631649
1.642797523199011
1.6417956833765244
1.6417067984923188
1.6427088448632527
1.6419746329364393
1.6427391965848506
1.6314258770205714
1.6318288879173948
1.631953015004338
1.6317862112695294
1.6339605476732864
1.6379636709504355
1.6329192155876788
1.6330859862948541
1.6342544388794453
1.6344413551331987
1.635437411887945
1.6346567092936837
1.633620794032935
1.634056768982479
1.6340914217386944
1.6344396732427497
1.6344396732427497
1.6341454169007854
1.6345586729467527
1.6349608994437503
1.6350297621937886
1.6344486627400798
1.634395219661759
1.634601710641089
1.6345981113697883
1.6340869283191755
1.6321269763719197
1.632105310471034
1.6323680034113786
1.632134065697009
1.6324333149224997
1.6326826587374526
1.632738322645822
1.634277872721443
1.6336242864803354
1.6330773571997128
1.6344471360823722
1.6344280879686346
1.634024089903762
1.636289880421025
1.6359261493897443
1.635552656561873
1.6357898593690412
1.6359324210867425
1.6360431209295994
1.6346285531651032
1.6351116617436132
1.6349329024442623
1.6348683589070538
1.6350254682800673
1.6353068073589059
1.6369136674030051
1.6364459701415748
1.6369911069442247
1.6379292227801163
1.637027253937984
1.6378603394658933
1.6354301789684769
1.6387253835600832
1.6382182293404
1.6384184587159367
1.6386555703750794
1.6386569786132916
1.6389064951102024
1.638352948775757
1.6388745777876466
1.6393498772611463
1.6383407559341698
1.6373395626844094
1.6372509706296055
1.6382523699719242
1.6375182555444892
1.6382823298578413
1.6301670569758575
1.6305702594359257
1.6306943093024409
1.6305261266825066
1.632703804366848
1.6367156568403203
1.631660850568546
1.631829674225061
1.6330005890741333
1.6331874146429648
1.6341849643889987
1.6334032798924751
1.6323658029898318
1.6328022187174462
1.6328360275296905
1.6331852754976148
1.6331852754976148
1.632890540535611
1.6333041484334665
1.6337067963236858
1.633776156221041
1.6331937437965482
1.6331397836023427
1.6333464538431688
1.6333427998584533
1.6328312506798952
1.6308682014823053
1.630846032970307
1.6311096504952147
1.6308753942034124
1.6311749564374902
1.6314246054347181
1.6314799225491858
1.6330219323090422
1.632366705255882
1.6318189374313647
1.6331912997642664
1.6331722167755758
1.6327671122450214
1.6350387867226894
1.6346748837103524
1.63430025496106
1.6345380565580814
1.6346812613200319
1.634791725900375
1.633373668525489
1.6338580818737687
1.63367843171972
1.6336136736038047
1.6337707280896983
1.634052391468006
1.6356629787744046
1.6351948205432534
1.6357401642251206
1.6366803341042193
1.6357763843213138
1.6366107314277112
1.6341756879218325
1.6374784092797587
1.63697071999875
1.6371710710617724
1.6374076519630951
1.6374095117726961
1.6376590298584648
1.6371053456631068
1.6376275429468319
1.638102783595166
1.6370915931134398
1.6360885837871282
1.6360003134293557
1.6370035285611775
1.6362673114870845
1.637032780170098
1.6309056960478374
1.6313080726800493
1.631431895743171
1.6312643177737831
1.633437073180993
1.6374393420269029
1.6323964811072347
1.6325645638473287
1.6337326987016598
1.633919177562498
1.6349144800411943
1.6341345188549483
1.6330993809483423
1.6335348560649787
1.6335687678888593
1.6339171341823036
1.6339171341823036
1.63362307070714
1.6340358003496798
1.634437577460566
1.6345067023196442
1.6339256903377315
1.6338719391057135
1.6340781698119093
1.6340745339224643
1.6335640571389012
1.6316054621682141
1.6315834376236789
1.6318463551084414
1.631612620131824
1.6319115346230497
1.6321606349260271
1.6322159134679022
1.6337544189981095
1.6331008002612126
1.632554270191152
1.6339234348272462
1.6339043960931996
1.6335003043586767
1.6357663636881457
1.6354032058292076
1.635029536256404
1.6352667534881524
1.6354095497692258
1.6355198457339257
1.6341052568010281
1.6345884627424616
1.634409341883486
1.6343447532205106
1.6345015119713666
1.6347825603019053
1.6363892555523378
1.6359221039699152
1.636466341153067
1.6374042634504762
1.6365024758687898
1.637334940795679
1.6349056310102084
1.638200396527757
1.6376938059403996
1.6378937413421801
1.638129966508753
1.6381317322371418
1.63838076269358
1.6378281874617857
1.6383492510655895
1.6388235753472085
1.6378147741778692
1.6368140874949375
1.6367259250946022
1.6377268172385988
1.636992459159707
1.6377561535855494
1.6308243040466375
1.6312269552901408
1.6313507774007359
1.6311822697635194
1.6333579557822755
1.6373672385922113
1.632315946676629
1.6324853823117123
1.633655510653922
1.6338420041526478
1.6348386255021685
1.6340577488223806
1.6330212336762204
1.6334571525076005
1.633490547695491
1.633839673021501
1.633839673021501
1.6335451963410512
1.6339583051622149
1.6343605008925126
1.634429964277126
1.6338479053628734
1.633793808972063
1.6340002313094588
1.6339965596875596
1.6334856572610885
1.631524367000616
1.631502018573571
1.6317656171943795
1.631531592600608
1.6318308182229346
1.6320802056320056
1.6321352877407207
1.633675927247861
1.6330210279712734
1.6324737619431462
1.6338450732552274
1.6338260053291211
1.6334210641449753
1.6356916856370747
1.6353282805042997
1.6349537546686037
1.6351914387111037
1.6353346933477901
1.6354448839846665
1.6340275622531104
1.6345117724526133
1.634332023778115
1.634267275666305
1.6344240601178817
1.6347054198104158
1.6363150707163114
1.6358474505931264
1.6363920264304672
1.6373315976908789
1.6364282208888905
1.6372617969755783
1.6348284905732855
1.638129237686783
1.6376221169273415
1.6378222054121998
1.638058188120202
1.6380602379261162
1.6383093649307707
1.6377564911604858
1.6382781113320208
1.6387525806903491
1.6377420938785325
1.636739883495006
1.6366518891600934
1.6376543049033716
1.636918345464641
1.6376832080014947
1.6302794021110076
1.6306823838850513
1.6308063196831015
1.63063778862096
1.632815056594818
1.6368270270293275
1.6317722917364668
1.6319416919612635
1.6331126122544801
1.6332992747158361
1.6342966240377783
1.6335151603509144
1.632477888878602
1.6329141449010478
1.632947643573917
1.6332969820273977
1.6332969820273977
1.6330022935651132
1.6334157277603478
1.6338182332944886
1.6338877126405802
1.6333052675847393
1.6332511702604724
1.6334577548758236
1.6334540849260255
1.6329427739949292
1.630980065207941
1.6309577419619175
1.631221486261985
1.6309872878957665
1.631286744050189
1.6315363196745574
1.6315914799995166
1.6331332314284015
1.63247791215559
1.631930248037654
1.6333025141953432
1.6332834328995327
1.6328782401522581
1.635150300569668
1.634786597042344
1.6344118484972714
1.6346496846791827
1.6347930060496234
1.6349033125926684
1.6334850764797162
1.6339695891052215
1.6337897641278432
1.6337249791242134
1.633881903733093
1.6341634775409128
1.6357741877781529
1.6353062048928322
1.635851232383274
1.6367914327456292
1.6358874516091224
1.6367216354376244
1.6342866611601745
1.6375895917150758
1.637082080660434
1.63728233105099
1.6375185643639383
1.6375205759872011
1.637769917842056
1.6372165791515365
1.6377385991927123
1.6382134832113857
1.6372023074361184
1.6361993928410805
1.6361112941078229
1.6371144142652287
1.6363780057368498
1.6371434049689852
1.6315896903175378
1.6319917628833474
1.6321153573332747
1.631946617645559
1.6341200189375746
1.638126030687572
1.633079096227773
1.6332490085519251
1.6344181510384852
1.6346043110033164
1.6355998720692402
1.6348198947555428
1.633784479089822
1.6342198566534927
1.6342528898806281
1.6346018166614673
1.6346018166614673
1.6343076395831
1.6347202114097097
1.635121913118145
1.6351914461374628
1.6346098454266837
1.6345556473551484
1.6347618026259938
1.6347581169401562
1.6342479038300632
1.6322886420356868
1.6322661460818453
1.6325296576849506
1.6322958937509253
1.6325947516483907
1.632843848758695
1.632898715504974
1.6344377713617042
1.6337833279156588
1.6332366372797278
1.63460668290339
1.6345876329590745
1.6341829400662995
1.636452052356567
1.6360891698307376
1.6357148325349273
1.635952352341831
1.6360956110176914
1.6362055382438843
1.6347892254355232
1.6352731320604428
1.6350933476470466
1.6350286254842255
1.6351851373314135
1.6354661622019744
1.6370745811418215
1.6366075459806781
1.6371513201080747
1.638090127853498
1.6371874829544575
1.6380201769054554
1.6355890072684305
1.638887181977904
1.6383806827572382
1.6385804933556252
1.6388159021161643
1.6388181135106386
1.639066839779358
1.638514806287995
1.6390357936905668
1.6395094772512184
1.6384998626735585
1.6374986036028774
1.6374108684842825
1.6384123324790882
1.6376767908117045
1.6384409303912961
1.631369205982268
1.6317715266952304
1.6318952351183704
1.631726750906079
1.6339008549697331
1.6379074501550954
1.6328596016167922
1.6330290726621612
1.634198409053364
1.6343847335894595
1.6353806269665583
1.6346003372938467
1.6335645784738393
1.6340001601141534
1.634033451817065
1.6343823640156048
1.6343823640156048
1.634088099116989
1.634500882564082
1.6349027684905368
1.634972215913672
1.634390543141007
1.6343364476836533
1.6345427077430938
1.6345390344490938
1.6340285405272477
1.6320686687932915
1.6320462951852244
1.6323097481267748
1.6320758973054492
1.63237489239568
1.6326240915894532
1.6326790954819246
1.6342186230673195
1.6335641437869572
1.6330172758486379
1.6343876323151116
1.6343685777587098
1.6339638881376928
1.6362330707044819
1.6358699639662546
1.6354956608399354
1.6357331927430243
1.6358763806459562
1.6359864553766643
1.6345700480265042
1.6350539558000057
1.6348742834283863
1.6348095722083962
1.6349662165026704
1.6352473620799184
1.6368559536544702
1.6363886962934207
1.6369328204776608
1.637871762636128
1.636968990168659
1.6378019585135317
1.6353703199863965
1.6386688836584893
1.6381621531942485
1.6383620797734093
1.6385978118764657
1.6385998998650315
1.6388488120194857
1.6382964031694356
1.638817623471329
1.639291678169313
1.638281880320946
1.6372803741489317
1.637192484212364
1.638194195541514
1.6374586851924329
1.6382230110340037
1.6318101746528078
1.632211999071464
1.6323354795481788
1.6321664843850392
1.6343391829054168
1.6383446112200484
1.6332985908387545
1.633468944441689
1.6346378930236054
1.6348238884171729
1.6358191171719225
1.6350394522172385
1.634004379705804
1.6344395531928322
1.634472327944191
1.6348212693073305
1.6348212693073305
1.6345271800492116
1.6349395402553373
1.635341057745753
1.6354106763612533
1.6348291477123604
1.634774847026643
1.6349808975088933
1.6349771994312192
1.6344672671328782
1.6325086152780826
1.6324859969784662
1.6327495672431267
1.6325158901964014
1.6328146109011015
1.6330636059279362
1.6331183355280232
1.634656919656088
1.6340025120443604
1.633455998710818
1.6348257334916683
1.6348066881594396
1.6344019919949064
1.6366710340086523
1.6363083756952204
1.6359340042299189
1.6361715119406368
1.6363148413894266
1.636424621111104
1.6350084028445417
1.6354923083208803
1.635312411865707
1.6352476787600547
1.6354040581601563
1.6356849623240302
1.6372932086291718
1.6368263956679356
1.637369819738488
1.6383084930708685
1.637405975740256
1.6382383952973787
1.6358076945504647
1.6391054802973186
1.638599212320228
1.6387989069378408
1.6390339923558621
1.6390363271562463
1.63928486753923
1.6387332094065548
1.639253963909804
1.639727276333124
1.6387178450261708
1.637716833056823
1.6376292527562002
1.6386304694166625
1.6378948964309759
1.638658849748589
1.6297302942403478
1.6301337997698266
1.6302579634190495
1.630089850340974
1.6322688169192627
1.6362826556209056
1.6312252490714438
1.6313939020281742
1.632565409479465
1.6327524025471383
1.6337505483785113
1.6329683684242657
1.6319302729194247
1.6323669814666313
1.6324009454274537
1.6327503306195916
1.6327503306195916
1.6324554251962822
1.632869320550346
1.6332722363824668
1.633341578388747
1.6327588845159002
1.6327049579041177
1.632911771259779
1.6329081225204098
1.6323962074015175
1.6304320092063898
1.6304098982636646
1.630673593354226
1.6304391922516925
1.6307389539047565
1.6309887624066726
1.6310441773807
1.6325870856646079
1.6319315666691925
1.6313834743506737
1.6327565768615844
1.632737483422395
1.632332212273674
1.6346048694603899
1.6342406927808881
1.6338659269485085
1.6341038340038654
1.6342470596640093
1.6343576506833033
1.632938952206887
1.6334235675553614
1.6332439038799857
1.6331791248171341
1.6333363168902584
1.6336181632476523
1.6352295143198485
1.634761040180638
1.6353068016501868
1.6362474357349295
1.635343040539535
1.6361778842717676
1.633741572552414
1.6370458791921498
1.6365378526331489
1.6367383502935604
1.636975206045687
1.636976999264884
1.6372267225460309
1.636672603284287
1.6371951447808806
1.6376707855818886
1.6366590747009595
1.635655513533196
1.6355671219705359
1.6365708891565576
1.6358343831287996
1.6366002716959946
1.6291076915912643
1.629511803591896
1.6296362330833631
1.6294686231478266
1.6316495225877596
1.6356654240349915
1.6306050415360938
1.63077280013183
1.631944959376076
1.632132337907154
1.6331313910183503
1.6323483906770522
1.6313093567549204
1.6317465858524351
1.6317811012598022
1.6321305283298317
1.6321305283298317
1.63183537667208
1.632249803725135
1.6326531912612425
1.632722367395651
1.6321394006851686
1.6320856789905975
1.632292756016101
1.6322891326177738
1.631776519707167
1.629810628790707
1.629788770933204
1.6300523972604088
1.6298177644591263
1.630117877341753
1.6303679527490402
1.6304236680875335
1.6319678904693526
1.6313121598065612
1.6307635801866633
1.632137622665066
1.6321185155451359
1.6317131670855547
1.6339864444670835
1.6336217198979375
1.6332469481680807
1.6334849301289458
1.6336280364878166
1.6337389611515307
1.6323197687977178
1.6328044872520224
1.6326250222259078
1.632560252751445
1.6327177564378423
1.6329999155803727
1.6346119650324273
1.6341429255726918
1.6346895377069617
1.6356306503184397
1.6347257985413484
1.635561393641936
1.6331235881839756
1.636429400562752
1.6359207814182004
1.6361215650087257
1.6363591509808688
1.6363606846606973
1.6366108513300481
1.6360558263775178
1.636578966962636
1.6370554882584223
1.6360431811815965
1.635038891073996
1.6349501550759427
1.635954651735362
1.635218058647659
1.6359844986372394
1.6288872072559948
1.6292915674037791
1.6294161108684593
1.6292487564083467
1.631430358619918
1.635446843502515
1.6303855469251127
1.6305528642420661
1.6317252173909553
1.6319127604932977
1.6329121459156684
1.632128833215356
1.631089456138938
1.6315268893130959
1.6315616631962389
1.6319110756839688
1.6319110756839688
1.6316158362059687
1.6320304748795074
1.6324340466336345
1.6325031371718601
1.631920098399492
1.6318664793191027
1.632073661133201
1.6320700501267111
1.6315571564043516
1.6295906555483113
1.6295689200365833
1.6298324877022328
1.62959776801365
1.6298980180890423
1.630148195579799
1.6302040480644842
1.6317487421749686
1.6310929756778592
1.630544218755573
1.6319185720767875
1.6318994603447712
1.631494115156948
1.633767462814998
1.6334025140334547
1.633027776473089
1.6332657705301399
1.6334088061160814
1.633519878284311
1.6321005913886992
1.6325853109915853
1.6324059580072474
1.6323411994756156
1.6324988356090993
1.632781115458317
1.6343933375450765
1.6339240758854343
1.6344710380765486
1.6354122851010695
1.63450730575555
1.6353431752500127
1.6329049009019418
1.6362111022433374
1.6357022518552107
1.63590315142651
1.6361410607411708
1.6361424710150898
1.6363928235701761
1.6358374232589585
1.6363607967433984
1.6368376891765168
1.635825198828984
1.63482066162005
1.6347317708040245
1.6357365147977876
1.6349999530283874
1.6357665792799467
1.629509809905078
1.62991356358171
1.6300378412041456
1.6298699836014934
1.632049652951421
1.6360640750884292
1.6310057544604628
1.6311739661384104
1.6323456674943442
1.6325328251332811
1.6335313032758292
1.6327488109625699
1.6317103723034427
1.632147284927292
1.6321815073638903
1.6325308779737289
1.6325308779737289
1.6322358847301708
1.6326499917047184
1.633053091754859
1.6331223481649568
1.6325395822302233
1.6324857582326229
1.6326926763768792
1.6326890400293477
1.6321768440987021
1.630212035963994
1.6301900473670432
1.63045368379605
1.6302191958062167
1.6305190946520456
1.6307690052374313
1.6308245573576505
1.6323679373702238
1.631712382540491
1.6311641129195837
1.6325375262733057
1.6325184282220304
1.6321131603450676
1.6343858878083046
1.6340214869164054
1.6336467552535163
1.6338846744050592
1.634027829292274
1.6341385678160834
1.6327197747978681
1.6332043912949241
1.6330248396613252
1.6329600715413048
1.6331173960615153
1.6333993631255963
1.6350108868324977
1.6345421904933808
1.6350883020197735
1.6360290705175595
1.6351245477537364
1.6359596658798443
1.63352288527038
1.6368275808727355
1.6363193230701591
1.6365199367113448
1.6367571158059884
1.6367587856192762
1.6370086947861586
1.6364542001657276
1.636976974561643
1.6374529864999827
1.6364410923483474
1.6354372840792502
1.6353487376986178
1.6363527522189836
1.635616277509528
1.6363823523387018
1.6251838807159773
1.6255863102764665
1.6257099034881077
1.6255399552322156
1.6277171663192416
1.6317322962224716
1.6266744014679857
1.626846072555623
1.6280178065764257
1.628203985570511
1.6292012611685058
1.6284200937132034
1.6273828876360628
1.6278188420289006
1.6278512036292483
1.6282011171524244
1.6282011171524244
1.6279064029071846
1.6283194676660049
1.6287217135796745
1.6287916866821883
1.6282087249593675
1.6281540781814017
1.6283604825728069
1.6283567504347796
1.6278459839889057
1.6258832183178091
1.6258603013167041
1.6261246983966688
1.6258905579603442
1.6261898203282403
1.6264392906764658
1.6264939020596378
1.6280357320863799
1.6273796239387373
1.6268319765573198
1.628204812859765
1.6281857249657723
1.6277799277884875
1.6300549708901744
1.6296917669083568
1.6293163164707856
1.629554443131667
1.6296982976698235
1.6298080879698458
1.6283882225232298
1.6288734346836393
1.6286928341100635
1.6286279046637562
1.6287844499218822
1.6290658795630368
1.6306781408549864
1.6302104965908513
1.6307547109686942
1.63169566236602
1.630790951480588
1.631625089939324
1.62918872470043
1.6324946754846363
1.6319874870402618
1.6321874966466499
1.6324225902110467
1.6324251709063047
1.6326740226877052
1.632121601096305
1.6326433120369266
1.6331171841973011
1.6321053782844195
1.6311021384029651
1.6310146217694201
1.6320180664432915
1.631280443008118
1.6320461011320246
1.629547148673064
1.6299493578798592
1.6300728752998646
1.6299029426605882
1.6320790991108798
1.636092437264394
1.6310368380947613
1.6312085327892554
1.6323797388427204
1.632565805195052
1.6335625954780988
1.6327818193608474
1.6317451175011422
1.6321808470999357
1.6322131397102977
1.6325629111484932
1.6325629111484932
1.6322683380911434
1.632681185933916
1.6330832253116907
1.6331531877732188
1.6325704834781238
1.632515837322462
1.6327221335285633
1.6327184002758024
1.632207906166345
1.630246086179592
1.63022315239114
1.6304874523515989
1.6302534277635714
1.6305525364434037
1.6308018813147642
1.6308564405537735
1.6323975292993524
1.6317417011491928
1.6311943191609808
1.6325665188996876
1.632547439918831
1.6321418104502985
1.6344158942684457
1.6340528892163269
1.6336775872516738
1.633915612486281
1.6340594225352676
1.634169135564511
1.6327498797054925
1.6332348902485674
1.633054340543578
1.6329894356918169
1.6331458875117406
1.633427174409372
1.6350387294804258
1.634571327057714
1.6351152403334897
1.6360557723295197
1.6351514643337668
1.6359851976312934
1.6335499443091706
1.636854439465774
1.6363475112181998
1.6365474128874562
1.6367823393818892
1.636784945532248
1.637033654080182
1.6364815424356047
1.6370029867964648
1.6374765825166095
1.6364652359126954
1.6354624655055818
1.6353750184709337
1.6363779935353862
1.635640669493312
1.6364059698203637
1.6280163761312636
1.6284197426934464
1.6285437154347868
1.6283742468965094
1.6305549728002815
1.6345748530736735
1.6295105389924733
1.6296812803088299
1.6308544580735944
1.6310411914937157
1.6320401023439546
1.6312575274945236
1.6302186266739398
1.6306554388081516
1.6306884553400234
1.6310386238685604
1.6310386238685604
1.630743451607045
1.6311573734389264
1.631560400860426
1.6316302240525455
1.631046603350502
1.6309921605562914
1.6311989908954931
1.6311952857706091
1.6306834130283963
1.6287175361094504
1.6286948973745905
1.6289593713704569
1.6287248254629365
1.6290246695924917
1.6292745950613854
1.6293295850252671
1.6308738410716657
1.6302171012604225
1.6296685684878174
1.6310432996033624
1.6310241846589244
1.6306180586076502
1.632895160829461
1.632531110563451
1.6321554315190263
1.6323937852248263
1.6325375871954646
1.632647827046076
1.631226553340667
1.6317121710329083
1.6315316928057142
1.6314667360559756
1.6316237330846772
1.6319056896262545
1.6335197086294064
1.6330511362826103
1.6335966529782755
1.6345387120042807
1.6336329402026328
1.634468437771539
1.6320289109188804
1.6353385508835319
1.634830379558406
1.635030837000605
1.6352669113899654
1.635269194363203
1.6355187043830077
1.6349649121805863
1.6354876220793735
1.6359627893948712
1.6349496983226426
1.633945025289839
1.6338570598225561
1.6348619383839527
1.634123778799186
1.63489052504076
1.6275838193307839
1.6279872957374828
1.6281112680978127
1.627941427692404
1.6301233258407943
1.6341460116997968
1.629078325220231
1.629249607694583
1.6304235828544995
1.6306103221297756
1.6316097605283444
1.6308268194814957
1.629787367765091
1.6302243573852
1.6302571672626758
1.6306076394042397
1.6306076394042397
1.6303123018606096
1.63072637536394
1.6311295702332043
1.6311995288355383
1.630615489360559
1.6305609085028308
1.6307678154945129
1.6307640960766472
1.630252053077271
1.6282850980424113
1.628262329754547
1.628527076204832
1.62829241445045
1.6285923830324456
1.6288424233437764
1.628897334734395
1.630442444371566
1.6297851923444466
1.6292363651886148
1.630611954974555
1.6305928283532931
1.63018636252217
1.6324652896090328
1.6321011404334878
1.631725118883906
1.631963659314007
1.6321076446268898
1.6322178423463718
1.6307954755214997
1.6312814949169692
1.631100765563566
1.6310357450342927
1.6311927523432832
1.6314748334296587
1.6330900346949961
1.6326212749318951
1.6331669270892353
1.6341096457004418
1.6332032382106734
1.6340391802434988
1.631598054744111
1.634910087347142
1.6344017039531828
1.6346022226286125
1.6348382000345452
1.634840596638793
1.6350901452778839
1.6345362336600664
1.6350591661859457
1.6355343915321274
1.6345206262029082
1.6335153436898666
1.6334274454487527
1.6344329334498617
1.6336941333211594
1.6344613468071376
1.6280247880013237
1.628427768113717
1.6285515125276209
1.6283811611713643
1.6305616537764782
1.6345831727647493
1.6295173144421935
1.6296894794741106
1.630863066824741
1.6310494769574888
1.6320482507337082
1.6312659344048874
1.6302271689970558
1.6306637504638786
1.6306960433898026
1.6310465446959652
1.6310465446959652
1.630751382792832
1.6311650330551952
1.6315678594884206
1.6316379892831194
1.631054093931912
1.6309993078458207
1.6312060052603123
1.6312022610587722
1.6306907796829018
1.6287250445272021
1.6287020315477894
1.6289668953211842
1.6287324073414025
1.6290321015378668
1.6292819376822592
1.6293365747804935
1.6308807409603348
1.6302235606018503
1.6296750880507949
1.6310500561511116
1.6310309387540227
1.6306244663793834
1.6329032529132037
1.6325395521624533
1.6321634622738894
1.6324019785116195
1.6325461053703605
1.6326560080808115
1.6312338303395373
1.6317198474378443
1.6315388940008864
1.6314738515859517
1.6316305940007692
1.6319124336737703
1.633527289669698
1.6330589743064101
1.6336039263500626
1.6345463761351817
1.63364022378227
1.6344756170273453
1.632035429308179
1.635346683985971
1.6348387630791619
1.635039049793044
1.6352743805139418
1.6352770239300076
1.6355262007976281
1.6349730398971856
1.6354955066244208
1.6359699896959385
1.6349565909081332
1.633951802597758
1.6338642139925887
1.63486920732501
1.6341303445597029
1.6348971855217231
1.629006452672464
1.6294087991849049
1.6295323161286468
1.6293619186554562
1.6315395404115212
1.6355563855470483
1.6304965708794588
1.630668942021447
1.6318411448188515
1.632027218490127
1.633024668208586
1.6322434343445633
1.6312060438650815
1.6316419953212464
1.6316740296136134
1.6320241805680922
1.6320241805680922
1.631729400908099
1.6321424383401832
1.6325446870276639
1.6326148187519598
1.6320315909906944
1.6319767722556364
1.6321831642773375
1.6321794131583502
1.6316687062274389
1.6297055385957928
1.6296824428660857
1.629947083394568
1.6297129139979631
1.630012178243346
1.6302616666677534
1.630316127690183
1.6318582834242277
1.6312018150042233
1.6306540650369776
1.6320273381136785
1.6320082445367918
1.631602190343448
1.63387855524291
1.6335154265538727
1.6331396964577731
1.6333779550977563
1.6335219943245494
1.6336316546898813
1.6322110324315335
1.6326965451036433
1.6325156814908923
1.6324506969147137
1.6326071615849982
1.632888604163627
1.6345016370624126
1.63403400036932
1.6345780829721899
1.635519439449721
1.634614336843817
1.635448625721243
1.6330113740907086
1.636318860045287
1.6358116667116707
1.6360116449224658
1.6362464501876142
1.6362491983767355
1.636497955198777
1.6359456942849548
1.6364674169296807
1.6369410851881798
1.6359288957630267
1.6349253635056156
1.6348380005036796
1.6358417373677725
1.6351036126457794
1.635869497028336
1.6285696899369537
1.6289723395188063
1.6290959702452554
1.6289256423139233
1.6311045529639356
1.6351233843276334
1.6300609693823565
1.6302331698245598
1.6314059652241828
1.6315922063943007
1.6325902521980986
1.631808522876354
1.6307705137946746
1.6312067580704315
1.6312389475113762
1.6315892356900688
1.6315892356900688
1.63129428556877
1.631707610457063
1.6321101270864449
1.6321802409196653
1.6315967317100462
1.631541946557411
1.6317484816939472
1.6317447358203065
1.6312336629490607
1.6292693463198777
1.6292463081594428
1.6295110262535792
1.6292767120462437
1.6295761757106122
1.6298258236397074
1.6298803825216974
1.6314234367797937
1.6307666764175337
1.6302186019562868
1.6315926152109959
1.631573511183611
1.6311672903721006
1.6334446379806105
1.6330812356244084
1.6327053684452215
1.6329437325435403
1.633087792668527
1.6331975794728093
1.6317763161129313
1.632262030785236
1.6320811536511581
1.632016148128043
1.6321727503855579
1.632454375943273
1.6340681726078563
1.6336002200067041
1.6341447203972563
1.6350865410804312
1.6341809930620388
1.6350157785652992
1.63257725872129
1.6358863299576774
1.6353787993460693
1.635578924154254
1.6358140042702052
1.6358166858689227
1.6360656478863431
1.6355129519061353
1.6360350187637294
1.6365090871749024
1.6354963773505469
1.6344922932516834
1.6344048090448597
1.6354090979631526
1.6346706842874945
1.6354369885542328
1.6285696899369537
1.6289723395188063
1.6290959702452554
1.6289256423139233
1.6311045529639356
1.6351233843276334
1.6300609693823565
1.6302331698245598
1.6314059652241828
1.6315922063943007
1.6325902521980986
1.631808522876354
1.6307705137946746
1.6312067580704315
1.6312389475113762
1.6315892356900688
1.6315892356900688
1.63129428556877
1.631707610457063
1.6321101270864449
1.6321802409196653
1.6315967317100462
1.631541946557411
1.6317484816939472
1.6317447358203065
1.6312336629490607
1.6292693463198777
1.6292463081594428
1.6295110262535792
1.6292767120462437
1.6295761757106122
1.6298258236397074
1.6298803825216974
1.6314234367797937
1.6307666764175337
1.6302186019562868
1.6315926152109959
1.631573511183611
1.6311672903721006
1.6334446379806105
1.6330812356244084
1.6327053684452215
1.6329437325435403
1.633087792668527
1.6331975794728093
1.6317763161129313
1.632262030785236
1.6320811536511581
1.632016148128043
1.6321727503855579
1.632454375943273
1.6340681726078563
1.6336002200067041
1.6341447203972563
1.6350865410804312
1.6341809930620388
1.6350157785652992
1.63257725872129
1.6358863299576774
1.6353787993460693
1.635578924154254
1.6358140042702052
1.6358166858689227
1.6360656478863431
1.6355129519061353
1.6360350187637294
1.6365090871749024
1.6354963773505469
1.6344922932516834
1.6344048090448597
1.6354090979631526
1.6346706842874945
1.6354369885542328
1.6288983134723438
1.6293006874459142
1.6294242042944032
1.62925371385443
1.631431628671649
1.6354491752035785
1.6303885174363977
1.6305610238678852
1.6317334260140772
1.631919501149142
1.6329170827546833
1.6321357573413062
1.6310982291378693
1.6315342249655085
1.6315662075942763
1.6319164344520116
1.6319164344520116
1.6316216134714898
1.6320346888214368
1.6324369793708584
1.6325071449477078
1.6319238124932085
1.6318689592422713
1.6320753704270927
1.6320716157348594
1.6315608662396572
1.6295974290790332
1.6295743009610746
1.6298390096031616
1.6296048112448416
1.6299041066033346
1.6301536237383505
1.6302080651174649
1.6317504342492029
1.6310938377752295
1.6305460142121773
1.6319195019564763
1.6319004054603838
1.6314942663220777
1.6337710874378029
1.6334079340213818
1.633032118298993
1.6332704236200513
1.6334145086824057
1.633524158514955
1.6321032629767416
1.632588876074658
1.6324079496803552
1.6323429491592931
1.6324994163996496
1.6327808901144778
1.6343942185788098
1.6339265350316403
1.6344706514999296
1.6354121728737607
1.6345069113458268
1.6353413113392326
1.6329036600470164
1.6362117441611892
1.6357044978103648
1.6359044913294676
1.6361392723487584
1.636142048945633
1.636390815422496
1.6358385246548246
1.6363603029563234
1.6368339857224936
1.6358216277330928
1.6348179431056222
1.6347305969102284
1.6357344861342498
1.6349962012762727
1.6357622024699305
1.6282799167582904
1.6286827039781193
1.6288063725051336
1.6286359437987108
1.6308156748282447
1.634836103463203
1.6297716976259082
1.6299440215541818
1.631117280286262
1.6313035792410449
1.6323019995893993
1.6315199830492748
1.6304815841349225
1.6309179851791762
1.630950157451515
1.6313005925759543
1.6313005925759543
1.6310055305401818
1.6314190018043604
1.6318216635636313
1.6318918165698983
1.6313080739531824
1.631253253973516
1.6314598623658239
1.6314561134763044
1.63094486187256
1.628979802872226
1.6289567407172145
1.6292215754847084
1.6289871743915088
1.6292867460130191
1.6295364853911556
1.6295910507019113
1.6311346889982825
1.630477660583312
1.6299293798296555
1.631303926033833
1.631284814630674
1.6308784250198252
1.6331567084863678
1.6327931819379327
1.6324171548959974
1.6326556163885284
1.6327997445936608
1.6329095595005507
1.6314877180670084
1.6319736339737871
1.6317926686238635
1.6317276348585918
1.63188428640528
1.6321660144709564
1.6337804598115344
1.633312339435594
1.6338570242425983
1.634799219522722
1.6338933111374596
1.6347284103373045
1.6322889348732277
1.6355993320830111
1.6350916183557944
1.6352918124408529
1.6355269518459292
1.6355296491248488
1.6357786924138238
1.6352258116063556
1.635748067410603
1.6362222885495619
1.6352091805064752
1.634204709300382
1.6341172071006518
1.6351218831835825
1.6343831596753908
1.6351497596516573
1.6323367412595773
1.6327376015477417
1.6328607408668392
1.6326917230116902
1.6348599687279164
1.6388580355652305
1.6338215022161822
1.6339920973394735
1.6351588694171575
1.6353443593866221
1.6363375361111894
1.6355595406283798
1.6345265993714484
1.6349608056567524
1.6349932182895761
1.6353415961735607
1.6353415961735607
1.6350481009404156
1.635459522942192
1.6358601528830194
1.635929757466639
1.6353492825492768
1.6352949501480487
1.6355005329595533
1.6354968262923304
1.634988076943574
1.6330334111393479
1.633010684908416
1.6332738862489042
1.6330407015578032
1.6333387617793256
1.633587220870878
1.6336416961789164
1.6351771579394403
1.6345238822624168
1.6339784896024925
1.6353455745141185
1.6353265663717966
1.6349225399516873
1.637187721405765
1.6368259335485946
1.636452144585134
1.6366892425586947
1.6368324176417808
1.636941839112171
1.6355280907099323
1.636011189334071
1.6358314590059844
1.6357668206309073
1.6359227821291737
1.6362030750833894
1.6378084389600451
1.6373426674311387
1.6378847704078083
1.638821721330656
1.637920858081571
1.6387515655292295
1.6363254687461046
1.639617302328341
1.639112152219643
1.639311376428472
1.6395456857857975
1.6395481635418885
1.6397960690290936
1.6392457758032732
1.6397653863543715
1.6402374693043282
1.6392299363234781
1.6382308846186053
1.6381436343195612
1.6391428900975666
1.638408504244843
1.639170964287711
1.6325572255948473
1.6329578377358587
1.6330808630817433
1.6329115897511706
1.635079132695758
1.6390766160977068
1.6340409968271632
1.6342120332292374
1.6353786114022788
1.635563936800479
1.6365567812138715
1.635779098090076
1.6347464999874306
1.6351805021960915
1.6352126563531393
1.6355610488194234
1.6355610488194234
1.635267641406527
1.6356788517878194
1.6360792975106275
1.6361489876904296
1.6355685848349533
1.6355141498195436
1.635719627842453
1.6357159087833926
1.6352074402463894
1.6332533843817436
1.6332305358050367
1.6334937958070808
1.6332606980032796
1.6335586210320363
1.633806978040119
1.6338613162019655
1.6353963062338246
1.6347430663911184
1.6341978510335826
1.635564625102397
1.6355456215721613
1.6351415918802945
1.6374067030578507
1.6370451394130774
1.636671316280126
1.6369084021575007
1.6370516480135162
1.6371609219793906
1.635747268118951
1.6362303655945085
1.6360505232246447
1.6359858739067372
1.6361417029579166
1.6364218752054451
1.6380270664473964
1.6375615171183964
1.6381032700382216
1.639040086548026
1.6381393508673696
1.6389697839211532
1.6365441560281386
1.6398356006477548
1.6393306817826327
1.6395297900106878
1.6397637760254957
1.6397663771874962
1.6400140967889654
1.639464178921833
1.639983556573609
1.640455268386234
1.6394479186760909
1.6384491140725512
1.6383620185914791
1.6393610270351409
1.638626609864115
1.6393888836450037
1.6357225504805541
1.6361236307900822
1.6362468076239862
1.6360774100933984
1.6382473553726102
1.6422491236703929
1.6372080701305523
1.6373791946084104
1.6385470280649155
1.6387325802104118
1.6397265271407822
1.6389479697915303
1.6379142255300598
1.6383487216982833
1.6383809621717036
1.638729714711205
1.638729714711205
1.6384359836020013
1.6388476657332505
1.6392485663897902
1.6393183117041168
1.6387372892999552
1.638682818524058
1.6388885320806945
1.638884811677857
1.6383757559037293
1.6364195391414167
1.6363966917511548
1.6366602141058149
1.636426855643703
1.636725117161698
1.6369737538341196
1.637028176640976
1.638564862632854
1.6379109347412133
1.6373651150014592
1.6387333768653496
1.638714352589636
1.6383099025353014
1.6405773884962014
1.6402154022646462
1.6398411965595703
1.6400785319705682
1.6402219126404847
1.6403313306151344
1.6389161842996338
1.6393997854356679
1.639219778547079
1.6391550640951946
1.63931108259285
1.639591571463626
1.6411984707129152
1.6407323908469917
1.6412747798363705
1.6422126000450668
1.641310899663022
1.6421422541552049
1.639714002766965
1.643008956801382
1.642503464525451
1.642702803936077
1.6429370998449562
1.6429396785045065
1.6431876942277315
1.6426371266131037
1.6431570930811747
1.64362937228193
1.6426209353896055
1.6416210394673245
1.6415338215950008
1.6425339216174284
1.6417987455242202
1.6425618517099192
1.6354243654318312
1.635825969829124
1.6359494127910308
1.6357807973033305
1.6379517962607224
1.641953523114886
1.6369120229243839
1.6370818471727515
1.6382497343758478
1.638435667593383
1.639430126142329
1.6386510230540874
1.6376167535471924
1.6380516371513003
1.6380845840620628
1.6384331507696852
1.6384331507696852
1.6381392973876254
1.6385513974642787
1.6389526442389821
1.6390221221237757
1.6384411409616813
1.6383869786506329
1.638592898387752
1.638589214045692
1.6380795881727226
1.6361224872760132
1.636099990135727
1.636363239386216
1.6361297361105014
1.6364282555187293
1.6366770729646938
1.636731855065964
1.638269214962674
1.6376154595655639
1.6370693733118507
1.6384379311404371
1.6384189019416002
1.6380146294112923
1.640281366918216
1.6399189069791682
1.639544952255483
1.6397822225287633
1.6399253463907226
1.6400351296081404
1.6386203092548406
1.639103712219283
1.6389240923246124
1.638859435295767
1.63901575769648
1.6392964659437934
1.640903176876302
1.640436672252082
1.6409798103099256
1.6419176143564564
1.6410159341588053
1.6418477066714035
1.6394191605296036
1.6427138258242762
1.64220790001442
1.6424074794302364
1.6426425782967038
1.6426448121936277
1.6428932423405915
1.6423418585967242
1.6428622571830007
1.6433353733555218
1.6423268459600433
1.6413266782081042
1.6412390654807605
1.6422394378968008
1.6415046551515995
1.642267962326381
1.6321162569243073
1.6325173653596248
1.632640618651935
1.63247185627221
1.6346408047600742
1.6386394550327543
1.6336020076052011
1.6337721614497098
1.6349391274320368
1.6351247819727657
1.6361182910085075
1.635339983166684
1.6343066987554657
1.634741109117413
1.6347737802260127
1.635122143527698
1.635122143527698
1.6348285604743047
1.6352401940965644
1.6356410082554116
1.6357105272428485
1.6351299802636001
1.6350757504765538
1.6352814380766536
1.6352777438012676
1.6347687136407587
1.6328134378969523
1.6327908340117951
1.6330539766907286
1.632820705112327
1.6331189025266146
1.6333674637016362
1.633422076155867
1.6349580096450562
1.6343046981337153
1.6337591281714023
1.6351265239258403
1.6351075111714317
1.634703488023081
1.63696873975368
1.6366067276841119
1.6362329728901426
1.6364700829598884
1.6366131872700456
1.636722756244951
1.6353089133009138
1.6357920130736332
1.6356123947873242
1.6355477673550782
1.6357038613004304
1.6359842749613331
1.6375898114726946
1.6371238177438812
1.6376662707773948
1.638603356113286
1.6377023652957727
1.638533347137306
1.6361067814640704
1.6393990040089261
1.6388936226566535
1.6390929628462565
1.639327595546099
1.6393299498962812
1.6395780412692211
1.6390273726847138
1.6395472161351339
1.6400196702224226
1.639011953970866
1.6380126551646597
1.6379252500476429
1.6389247531599926
1.638190398625572
1.6389530449304184
1.6319734733024907
1.632374553944349
1.6324977690550828
1.6323287355833174
1.6344980359362784
1.638497894523308
1.6334590655894072
1.633629637105841
1.6347969371508635
1.6349825397620816
1.6359762018015962
1.635197814980736
1.634164369506369
1.634598800585717
1.634631282208527
1.6349798021774915
1.6349798021774915
1.6346861657564575
1.6350978046742806
1.6354986411510035
1.6355682563756084
1.6349875240305207
1.6349331910069884
1.6351388820037966
1.6351351764513076
1.634626154766135
1.6326705432775646
1.6326478338339803
1.6329111322939749
1.6326778317545758
1.632976045664162
1.6332246302325788
1.6332791576847807
1.6348153607264677
1.6341618050519615
1.6336161469988313
1.634983868474196
1.6349648514187378
1.634560657289876
1.6368267980274942
1.6364648112406248
1.6360908738042466
1.6363280732040806
1.636471292776337
1.636580791517506
1.6351664335276699
1.6356497337691431
1.6354699525724703
1.635405289602847
1.6355613445393147
1.6358417802370542
1.6374478503346064
1.6369818369642763
1.6375242410430129
1.6384616113671564
1.6375603452283927
1.6383914578372605
1.6359642491373638
1.639257538347203
1.638752128041705
1.6389514601876658
1.6391859366149553
1.6391883889159453
1.639436437636617
1.638885834463974
1.6394057115948328
1.6398780709850194
1.6388700786952024
1.6378705575159886
1.6377832376180474
1.638782963005472
1.638048277759649
1.6388110955993718
1.6325267871081803
1.6329271507697087
1.633050023865551
1.6328801310007315
1.6350476160999323
1.639046425777268
1.6340094959792901
1.6341815266215707
1.6353484443014517
1.635533554662666
1.6365263516557396
1.6357488103625664
1.6347162566271036
1.6351501198479972
1.6351817743798795
1.6355304139989997
1.6355304139989997
1.6352369997181821
1.6356480416924166
1.6360483673770223
1.6361182732427282
1.6355376523900644
1.6354829770081083
1.6356883728022507
1.6356846265010045
1.6351764046867994
1.6332223534879913
1.6331992446188328
1.6334627871770968
1.633229718337883
1.6335275517822827
1.6337758588109008
1.6338299551812103
1.6353649564345956
1.6347113802090725
1.6341661804673007
1.6355331840818292
1.6355141779434244
1.6351098890543263
1.6373762751786431
1.637014936301582
1.636640810730441
1.6368780205227944
1.6370214982493991
1.6371305439442394
1.6357161962999343
1.6361995935214704
1.6360194134179136
1.6359547016749139
1.636110361840195
1.6363904665540723
1.6379963143130558
1.6375309206883693
1.638072308461993
1.6390094404433067
1.6381083980877982
1.6389387986310207
1.6365125969397734
1.6398053174213485
1.6393005478293685
1.6394995473413145
1.6397330294951948
1.6397358804216648
1.6399833811399522
1.6394338741895227
1.6399531082791883
1.6404243687650504
1.6394167577231062
1.6384178254778328
1.6383309868403502
1.6393301225846715
1.6385951832479573
1.6393575591128442
1.6313981328801939
1.6317992955731098
1.6319224721212557
1.631752795690319
1.6339236201529952
1.6379274926399847
1.6328839098013708
1.6330554401477255
1.634223871650594
1.6344094281874568
1.6354037707790743
1.6346249387817597
1.6335907813484234
1.6340254106310699
1.6340574961136938
1.6344064763629649
1.6344064763629649
1.6341126212921742
1.6345244171770106
1.6349254434193738
1.634995290291361
1.634413953807498
1.6343593794839628
1.6345651505299588
1.6345614194073854
1.6340522359403853
1.6320952105911373
1.6320722660361222
1.6323359927315964
1.632102547384338
1.632400902241663
1.6326496250459128
1.6327039889228214
1.6342413151077795
1.6335870030542317
1.6330409625270577
1.6344098683937438
1.6343908353604124
1.633986130471191
1.6362549850808799
1.635892924667174
1.6355184620832297
1.6357559375374535
1.6358994557140538
1.6360088420903565
1.6345928759352586
1.6350767783487132
1.6348965831154674
1.6348318208289327
1.634987847036804
1.6352684293161788
1.6368762152621072
1.6364099948339548
1.6369524854195903
1.6378908003171877
1.6369886231690518
1.637820311009175
1.635390860635888
1.6386876091490894
1.6381819578215333
1.6383813431570826
1.6386155663283906
1.6386182302111991
1.6388662748988887
1.6383156177227136
1.6388357511611038
1.639308073884872
1.6382991312998045
1.6372987782673447
1.6372116108146482
1.63821216791686
1.6374765114157002
1.6382399680347028
1.632212292966621
1.6326137590612777
1.6327370876689609
1.6325678448387055
1.6347393132690777
1.6387432622734857
1.633699303763123
1.6338701104482691
1.6350386011418738
1.6352243756432998
1.636219029429401
1.6354398725027561
1.634405395254326
1.6348402522676886
1.6348727340482796
1.6352216189512274
1.6352216189512274
1.6349276881073018
1.6353397282349207
1.6357409582393687
1.635810657130559
1.6352293292574152
1.6351749262686681
1.6353808178696716
1.6353771068427925
1.6348675915244133
1.63291002245137
1.6328872734123052
1.633150853778768
1.6329173215434918
1.633215828211394
1.6334646584163268
1.6335192247981403
1.635056966556959
1.63440273477829
1.633856531443738
1.635225637099908
1.6352066008363337
1.6348019852544193
1.637070477349873
1.6367081427136878
1.6363338113153545
1.6365712562167505
1.6367146341938836
1.6368242277756564
1.6354084088446916
1.6358922123637818
1.6357122293011241
1.635647497549915
1.6358036977838293
1.6360844098692537
1.6376921304292424
1.6372256605886242
1.6377685840512994
1.6387069132699883
1.6378047249526444
1.6386366675352866
1.636206991636869
1.6395036606073015
1.6389977539721863
1.63919727864046
1.6394319571809817
1.639434428114825
1.6396827109953402
1.639131583194764
1.639651971508811
1.640124774574684
1.6391157561929215
1.6381152260620777
1.6380278353788753
1.6390285699002842
1.6382931152928446
1.6390567034500512
1.630745091744444
1.6311466124290293
1.6312699025693778
1.6311001097467335
1.6332728092256663
1.6372800707336315
1.6322322014181474
1.632403831643715
1.6335732544463781
1.6337589814096605
1.6347541838607818
1.633974673307037
1.6329396218235925
1.6333746326687792
1.6334067699727826
1.633756039252781
1.633756039252781
1.6334619310796281
1.6338740902563968
1.6342754681645444
1.6343453648505628
1.6337635375318778
1.6337089277590076
1.6339148802460788
1.6339111472223609
1.6334015126864452
1.6314427992817024
1.631419847519458
1.631683788007795
1.6314501399263757
1.6317487564289062
1.6319976961590628
1.6320521186088994
1.6335907701132957
1.6329359100095542
1.6323893977967654
1.6337594731766583
1.633740423854416
1.6333353824571037
1.6356061322083661
1.6352437486727283
1.6348689777531178
1.6351066520278277
1.6352502827737434
1.6353597745234327
1.6339426207070729
1.6344269259723363
1.6342465916546587
1.6341817765314204
1.634337945466667
1.6346187729975268
1.6362279138403457
1.6357612837959818
1.6363042599001372
1.6372433687959786
1.6363404283912941
1.6371728350892112
1.6347413171790848
1.6380408472932853
1.6375347526533206
1.6377343152028743
1.6379687647332717
1.6379714188411814
1.6382196880338926
1.637668536083634
1.6381891250484386
1.6386618769402226
1.6376520768274567
1.6366508672134261
1.6365636121689267
1.6375650260451944
1.636828760318402
1.637592870443788
1.6303597971707504
1.630760903279757
1.630883888634263
1.6307125778427762
1.6328860408143988
1.6368980590623452
1.631845039393219
1.6320190639676968
1.6331897638304025
1.6333750651110797
1.6343705683828105
1.6335910668422478
1.6325556909213024
1.6329905569053766
1.633021539968253
1.6333715312636927
1.6333715312636927
1.6330772853931115
1.633489221509352
1.6338904849269176
1.6339609145424043
1.633378337149643
1.6333231430960413
1.6335289886149384
1.6335251903871133
1.6330159216039208
1.6310564089439188
1.6310328394320166
1.6312975493736086
1.6310638723362174
1.631362403009364
1.6316113289124197
1.6316652088492345
1.6332045229897632
1.6325486059584802
1.6320019041897997
1.6333730826639168
1.633354019367718
1.632948204741057
1.63522287303463
1.634860864852265
1.6344852321774084
1.6347232943253005
1.6348675263190784
1.6349765299283519
1.6335571687046633
1.6340423747393058
1.633861176609585
1.633796188801513
1.6339520276751784
1.6342328135473343
1.6358441541208577
1.6353776949228909
1.6359200423308995
1.6368602768586602
1.6359562463381803
1.636788921362916
1.6343550568712777
1.6376589331881797
1.6371529780428733
1.637352369085133
1.6375857381561045
1.637588977016211
1.6378368374070233
1.6372864177286228
1.6378068865395263
1.6382787793007976
1.6372679508316865
1.6362660288240087
1.636179337886316
1.637181463443687
1.6364436729775673
1.6372083377042521
1.6302001898088139
1.6306020410239397
1.6307254448517425
1.6305556286041742
1.6327299100382089
1.6367398591707474
1.6316885464779844
1.631860141293266
1.6330303560469364
1.6332162519728488
1.6342121823963918
1.6334320848355706
1.6323962770259732
1.6328316250622263
1.6328638658512087
1.6332133482586773
1.6332133482586773
1.63291902830369
1.63333151285453
1.6337332005665202
1.6338031132140167
1.6332208997537438
1.6331662890474168
1.633372403812444
1.6333686724608272
1.632858629420286
1.6308984974890273
1.6308755709078042
1.6311396570754004
1.6309058352215342
1.6312046822561608
1.6314538102016145
1.6315083108676955
1.6330480742938365
1.6323927941938705
1.6318458838912733
1.633216914116774
1.6331978514248278
1.6327925584643865
1.6350647471409594
1.634702065210773
1.6343270715817857
1.6345648979959069
1.6347085954755776
1.6348182031314349
1.6334001349336786
1.6338847426249443
1.6337043320043871
1.6336394799893292
1.6337957890818782
1.6340768307280242
1.635687030902187
1.6352200380956876
1.6357634658529434
1.636703203850729
1.6357996591115254
1.6366326735512573
1.6341994877659738
1.6375012013215782
1.636994716386413
1.6371944408416643
1.6374291409770083
1.6374317569022665
1.6376802409451778
1.6371286240746845
1.6376496129091302
1.6381227794612592
1.637112290385043
1.6361103765595009
1.6360230171166554
1.637025135407052
1.6362884205906105
1.6370530674112787
1.6293739265645804
1.6297758594984337
1.62989918648682
1.6297283632212565
1.6319048136912577
1.6359206864345086
1.6308623952310937
1.63103550183772
1.6322073814607192
1.6323931808465546
1.6333900767130558
1.6326093634473897
1.6315725448917189
1.6320081562201452
1.6320397597195524
1.6323899349778637
1.6323899349778637
1.632095301684951
1.6325079864162295
1.6329099280736772
1.6329802024582771
1.6323970948001554
1.6323421050414613
1.6325483224155037
1.632544550643454
1.632034311732131
1.6300721606664523
1.6300488610271209
1.6303135993248616
1.6300795747404242
1.6303786103311972
1.6306279286164886
1.630682161061932
1.6322235305815351
1.6315671218853929
1.631019667422128
1.632392422427476
1.6323733365374
1.6319672768911262
1.6342435246630524
1.6338807696613444
1.6335049826160928
1.6337432210957668
1.6338873782774415
1.6339967928019143
1.6325763281132317
1.6330618388710392
1.632880788521993
1.6328157857077628
1.6329720296329033
1.6332532710337198
1.6348660162079973
1.6343987498480819
1.6349422490228789
1.6358833814786709
1.6349784914868146
1.6358123230411152
1.6333758528940985
1.636682690577644
1.636175882649987
1.6363756675594918
1.6366099339204443
1.6366128877860815
1.6368613347985639
1.6363096994825543
1.6368310339617431
1.6373040836580226
1.6362921996840478
1.635289079262192
1.6352019742902093
1.636205298930396
1.6354671220112322
1.6362326959571576
1.6286862410071334
1.6290884766780678
1.629211879172333
1.6290407613898046
1.631219145680004
1.6352389143621786
1.6301757982751368
1.6303492871434022
1.6315222927801034
1.631708209199059
1.6327059860417548
1.6319246067899749
1.6308868708450026
1.6313228400818967
1.6313543575804925
1.631704902633554
1.631704902633554
1.6314100041911659
1.6318230195920784
1.6322252933712451
1.6322956799544905
1.631712000788942
1.6316569068603053
1.6318632899090115
1.63185950853196
1.6313488695913474
1.6293849642543892
1.6293615842376528
1.6296266239957127
1.6293923966778314
1.6296916792959988
1.6299412091899834
1.6299954348496417
1.6315381858434876
1.6308811129879555
1.6303331723440646
1.6317072079159471
1.6316881043551175
1.631281622165204
1.6335601978694598
1.6331971697559016
1.6328209773588644
1.6330594573080381
1.6332037964855664
1.633313256682471
1.6318913625665936
1.6323773762191565
1.632196086656867
1.6321310114134395
1.6322873564869984
1.632568834039938
1.6341831721317506
1.6337155233681826
1.6342594252413032
1.6352014717872916
1.6342957021396658
1.6351302722031158
1.6326914911542811
1.6360015789442137
1.635494351768131
1.6356942905396912
1.6359286512330367
1.6359316648668298
1.6361802840772444
1.6356282492528642
1.6361500172821335
1.6366233869416555
1.635610537965971
1.6346064909595956
1.6345193668083429
1.6355236181377326
1.6347846614175179
1.635550943593601
1.6282905083273571
1.6286915039271863
1.628814413109045
1.6286427460670436
1.6308163266465496
1.6348293587303915
1.629775262247752
1.6299498515870825
1.6311208208776025
1.6313060153716807
1.6323015608767932
1.6315220844768645
1.630486661877533
1.6309214805534604
1.6309521879719548
1.631302340795441
1.631302340795441
1.6310080708306345
1.6314199417022774
1.6318211660317126
1.6318917204164278
1.6313089816784554
1.6312536501836412
1.6314594641697149
1.6314556505341742
1.630946483830235
1.6289868387386626
1.6289631228864094
1.6292280081629136
1.6289943311269584
1.6292928325644818
1.6295417478331093
1.629595497052498
1.631134923502636
1.6304787742529603
1.6299320434942581
1.631303444075032
1.6312843780151463
1.630878391317388
1.6331539251924727
1.6327920170302719
1.6324161903231758
1.6326543377690947
1.6327987086159483
1.632907592823313
1.6314877480677588
1.6319731541882945
1.631791755800951
1.6317267288078916
1.6318824845236433
1.6321632521970741
1.6337750688118862
1.6333086640390384
1.6338508458066554
1.6347913205183209
1.6338870571993995
1.6347197715268451
1.6322854203052493
1.6355902336329278
1.6350843266155886
1.635283670953948
1.6355167759715268
1.6355201539177444
1.6357679096943758
1.6352176805474028
1.635738105405638
1.636209779757363
1.6351987363402276
1.6341966743266534
1.634110120214027
1.6351123856016911
1.6343742539847355
1.6351390281589695
1.628038917395154
1.6284427243323938
1.628566810380178
1.628396946549845
1.6305804266533372
1.634605800136913
1.6295346702800682
1.6297059173441348
1.6308806844550576
1.6310675926929639
1.6320677590639545
1.6312842310100297
1.6302440229674726
1.6306813497786474
1.630714263141102
1.631064948410136
1.631064948410136
1.630769399084672
1.6311837979620734
1.631587302635181
1.6316572771989928
1.6310728515824253
1.6310182697912408
1.631225339060878
1.6312216213151134
1.6307091698111122
1.6287407962497364
1.628718053142894
1.6289829452724376
1.6287481097456091
1.6290483088597005
1.629298537386329
1.6293535269931911
1.630899748552107
1.6302420765287635
1.629692851283123
1.631069395914671
1.6310502559237048
1.6306435385294529
1.6329239045416262
1.6325594569715327
1.6321832127125746
1.6324219052820863
1.6325659573287243
1.6326762709543743
1.6312529897481054
1.6317393115695773
1.631558505913294
1.6314934484922023
1.6316505959584948
1.6319328911601563
1.6335491517568377
1.6330800292316012
1.6336261330420423
1.6345694807551925
1.6336624689309047
1.6344990187055448
1.6320562253310005
1.6353704413754355
1.6348616676862757
1.6350623482674032
1.635298576278282
1.6353009346998784
1.6355506981891692
1.6349963216511172
1.635519654046638
1.6359952940531641
1.6349808397604948
1.6339748530359417
1.6338868503964825
1.6348930428117194
1.6341537935933685
1.634921543774629
1.6266714435030374
1.6270756640188653
1.6271999400220045
1.6270305019840445
1.6292151533736008
1.633241499249452
1.6281688459284331
1.628339357527861
1.6295144478131893
1.6297016303365361
1.630702350559484
1.6299183019072032
1.6288775219408351
1.6293151888797488
1.629348533035163
1.6296991940003644
1.6296991940003644
1.6294034983078196
1.629818249886027
1.6302220615891672
1.6302918934926747
1.6297073477729638
1.6296529370054156
1.6298601809227113
1.6298564838300087
1.62934356430642
1.6273741741790764
1.6273516349818589
1.6276164293421436
1.6273814490031484
1.6276818767718488
1.6279322754375927
1.6279874936214425
1.6295345013948
1.6288767696475936
1.6283272488979732
1.6297043116008731
1.6296851639230965
1.6292784519817745
1.6315589351214836
1.6311941138640613
1.6308179265542546
1.6310566392840757
1.6312005733758315
1.6313111328423409
1.6298876940664078
1.6303740178021813
1.6301933988821937
1.6301283596991527
1.630285727910589
1.6305682242900628
1.6321847726112526
1.6317152797528385
1.6322619669913525
1.633205538726242
1.6322983142879068
1.6331353213856725
1.63069174652761
1.634006610843078
1.6334974517479595
1.6336983256303768
1.6339350925454508
1.6339372452905323
1.6341873185893823
1.6336323164535174
1.6341560370145751
1.634632295583321
1.6336175358394733
1.6326111372793648
1.6325228766099518
1.6335294812490955
1.6327902842279152
1.6335583448458075
1.6269265722600041
1.6273305998832677
1.6274547999995175
1.6272852846113912
1.629469174425367
1.6334944299479055
1.6284232291121479
1.6285938996079325
1.6297686612747107
1.6299557326200924
1.6309560994151748
1.6301723505515908
1.6291319370787023
1.629569423595046
1.6296026470968759
1.6299532418803537
1.6299532418803537
1.6296576460551695
1.6300722186351921
1.6304758656643779
1.6305457207794538
1.6299613277942342
1.6299068831331107
1.630114038028223
1.630110336247541
1.6295976464960782
1.6276289325241005
1.6276063441512836
1.6278711095056675
1.6276362160532547
1.6279365212470005
1.6281868231464893
1.62824196954286
1.6297884494327475
1.6291308696290554
1.628581540676834
1.6299581814835944
1.629939039799748
1.6295324106222158
1.6318123906946476
1.6314477436395407
1.6310716191763626
1.6313102771609849
1.6314542125991323
1.6315646842620803
1.6301415817938787
1.6306278043381246
1.630447173505171
1.630382142971793
1.6305394203150998
1.630821805087249
1.6324379427530893
1.6319686448820223
1.6325150648838889
1.633458382113782
1.632551401643096
1.6333881146956315
1.6309452520926584
1.6342592589401186
1.6337503070245918
1.6339510882781854
1.6341876638774384
1.6341898704853732
1.634439810205578
1.6338850881626872
1.634408597800757
1.6348845944369441
1.6338701254378154
1.6328640439819886
1.632775869718015
1.6337821571076678
1.633043099343603
1.6338109189757417
1.6286657259792674
1.6290687332204596
1.6291924392622819
1.6290216308804186
1.6312030614729387
1.6352271915683652
1.6301582655402782
1.6303311188231193
1.6315054389340196
1.6316918000648344
1.6326909906189921
1.6319084122124257
1.6308692102935347
1.6313059012207072
1.631337901333643
1.6316887111135987
1.6316887111135987
1.6313934132017671
1.6318071445954188
1.6322100770704027
1.6322803708073756
1.6316960807038612
1.6316411223495255
1.6318478614869656
1.6318440988618315
1.6313325408327153
1.629365930874295
1.6293427475599538
1.6296079033416186
1.6293733284774086
1.6296731013953911
1.6299230183543978
1.629977531163971
1.6315223936916965
1.6308647130621086
1.6303160052286227
1.6316917283850638
1.6316726008485132
1.6312657876034389
1.6335463755768038
1.6331826506539846
1.6328062068704334
1.6330449058004024
1.6331892395923648
1.6332990510035146
1.6318758116567098
1.6323622300753842
1.6321809881649578
1.6321158783228797
1.6322725868689567
1.6325545108511936
1.6341704915644042
1.6337020628514471
1.6342470336711608
1.6351900982371332
1.63428335271891
1.6351190989632798
1.6326774688940882
1.6359909865560527
1.6354829306616023
1.6356832399484573
1.6359183659050875
1.6359211640874671
1.6361703176124618
1.635617162416186
1.6361397741374062
1.6366141915271637
1.6356001795726025
1.6345948641491013
1.6345073943760915
1.635512914703444
1.6347734009547674
1.6355406470738656
1.628588025265814
1.6289913084476184
1.62911516664423
1.628944884829832
1.6311266663288932
1.6351501715453352
1.6300817129450913
1.630253707277224
1.6314278872300727
1.6316144648616624
1.6326138347232213
1.6318310229366781
1.6307916389266492
1.631228513213064
1.6312609612875655
1.6316115998179421
1.6316115998179421
1.6313162674535033
1.631730205172075
1.6321332995472024
1.6322034114508257
1.6316192346512643
1.6315644821475959
1.6317713226769228
1.6317675837207293
1.6312557364045244
1.6292888522512876
1.629265896841147
1.629530838180196
1.6292962053896836
1.6295960990051337
1.629846094654214
1.629900829612008
1.6314458943159007
1.6307884220151607
1.6302396249701034
1.6316153332484298
1.6315962054008428
1.631189566408037
1.6334693356509042
1.633105361232989
1.632729134261338
1.6329677559574036
1.6331119037143385
1.63322193286374
1.6317991140209351
1.6322853331194374
1.632104366161152
1.632039302799282
1.6321961828013296
1.632478205453417
1.6340938252151418
1.6336251939437951
1.6341705637751291
1.6351134777658927
1.6342068800004919
1.635042769871402
1.632601313938761
1.635914153898362
1.6354058957135613
1.6356063290248328
1.6358419345965338
1.6358445114221956
1.6360938934851945
1.6355402975183662
1.6360631084584698
1.6365379916826615
1.6355240724956535
1.6345187323438266
1.6344310225337695
1.6354365679203908
1.6346974162014185
1.6354646770476196
1.6271901128870303
1.6275935611679404
1.6277174570698645
1.6275469815135923
1.6297298764533301
1.633755680337435
1.6286843877455826
1.6288566408532843
1.6300314834873777
1.6302181203674215
1.6312179966606193
1.6304348061063427
1.6293948945396852
1.6298319699660704
1.6298643492083673
1.6302152105877472
1.6302152105877472
1.6299197249883062
1.6303338470006261
1.630737128367583
1.6308073132968062
1.6302227983969142
1.6301679765503354
1.6303749094985538
1.6303711639532363
1.6298590953402416
1.6278911992868759
1.6278681874939072
1.6281333136199185
1.6278985649818265
1.6281985976675282
1.6284487134762595
1.6285034352195038
1.6300492973593643
1.629391428951945
1.6288423520186717
1.6302188079140645
1.630199669771497
1.6297927770343905
1.6320739383515541
1.6317098150140223
1.6313333425533338
1.6315721083246868
1.6317163699973285
1.6318264167165548
1.6304027465202204
1.6308892672790032
1.6307081493233204
1.6306430417744096
1.6307999736357026
1.631082129931951
1.632698693935217
1.6322298480350057
1.6327754361482112
1.6337188896322228
1.6328117725779223
1.6336480872613974
1.6312052760470053
1.6345200401395976
1.63401154582198
1.634212063718433
1.6344477043334016
1.6344503252470186
1.6346997982363942
1.6341459875884565
1.6346690431319861
1.6351440935916346
1.6341296076216476
1.6331237279925312
1.6330360169961102
1.6340421019072973
1.6333024802198077
1.6340701535866387
1.630204910391127
1.630606373827143
1.630729396220193
1.6305572409193525
1.632733868759734
1.636753095450162
1.6316913400922863
1.6318665704688256
1.6330393284542915
1.6332246992299446
1.6342216321428902
1.6334411109891143
1.6324042434438533
1.6328396211682186
1.6328701737536966
1.6332209192209362
1.6332209192209362
1.6329262308716523
1.6333386167066777
1.6337403601496616
1.6338110997586226
1.6332274514128926
1.6331719464052254
1.6333780184848543
1.6333741886551878
1.6328644006251698
1.6309019893621888
1.6308781367497016
1.631143508273488
1.6309095126565094
1.6312084001916787
1.6314576472286504
1.6315113764477034
1.6330529818080528
1.632395772292307
1.6318482754647634
1.6332217042291388
1.6332026102035182
1.6327959472178204
1.6350752010995304
1.6347128709058627
1.6343363933579438
1.634574926348649
1.634719593107064
1.6348285405566854
1.6334064150204055
1.6338926256959785
1.6337108370979936
1.6336456934886974
1.6338016022121125
1.6340827396818265
1.6356970934557145
1.6352300916503502
1.6357728943981618
1.6367148226932728
1.6358091604296816
1.6366430380788408
1.634205020673677
1.637515008240734
1.637008445842152
1.6372080286277475
1.6374412630209878
1.6374447448233165
1.6376927637242564
1.6371419203878035
1.6376630233995453
1.63813518494997
1.6371226097481455
1.6361190816727622
1.6360325071945019
1.6370362387959345
1.636296857409411
1.6370627523344323
1.6300579208342805
1.6304595497017316
1.6305826480769237
1.6304106630930326
1.632587759447839
1.6366073750951775
1.6315450103516322
1.6317199465423164
1.6328928337975444
1.6330783142873733
1.6340754687411017
1.6332947393479837
1.632257643033198
1.632693156808659
1.6327238817113208
1.6330746174570276
1.6330746174570276
1.6327798705609116
1.6331923974762597
1.6335942637312564
1.6336649462760957
1.6330812498891083
1.6330258132908955
1.633231955229588
1.633228133661146
1.6327181584232928
1.630755340533925
1.6307315694852877
1.6309969019013706
1.6307628483595253
1.631061827356538
1.6313111424491564
1.631364963099004
1.6329068829451299
1.632249649539839
1.6317020345107032
1.6330756705036193
1.633056573403275
1.6326499125987495
1.634929213331474
1.6345667336628742
1.6341902788946159
1.6344288199494454
1.6345734395259068
1.634682485311872
1.633260296747726
1.6337465081890203
1.6335647942855533
1.633499657971478
1.6336556549929502
1.6339368729337893
1.6355513417974805
1.635084191858845
1.6356272279778865
1.6365692458816927
1.6356634985724825
1.636497559150892
1.634059229152321
1.637369476027791
1.6368627594668255
1.6370624195729369
1.6372958695278554
1.637299269059578
1.6375474118843418
1.6369963183087635
1.6375175765867203
1.637989985562033
1.6369772881797373
1.6359735953701315
1.6358869176798896
1.6368908141708853
1.63615145366323
1.6369174727629041
1.6296558025204668
1.6300577897119184
1.630181039956141
1.6300093026393658
1.6321876290841784
1.6362087240417396
1.6311442974272634
1.631318780535736
1.632492125679276
1.6326778270612459
1.6336755564836232
1.6328943190624654
1.6318566274846762
1.6322924577338018
1.6323234756072331
1.63267426781313
1.63267426781313
1.6323793625028207
1.632792209496676
1.6331943632376398
1.63326496550679
1.6326810683440534
1.6326257340488703
1.6328320348688097
1.6328282262495721
1.632317834031758
1.6303539333606374
1.6303302930514485
1.6305956153657295
1.6303614170124352
1.6306606100462457
1.6309100899607656
1.6309640738288862
1.6325068360442585
1.6318494268059094
1.631301501777783
1.6326757668953795
1.6326566607263806
1.6322499193392364
1.6345297699902526
1.634166966644406
1.63379047180918
1.6340290756733322
1.6341736467214494
1.6342828786473196
1.6328602907475762
1.6333466041461189
1.633164976850136
1.6330998391816178
1.6332560153692774
1.6335374253885655
1.6351524199974101
1.6346849269381558
1.635228463665075
1.6361708256825729
1.635264749360094
1.6360992869129838
1.6336599320659169
1.6369712957178075
1.6364642178148667
1.636664047870318
1.636897904702736
1.636901168100999
1.6371495684282311
1.636597944520554
1.6371195689877132
1.6375924873204726
1.6365793770129864
1.635575202364877
1.6354883350572145
1.6364927136872633
1.635753234801361
1.6365196190614417
