1.9246275321993
1.9246683827121018
1.924760944405123
1.9244724435165157
1.924678579127342
1.9246969983819748
1.924754845884229
1.92667163973968
1.927054068103591
1.9271971353550377
1.927016427353068
1.9261158804494358
1.9256150132734997
1.9261402994459513
1.9256780504643487
1.9260898691394346
1.9253636114109394
1.9258789814188806
1.925990999602231
1.9258427436204058
1.9258668853515999
1.9258023803146782
1.9258209517424982
1.9260253901262903
1.9262961601750872
1.9264970212240164
1.9266302992312727
1.9264031672577
1.9262535558508622
1.926347378234161
1.9260674641905389
1.9251648357918294
1.925739053905553
1.925677940843142
1.9270188612635126
1.9271942650881306
1.926972595225322
1.9271880049622576
1.926952641895227
1.9223862789444848
1.9224272944336054
1.9225200341252509
1.9222311034150816
1.922437519782217
1.9224556390848273
1.9225134410320774
1.9244318276942103
1.9248143823290986
1.9249574179860733
1.9247765491554476
1.9238757508927753
1.9233745651150127
1.923900200658002
1.9234377056739689
1.9238496220774683
1.9231227943214966
1.9236384099168258
1.9237505902376173
1.9236022314203836
1.923626298634937
1.9235616609036617
1.9235802017327617
1.923785068434152
1.9240558191873647
1.9242569445796112
1.9243903540181213
1.9241629583539004
1.924013052345932
1.9241070071500177
1.9238267249923748
1.9229236036341446
1.9234981863260698
1.9234369992941844
1.924778894687174
1.924954325080763
1.924732421541414
1.9249479018682276
1.9247123207177994
1.9218447781795491
1.921885756294104
1.9219785260021365
1.9216894285301276
1.9218959794867576
1.921914301212681
1.9219722137656776
1.9238924481658721
1.924275483635912
1.9244187453519075
1.9242377085707567
1.9233357510949898
1.9228340253203031
1.9233602182623102
1.9228971967796304
1.923309653374989
1.9225821059179402
1.923098325319329
1.9232105731735867
1.9230620595144439
1.9230862054015185
1.9230215518187648
1.923040137513717
1.923245049905878
1.923516204776177
1.9237174667201362
1.9238509925210534
1.9236234218107755
1.9234734713245365
1.9235674846719157
1.9232870120634016
1.9223828699939298
1.9229580721637884
1.922896839802181
1.9242401094027508
1.9244157786968001
1.9241936904541768
1.9244094419332625
1.9241736470804653
1.9220281982643297
1.9220692655134217
1.9221620943701454
1.9218729036900262
1.9220795020232622
1.9220975909150118
1.9221554260734033
1.9240753586353259
1.9244581942009609
1.924601323635589
1.9244203075321222
1.9235188543331252
1.9230172786192083
1.923543325296696
1.9230804773385954
1.9234926907712555
1.922765282092678
1.92328128710662
1.9233935676853442
1.9232450922228237
1.9232691653278806
1.9232044642167034
1.9232230134143782
1.9234280821030172
1.9236990161556555
1.923900317532742
1.9240338374297619
1.9238062478213462
1.9236561967021424
1.9237502349933824
1.9234697076267921
1.92256589521186
1.923140924847312
1.9230796851984113
1.9244226420466204
1.9245981967905206
1.9243761073700245
1.924591745859442
1.9243559716569871
1.9253983080702117
1.9254393073757503
1.9255319129882482
1.9252434623513435
1.925449522593432
1.9254674483820344
1.925525088535286
1.9274396573548356
1.9278213550030885
1.9279640308438053
1.9277835166394655
1.926884759294891
1.9263846196918402
1.926909165634625
1.9264476600573943
1.9268586345872467
1.9261332700329175
1.9266477682504917
1.9267597598059587
1.9266117064118198
1.9266356784929715
1.9265711298969976
1.926589610837369
1.9267941989009885
1.927064288810623
1.9272650625992482
1.9273982168642267
1.9271712363140387
1.9270215435942646
1.9271153386140967
1.9268355465737503
1.9259343509544569
1.9265077339222387
1.9264466570804328
1.9277858123527722
1.9279608340892445
1.9277393474573683
1.9279543448049474
1.9277192212532135
1.9250565852835992
1.9250974749691425
1.9251900215434599
1.9249016340752187
1.9251076746659994
1.925125912998876
1.9251836678724947
1.9270990381946151
1.9274810809441119
1.9276239621161222
1.9274433826617567
1.9265437682025424
1.9260433247818947
1.926568174622019
1.9261063422049736
1.9265177253408274
1.9257920247354485
1.926306915090415
1.9264188867142238
1.9262707516384077
1.9262948252674592
1.9262303261780924
1.9262488593943645
1.9264532830471381
1.9267237224059128
1.9269244859701982
1.9270576759676623
1.9268306729163651
1.9266810822891092
1.9267748638829207
1.9264950858326928
1.9255932641742315
1.9261669961127044
1.9261059161366734
1.9274457668073137
1.9276209771378179
1.9273994456552308
1.9276146379042538
1.927379437695293
1.9222651227513294
1.922306170220488
1.9223988352026977
1.92211023127879
1.922316394348081
1.9223342467227091
1.9223918841328804
1.9243071504427574
1.9246889385802821
1.924831628239483
1.9246510455681438
1.9237520868245996
1.9232517897686643
1.9237765047125686
1.9233148660294495
1.9237259282832073
1.9230003079621927
1.9235149472922117
1.9236269971577609
1.9234788949901351
1.9235028518210342
1.9234382596530035
1.9234567356533425
1.9236614637847056
1.9239315901396383
1.9241324617789648
1.9242656697972242
1.924038587550405
1.9238887971167715
1.923982640116146
1.923702711781807
1.9228012530477967
1.9233748163537407
1.923313711381604
1.9246533191934627
1.924828374467553
1.924606794600636
1.9248218427820991
1.9245866278669381
1.9219943723688615
1.9220354011507375
1.9221280811411405
1.921839393836313
1.9220456242003514
1.9220635777866362
1.9221212704996806
1.9240374606785877
1.9244194892336886
1.9245622919224001
1.9243816252757984
1.9234820869257065
1.9229815198713094
1.9235065135147222
1.92304461158228
1.9234559439319678
1.9227299637604147
1.9232449049934635
1.9233569886257458
1.9232088090371653
1.9232328052043244
1.923168205110555
1.9231867035438202
1.923391454520568
1.9236617829340446
1.9238627228492278
1.9239959890486906
1.923768819278842
1.9236190066060737
1.923712878877095
1.9234328553173201
1.9225308862276895
1.9231047592726
1.923043631635602
1.9243839265512517
1.9245591012755714
1.9243374290570172
1.9245526128146166
1.924317291048271
1.9216570293269526
1.9216980635033558
1.921790788186808
1.921501940857559
1.9217082899299465
1.9217263080209008
1.921784054665278
1.9237015174583796
1.924083831675692
1.9242267543031566
1.9240459694477927
1.9231457507916685
1.9226448350123673
1.9231701918558481
1.9227079601211379
1.9231196064287082
1.9223931385232742
1.9229084522155744
1.923020598769632
1.9228723173733533
1.9228963452516463
1.9228317154461096
1.9228502338422846
1.9230550776982893
1.9233256263929586
1.9235266835093487
1.923660034766655
1.923432726625463
1.9232828428566293
1.9233767683890686
1.9230965814568615
1.9221939704542526
1.9227682434072102
1.9227070790401857
1.9240482873293854
1.924223598272745
1.9240017870850323
1.9242171318357097
1.9239816575364663
1.9225861078996962
1.922627311354294
1.9227200798467126
1.9224313128086128
1.9226375587869646
1.922655003701788
1.922712505671401
1.9246272437643017
1.9250086820691177
1.925151140235926
1.924970593750533
1.9240725174913371
1.9235724830417482
1.924096942022743
1.923635607007639
1.924046243726674
1.9233208662679837
1.9238351304199715
1.923947237553337
1.9237992022297998
1.923823031692168
1.9237583563493956
1.923776768479499
1.9239817701296986
1.9242515100537263
1.9244524507010257
1.9245856483874648
1.9243585330689046
1.9242085665275817
1.9243024531787132
1.9240224290177408
1.923121547179175
1.923694808549907
1.9236336908250067
1.9249727513202346
1.9251476061315642
1.9249260242033686
1.9251408746529133
1.9249056958758517
1.922336095155474
1.922377233557345
1.922469972585929
1.9221812221124372
1.9223874721277843
1.9224051131697948
1.9224626911624718
1.9243780798388084
1.9247597632926652
1.9249023606500835
1.924721759253507
1.9238230780180559
1.923322814781255
1.923847504527329
1.9233859294347009
1.9237968531783873
1.9230712090578839
1.9235857581535403
1.9236978617174807
1.9235497638105776
1.9235736584298369
1.9235090088294602
1.9235274549868246
1.923732370374418
1.9240023493387548
1.9242032994782783
1.9243365299452546
1.9241093826765159
1.9239594679112288
1.924053353608271
1.9237733160583783
1.9228719730079147
1.9234454970821344
1.9233843725793616
1.9247239720967104
1.924898958226998
1.924677330859155
1.9248923197153096
1.9246570746061917
1.9233405258770653
1.9233820395043666
1.923475000119521
1.9231859601945092
1.9233923324215332
1.9234089409151907
1.923466154026575
1.9253794114807938
1.9257600548994542
1.9259020101018927
1.9257215753913135
1.924825490869492
1.9243260978742307
1.9248499238627166
1.9243893061177322
1.9247989871146942
1.9240742579586132
1.9245876476014536
1.924699848296526
1.9245519805970666
1.9245755447519963
1.9245107129636632
1.9245289906989904
1.9247345084271115
1.9250034020622642
1.9252044416584388
1.9253375903286243
1.9251104549903633
1.9249601599323505
1.9250541161331896
1.924773954776428
1.923874440699743
1.9244469648973692
1.9243858339102846
1.9257234953143998
1.925897903793862
1.9256763640661632
1.9258907653875108
1.9256557097309466
1.9222193187070225
1.9222606041034542
1.9223533721538317
1.9220647252735166
1.9222708603506762
1.9222879864250997
1.9223453390916634
1.924258078527367
1.9246389360448288
1.9247811020119328
1.9246007338159068
1.923704068908191
1.9232046494859103
1.9237284779356274
1.9232677561814606
1.923677731127287
1.9229531427589088
1.9234666959111142
1.9235787518732461
1.9234308904899293
1.9234546048887684
1.923389921633262
1.9234082706488742
1.923613304756542
1.9238825301546534
1.9240833539668034
1.9242164323388873
1.923989482617315
1.9238395102377799
1.9239333508175487
1.9236534897284097
1.922753793428355
1.92332634905395
1.923265273015125
1.9246028029265925
1.9247773615623873
1.9245559637485294
1.9247704865509685
1.9245355318014465
1.9220151609839957
1.9220564036113348
1.92214915698505
1.9218605033673162
1.922066654325622
1.9220839183186893
1.9221413276596662
1.9240546422192373
1.9244356949096388
1.9245779669970107
1.924397549059222
1.9235004052444438
1.9230007945501437
1.9235248171988097
1.9230638987482638
1.9234740999280668
1.9227492795924932
1.9232630640915058
1.9233751246653294
1.9232272102478019
1.9232509716080277
1.923186302212811
1.9232046761313655
1.9234096630505466
1.923679072284552
1.9238799154472075
1.9240130251238547
1.9237860387275694
1.9236360929658294
1.9237299388274727
1.9234500506598946
1.9225499755615776
1.9231227507570587
1.9230616661185385
1.9243996568640356
1.9245743181812514
1.9243528746332776
1.9245675075949098
1.9243324916759175
1.9227444106015277
1.9227856345415841
1.9228784029234924
1.922589665924839
1.9227958841778925
1.9228132493826158
1.9228707140264665
1.9247849524550678
1.9251662455630456
1.9253086306799274
1.9251281287668764
1.9242304053455506
1.9237305246527887
1.9242548260009638
1.9237936443010943
1.9242041155768272
1.923478935390715
1.9239930217927572
1.9241051161333143
1.9239571242948321
1.9239809249913182
1.9239162476703624
1.9239346440218428
1.9241396537864095
1.9244092650789582
1.92461017651747
1.9247433443753206
1.924516270456007
1.9243663024551312
1.9244601775884218
1.924180194195408
1.9232796087414699
1.9238526936759175
1.9237915863725363
1.925130264221824
1.9253050449892701
1.925083509089659
1.925298277627427
1.92506315485725
1.9232695534729212
1.9233109761675093
1.92340386273629
1.9231149693608618
1.9233212546418301
1.923338074468105
1.9233953469969833
1.9253084820847426
1.9256892301870707
1.925831277691292
1.9256508617059505
1.9247544996760355
1.9242550728616394
1.924778924047956
1.924318242712481
1.9247280622195138
1.924003356862922
1.924516836740125
1.924628983736806
1.9244811117766238
1.924504738143193
1.924439963787206
1.9244582713655083
1.9246636018373982
1.924932642863147
1.9251336039591258
1.925266730180594
1.925039659864252
1.9248894891378925
1.9249834026410648
1.9247033504998565
1.9238037207396252
1.9243762841689758
1.9243151727125263
1.9256528424111523
1.9258273200344171
1.925605827807644
1.9258202884543
1.925585262991693
1.9249824451969106
1.9250240105841832
1.9251170603644157
1.924827760469453
1.9250343146625781
1.925050892745375
1.9251081390679006
1.9270229424219092
1.9274038667713165
1.9275459157514079
1.927365333767988
1.9264685943098414
1.9259688113784263
1.9264930485014105
1.9260320777823592
1.9264420558084814
1.9257167457297948
1.9262305247912475
1.926342825744253
1.926194841399507
1.9262184114449399
1.9261535162767054
1.926171802380606
1.926377522095976
1.926646599030555
1.9268478146115697
1.9269810737402653
1.9267537444578093
1.9266033042885606
1.9266973439765547
1.9264169374108449
1.9255167322774582
1.9260897034186113
1.926028519814511
1.927367242673846
1.9275417755036193
1.9273200498947733
1.9275346093787253
1.9272993606701345
1.9196669499016308
1.9197088355451357
1.9198023308192267
1.9195118211928517
1.9197192020405904
1.9197353889387816
1.9197926893397264
1.921713723199787
1.9220956166124112
1.922237915330991
1.9220567307003915
1.921157775074231
1.9206565037325267
1.9211823236295418
1.9207200479858593
1.9211310148278773
1.920403391953897
1.920918584858576
1.92103134872282
1.9208829116068065
1.9209064248071086
1.920841206804815
1.9208594874157177
1.9210662414104327
1.921335848947706
1.9215378568265573
1.921671578762037
1.9214434039563486
1.9212922338522622
1.9213866564225064
1.9211051461159327
1.9202023748529198
1.9207770514028553
1.9207156359782345
1.922058518175847
1.9222334506255252
1.9220109336966968
1.9222260382583392
1.9219899923102703
1.9215545022209948
1.9215963896626753
1.9216898998344496
1.9213993368666002
1.921606757283789
1.9216229656835366
1.9216802840615925
1.923601742126384
1.9239837307597458
1.92412606945791
1.9239448454243897
1.9230456630295514
1.9225442754462125
1.9230702164099172
1.922607830832146
1.923018902326791
1.9222911168748502
1.9228064339326132
1.922919218770782
1.9227707477188687
1.9227942714895492
1.9227290435833335
1.9227473308485394
1.9229541158030068
1.923223796767344
1.923425843713265
1.9235595940013595
1.9233313730718893
1.923180179269114
1.9232746195931645
1.922993054829113
1.9220900695951075
1.9226648794477255
1.9226034517797626
1.9239466384352244
1.9241216162912493
1.9238990530393685
1.92411421126537
1.9238781144730024
1.9212793720938235
1.9213211258336989
1.9214145472824367
1.9211241241267527
1.9213314734790319
1.9213480311300404
1.9214054656000041
1.9233273764222032
1.9237096649121723
1.9238522020323878
1.9236709469823414
1.9227710081723477
1.9222693954978547
1.9227955558583387
1.9223329099936972
1.9227443462323908
1.9220163526127432
1.9225319912516763
1.9226447270031455
1.9224961986562987
1.9225198316000056
1.9224546749864253
1.9224730169975481
1.922679567507298
1.922949579698126
1.923151567494356
1.923285326638296
1.9230571340560323
1.9229060912027056
1.923000494110964
1.9227190114840274
1.9218155317682122
1.92239060042244
1.922329183685417
1.9236728394694205
1.9238479891506683
1.9236254276655975
1.9238407553761006
1.9236046276082195
1.9204835298168506
1.9205253263258186
1.9206187624512183
1.9203283460329534
1.920535679504086
1.9205520992364509
1.920609477032001
1.922530812730333
1.9229129060473626
1.92305533704731
1.9228741317390268
1.9219746718360955
1.9214732504336218
1.9219992165951563
1.9215367674268946
1.9219479774316108
1.9212202157791591
1.921735623071285
1.9218483542110625
1.921699878898427
1.9217234648807464
1.9216582944068767
1.9216766115150572
1.9218832092132936
1.9221530375682274
1.9223550060139523
1.9224887338533285
1.922260577945778
1.922109508474657
1.9222039061010396
1.9219224505525425
1.9210193496349897
1.9215941987193321
1.9215327905820045
1.9228759855319775
1.9230510325318042
1.9228285167808497
1.9230437343321594
1.9228076677337487
1.9220086726882433
1.922050667951744
1.9221442222640155
1.9218536494689764
1.922061049968023
1.9220769243219402
1.9221341100025184
1.9240543423600072
1.924435890671388
1.9245779840586748
1.9243968646781002
1.92349876616658
1.922997798642472
1.9235233146421484
1.9230613658382807
1.9234719240742972
1.9227446372513661
1.9232594380186527
1.9233722218145544
1.9232238663802184
1.923247278032621
1.9231820105237203
1.9232002388587228
1.9234071572642828
1.9236764153524166
1.9238784334556083
1.9240121196586026
1.9237839673540227
1.9236326951574174
1.9237271311536823
1.9234456068569907
1.9225434616331456
1.9231177892123896
1.9230563769219942
1.9243985637213061
1.9245733075769518
1.9243508354988343
1.9245657451590326
1.9243297758681912
1.9218252526034627
1.921867158732426
1.9219606538960068
1.9216701743090774
1.9218775274315185
1.9218936346196094
1.9219508976947925
1.9238714318905532
1.9242531801063396
1.9243954057749928
1.9242142657167347
1.9233156629284442
1.9228145453435668
1.9233402076077628
1.922878085279315
1.9232888866780307
1.9225614610766282
1.9230764762313617
1.923189227302797
1.9230408336718383
1.9230643181062586
1.9229990981257814
1.923017362958062
1.9232241250671438
1.9234936039729378
1.9236955826430027
1.9238292747498933
1.9236011413434515
1.9234499697798118
1.9235443808322152
1.9232629112936
1.922360436415215
1.9229349365288666
1.9228735315257643
1.924216031077436
1.9243908894832311
1.9241684185829873
1.9243834412328524
1.9241474512916696
1.9209671974117521
1.9210092854061405
1.9211029286624695
1.9208121559763724
1.9210196829909245
1.9210353675137808
1.9210925117539752
1.9230132906826558
1.923394829531106
1.9235368705961935
1.9233556930874618
1.922457645315357
1.9219565953687487
1.9224822072372842
1.9220202120898184
1.9224307364683912
1.9217032632680102
1.9222180979540182
1.9223309564222364
1.9221825713127236
1.9222059313238649
1.9221405964786955
1.9221588016250262
1.9223659382465692
1.922635122371171
1.9228372580416284
1.9229709950459544
1.9227427315956744
1.9225913113687274
1.9226858078164653
1.9224041198467425
1.9215018763354506
1.9220762979856536
1.9220148539212807
1.9233573368839314
1.923532057002121
1.9233094911000255
1.923524395099274
1.923288344770177
1.9203459137763763
1.9203873832235347
1.9204806571320754
1.9201903768783284
1.9203976909649858
1.9204150698317297
1.9204728097654926
1.9223969741762692
1.922780198017767
1.922923284991179
1.9227418445298987
1.9218395865143685
1.9213371374174708
1.921864136337712
1.9214005967159178
1.9218131371912643
1.9210842048077053
1.9216009126650908
1.9217136049838202
1.9215648506902525
1.9215887518866495
1.9215237200286792
1.9215422006188645
1.9217483360443177
1.922019286173734
1.9222212630135083
1.9223551264029566
1.9221268568682968
1.9219760699760422
1.9220704450781703
1.9217889770425485
1.9208837840365016
1.921459813335599
1.921398383552253
1.9227439691549786
1.9229196273432496
1.9226969307171082
1.9229127866371105
1.9226764392227182
1.9208754363924732
1.920917219608686
1.9210107154353286
1.920720055611722
1.9209275750859511
1.9209441605346422
1.9210016475643983
1.922925179745955
1.9233077991427727
1.9234504631109828
1.9232690556186751
1.9223683358031636
1.9218662956773243
1.9223929037384362
1.9219298615185834
1.9223416555771116
1.9216130463402408
1.9221291279946475
1.9222419558229333
1.9220933012816446
1.9221169583113586
1.922051750199983
1.9220701097039994
1.9222768231268783
1.9225470738215473
1.9227492277443359
1.9228830988227597
1.922654717020836
1.9225035542145146
1.9225980343739626
1.922316320227597
1.921412067041445
1.9219876257728015
1.9219261582405867
1.9232709536678998
1.9234462563369963
1.9232235092652463
1.9234390233857703
1.9232026974032772
1.9207378713288874
1.9207795876941978
1.9208730391593225
1.9205824492417984
1.9207899331835725
1.920806693257894
1.920864238333604
1.9227879968938648
1.9231707662189859
1.923313529398222
1.9231321063976514
1.922231008374562
1.9217288557031453
1.9222555734626472
1.921792401099359
1.9222043775299116
1.9214756642091875
1.9219919066541793
1.9221047099391153
1.9219560267503597
1.921979738366587
1.9219145659015286
1.9219329527785034
1.9221395489790238
1.9224099652869384
1.9226120896348815
1.922745965141228
1.9225175975129074
1.92236651018131
1.922460971632862
1.9221792985550537
1.9212747981279972
1.9218504862601586
1.9217890241934141
1.9231340541849975
1.9233094427667057
1.9230866965783606
1.9233022954411354
1.9230659539708852
1.9205544512441068
1.9205960784748801
1.9206894707913134
1.9203989740818999
1.920606410647068
1.9206234035555632
1.9206810260258782
1.9226050864244109
1.9229880556539367
1.9231309511145402
1.9229495074362857
1.9220479051364263
1.92154560240424
1.9220724664282618
1.9216091205403938
1.9220213401336446
1.9212924880344497
1.921808944866888
1.9219217154273578
1.9217729940419794
1.9217967784402243
1.9217316535035902
1.9217500768778424
1.9219565167818846
1.9222271539074591
1.9224292388222755
1.9225631202325189
1.9223347715023362
1.9221837848037042
1.9222782213113951
1.921996602991663
1.921091772910067
1.921667633576635
1.9216061787971839
1.9229515215411281
1.9231270246729852
1.9229042796625133
1.9231199915149557
1.9228836293943636
1.920416886180521
1.9204584465603918
1.920551794515307
1.920261367711976
1.920468768744689
1.9204859362788151
1.9205436167950838
1.9224679035723202
1.9228510227301503
1.9229940174017792
1.9228125582152618
1.9219105777078247
1.9214081624300616
1.9219351361524728
1.9214716601211692
1.9218840620864452
1.9211551059033962
1.9216717235264194
1.9217844695435395
1.921635719510695
1.9216595584954526
1.9215944692051363
1.9216129199523475
1.9218192426340304
1.9220900453728507
1.922292100712821
1.9224259865509872
1.922197651994408
1.9220467407705002
1.9221411585702948
1.92185958131912
1.9209545039966194
1.9215304940639928
1.921469044750011
1.9228146220582263
1.9229902111026944
1.9227674669756274
1.9229832635703215
1.922746885961972
1.9229638767985442
1.923005950794652
1.923099817737248
1.922808184850151
1.9230163608570434
1.923032527323447
1.9230900158718298
1.9250181572000806
1.9254014147532674
1.9255442016119715
1.9253623439147454
1.9244601889367376
1.923957087851955
1.9244848309864702
1.924020880197198
1.9244333052517872
1.9237029988368457
1.9242200513190042
1.924333249981713
1.9241842688635982
1.9242078449621742
1.9241423655145358
1.9241607020326599
1.9243682868217553
1.9246388296152768
1.9248416097093441
1.924975831660068
1.9247467935545717
1.924595020766407
1.9246898065569162
1.9244072201891151
1.9235011743436738
1.9240779484066841
1.9240162998491404
1.925364114971421
1.9255396642725742
1.9253163114675205
1.925532184255714
1.9252952592483554
1.9202008012855436
1.9202428555017184
1.9203365585698002
1.9200455124389153
1.920253253181862
1.920269183131144
1.9203264739313066
1.9222499490075116
1.9226321591325888
1.9227745062158654
1.9225930819507673
1.921693421428212
1.9211915990014112
1.9217180104023428
1.921255268888052
1.9216665427637385
1.9209380247063605
1.9214537115045953
1.9215666794541304
1.9214180716309095
1.9214415314553277
1.9213761609508353
1.9213944242716243
1.9216016685034427
1.9218714035992595
1.9220737539555672
1.9222076640275294
1.9219791332836298
1.9218276211810361
1.921922211679679
1.92164022434413
1.920736532179611
1.9213118399131124
1.921250326032333
1.922594792118264
1.9227698419496064
1.922546998698132
1.922762281178371
1.9225259154583063
1.9205381443274527
1.9205801931490998
1.9206738515241326
1.9203829654176692
1.920590587452267
1.9206064528968794
1.9206636897657094
1.9225858922277204
1.922967816690585
1.923110043835109
1.922928737778773
1.9220297575622505
1.9215282838603538
1.922054332061217
1.9215919203491938
1.9220028802669982
1.9212748499435008
1.9217901642824844
1.921903069310244
1.9217545632947217
1.9217779914080053
1.921712650615281
1.92173089397316
1.9219380453257213
1.9222075601403459
1.9224097932954465
1.9225436183095646
1.9223152259370093
1.9221637849304805
1.9222583221677052
1.9219764982045884
1.9210734479530482
1.9216483557785025
1.9215868786277492
1.9229304313401303
1.9231053449524333
1.9228826406701165
1.9230977621572778
1.9228615489701113
1.921122230477263
1.9211645851697372
1.921258569857164
1.9209669007510777
1.9211750328846926
1.9211903351322472
1.9212474822626096
1.9231725215928204
1.923554653353004
1.9236968103993424
1.9235152169191918
1.9226158346840758
1.9221138025049673
1.9226404649463467
1.922177627782406
1.9225887392950864
1.9218596967999777
1.9223754317575155
1.922488631905114
1.9223399446055194
1.922363231310649
1.9222976469152449
1.9223158315457003
1.9225237694995876
1.922793227500393
1.922995940416778
1.9231300014167638
1.922901132511227
1.922749151159366
1.922843929248394
1.9225614372042326
1.921657532591009
1.922233079403785
1.9221714683792488
1.9235167447671075
1.9236916947485443
1.9234685697306662
1.9236838069806421
1.923447203308393
1.920826362711846
1.920868630067959
1.9209625705043776
1.920670941264928
1.920879065591386
1.9208946221746714
1.9209518646767498
1.9228776300499637
1.9232600569352893
1.9234023862425793
1.923220732681825
1.9223206194012605
1.9218183209197481
1.9223452506923366
1.9218821300697269
1.9222935893977329
1.9215642455461928
1.922080319044261
1.9221935074413183
1.922044748009202
1.9220681180667272
1.9220025712958242
1.922020799077861
1.9222286116950225
1.9224983639405524
1.9227010764908792
1.9228351717473762
1.9226062756161961
1.9224543711986126
1.922549142097585
1.922266650354022
1.9213622021152663
1.9219380547651315
1.9218764387845466
1.9232223323826156
1.923397442320548
1.9231742721574905
1.923389676061494
1.9231530008946027
1.9199388103924826
1.9199810759504194
1.9200750014891554
1.9197834255911796
1.919991510348188
1.920007045429917
1.920064269954884
1.9219896111233665
1.9223719427879553
1.922514232115661
1.9223326179578268
1.92143273144594
1.9209305492060624
1.9214573579119612
1.9209943472234405
1.9214057018988198
1.9206765206252399
1.9211924699702239
1.9213056373933568
1.9211569118971399
1.9211802713842867
1.9211147345173065
1.9211329556450396
1.921340737302448
1.9216104161209149
1.9218130896041725
1.9219471565080544
1.9217183065006562
1.9215664257817608
1.9216611789269271
1.9213787416408419
1.9204745073730791
1.9210502267202612
1.9209886229830186
1.9223342121232376
1.9225092766548235
1.922286152814819
1.9225015030544625
1.9222648787318712
1.920322059432475
1.920364602090426
1.9204586155786258
1.9201671101446087
1.9203750718894401
1.9203896997492078
1.9204465469019318
1.9223679376629115
1.9227489530930226
1.922890532649194
1.922709261514278
1.9218126012826378
1.9213117204317038
1.9218372063110873
1.9213755291160757
1.921785360944292
1.921057768746465
1.9215721522606604
1.9216852792208337
1.9215369154149355
1.9215599643678798
1.9214943423609796
1.9215123982924371
1.9217204711951332
1.9219889183667547
1.922191446538192
1.9223252957861072
1.922096707226231
1.9219446653410162
1.9220393752770892
1.9217571412295982
1.920855476136039
1.9214297016276216
1.9213681599100707
1.922710601400168
1.9228849757993456
1.922662172392621
1.9228767797653283
1.9226405784664453
1.9235239459618463
1.9235655487236842
1.9236585684875298
1.9233694353544077
1.923575854958038
1.923592230617521
1.9236493663343004
1.9255623219502476
1.925942765464503
1.926084588385574
1.9259041743526788
1.9250085941076276
1.9245093511731355
1.9250330308971022
1.9245725866766974
1.9249820245109608
1.924257434133351
1.9247706093887451
1.9248828428082836
1.9247350133054462
1.9247585046783584
1.9246936253616016
1.9247118665996514
1.9249175406242502
1.9251862134417428
1.9253872924710447
1.925520435237334
1.9252932810009344
1.9251428853099557
1.9252368664546564
1.9249566503398183
1.9240574659176732
1.924629817580893
1.9245686793065144
1.925906027958269
1.9260803218875826
1.9258587809820105
1.9260730693136903
1.9258380343074684
1.9241909826646408
1.924232705835529
1.9243258740236535
1.9240363576730246
1.9242430343446604
1.9242592264692089
1.9243163553282863
1.9262310546700512
1.9266117244074865
1.9267535818747694
1.9265729966743756
1.9256769129318996
1.9251772763651958
1.9257013785919601
1.9252406016068349
1.9256502587508615
1.9249250289565392
1.9254385569930448
1.925550936187791
1.9254029847512342
1.9254264379985149
1.9253614497516163
1.9253796786395843
1.925585702833543
1.9258544667642814
1.926055790420337
1.9261890675698283
1.9259616590918496
1.9258110191162228
1.9259051202097799
1.9256245633599596
1.924724721151024
1.9252975236596483
1.925236315059442
1.9265747950599956
1.926749172833355
1.9265273988401783
1.9267418142565707
1.9265065508417798
1.9224661127918128
1.9225079696645053
1.9226012265756667
1.9223115704128726
1.9225183181494176
1.9225341610227051
1.9225911737898747
1.924505420374232
1.9248857902550607
1.9250274493002921
1.9248468951164237
1.9239515677891033
1.923452156313554
1.9239760391435379
1.9235155224452831
1.9239248148452617
1.9231997932186458
1.923712999673982
1.9238254279554272
1.9236775338138041
1.9237008778880587
1.923635818348524
1.9236539924905758
1.9238602511292515
1.9241286838334994
1.924330066639246
1.924463334932891
1.924235898107706
1.924085107182632
1.9241792456919802
1.9238986067050454
1.9229992589779192
1.9235718026849336
1.9235105831537878
1.9248485940258
1.9250227999739358
1.9248010242139497
1.9250152701458403
1.9247800377065627
1.921129879858287
1.9211721033526563
1.921265850229705
1.920974884389969
1.9211825220388803
1.9211978788120312
1.9212549249374293
1.9231756753134337
1.923557009526014
1.9236988921486344
1.9235177062535078
1.9226201881278808
1.9221192470307926
1.9226447605692378
1.922182915774553
1.9225931800617047
1.9218657524510703
1.9223803897089926
1.9224933182378345
1.9223449564873558
1.9223682178958494
1.9223028018541217
1.922320958908839
1.9225283609348516
1.9227972872600276
1.922999521147244
1.9231332776483394
1.9229049397270714
1.9227533448519882
1.9228478964693236
1.922566071905009
1.9216641089045337
1.9222384050558092
1.9221769378171538
1.9235192561091135
1.923693849808426
1.923471235816468
1.9236860239955749
1.9234499537976917
1.9220414394522167
1.9220833721666906
1.9221767479277863
1.92188675515154
1.9220937362677877
1.922109512023227
1.922166556629998
1.9240826978593086
1.9244633939155193
1.9246051536476465
1.9244244179574377
1.9235283349943075
1.9230284548561614
1.9235528333212033
1.9230918970959374
1.923501530387029
1.9227757999544655
1.923289466384636
1.9234020240790555
1.9232539889054021
1.9232773312450337
1.9232121865395693
1.9232303665801782
1.9234368972399747
1.923705531466298
1.9239071391822353
1.9240405448110307
1.9238128631933356
1.9236618783000958
1.9237561242863699
1.923475171943491
1.9225750016023047
1.923148082421927
1.9230867962085998
1.9244260948055918
1.9246004418728482
1.924378433614194
1.9245928631256306
1.9243573919526131
1.9216626211338157
1.9217046519737055
1.9217981613719075
1.9215078086801822
1.921715035020284
1.9217306854493315
1.921787742547052
1.9237057029617488
1.9240866752172405
1.9242285025659218
1.9240475905387933
1.9231508780090454
1.9226505667234957
1.923175404257465
1.922714091886333
1.9231240052778635
1.9223976007339687
1.9229116735421128
1.9230243688306234
1.9228762021740953
1.9228995245835991
1.9228342828300986
1.922852459644946
1.923059301399983
1.9233280819439662
1.923529924428376
1.9236634659163485
1.9234355347816074
1.9232843307619614
1.9233786904611263
1.9230974110727836
1.9221965005311723
1.9227700753298012
1.92270872061247
1.9240492287463509
1.92422368829519
1.9240014472433995
1.9242160320869666
1.9239803273427938
1.9223296578366105
1.9223718090855497
1.922465466908031
1.9221747309987989
1.9223822144069065
1.9223976813010188
1.922454731541038
1.924374435681552
1.9247556341602239
1.9248974960551173
1.9247164128604892
1.9238191968333176
1.9233184919155561
1.923843751952323
1.9233821068164707
1.9237922395177645
1.9230651955571572
1.9235796211464125
1.9236924622101301
1.923544173619883
1.9235674579037552
1.9235021072201128
1.9235202716848794
1.9237274636092758
1.9239963352665048
1.9241984223776685
1.9243320982488428
1.9241039128725226
1.9239524645682278
1.9240469442162493
1.9237653240929244
1.9228637557645227
1.923437781408556
1.9233763563653974
1.9247179958480773
1.9248925392409626
1.9246700651015676
1.9248847770298465
1.9246488438771048
1.922013052432947
1.9220551627109697
1.9221488207544717
1.921858024766347
1.922065563625051
1.922081189939363
1.9221383148309066
1.924059018300019
1.9244405071723683
1.9245825151671136
1.9244013428278028
1.9235034211248907
1.923002408693475
1.9235279839958805
1.9230660322295599
1.923476495817458
1.9227490573116948
1.9232638384008414
1.9233767050501758
1.9232283294898187
1.9232516713054555
1.9231863245781797
1.9232045206001918
1.9234116962958543
1.923680825216041
1.9238829707447795
1.9240167062731315
1.9237884380983172
1.923636992713129
1.9237314953968316
1.9234497937375903
1.922547632639933
1.9231220111565344
1.9230605652703379
1.9244029700448981
1.9245776615255508
1.9243550953289872
1.9245699710808188
1.924333925914307
1.9222838028154146
1.9223259317807204
1.9224195748160289
1.9221288622088242
1.9223363337727806
1.9223518588754365
1.9224089284641068
1.9243287080641882
1.9247099565189614
1.9248518514841966
1.9246707631201483
1.9237734210237838
1.9232726785908294
1.9237979751937266
1.9233362866767287
1.9237464801686976
1.9230194015134727
1.9235338806995896
1.9236467135821906
1.923498415442788
1.9235217179221646
1.923456379120628
1.9234745527097141
1.9236817055599915
1.9239506324216349
1.9241527096745172
1.924286387021666
1.9240582063698795
1.9239067832238266
1.9240012566358828
1.9237196502020768
1.9228179994600405
1.923392068237675
1.9233306450163397
1.92467236268711
1.9248469347175323
1.924624460872606
1.9248392010483018
1.9246032627329743
1.9223547752195593
1.9223969951175774
1.9224907121992598
1.9221998530424713
1.9224074115524838
1.922422725322522
1.9224797354936982
1.9243996374602397
1.9247807812313449
1.924922583894797
1.9247414768055116
1.92384441221724
1.923343703603421
1.9238689750084867
1.9234073500819804
1.9238174050638779
1.9230903026091635
1.9236046915609182
1.9237175781419102
1.9235692842632306
1.923592524530968
1.923527128297085
1.9235452720431967
1.923752612149704
1.9240213916207516
1.9242235473738298
1.9243572471696961
1.924129001495991
1.9239774540182841
1.9240719701280073
1.9237902544786483
1.9228887194201583
1.9234627489660692
1.9234013062140978
1.924743015590357
1.9249175184769773
1.9246949971311251
1.9249096779815125
1.924673709472228
1.921288182560119
1.9213304265399467
1.9214241733064847
1.9211332375061951
1.9213408474298082
1.9213561244928592
1.9214131332924953
1.9233333840042004
1.9237145730199419
1.9238563825926362
1.923675241269851
1.9227780759820945
1.9222772886418331
1.9228026445474584
1.922340953068008
1.922751051911858
1.9220238215738017
1.922538281081778
1.922651196817812
1.9225028785523883
1.9225261111949992
1.9224606931750883
1.9224788344511825
1.9226862445915627
1.922955042285259
1.9231572469636882
1.9232909736361947
1.923062677114174
1.922911080779538
1.9230056208790323
1.9227238370826762
1.9218221704668286
1.92239629018182
1.9223348333646832
1.9236767690107026
1.9238512886661316
1.9236287207027587
1.9238434269700886
1.9236074127790903
1.922763090665613
1.9228053961018166
1.9228991425368238
1.9226082968548726
1.9228158236025918
1.9228308615353427
1.9228877583576924
1.9248065100764993
1.9251872635017249
1.9253288539246407
1.9251478463188805
1.9242517395447347
1.9237514134749545
1.924276296482122
1.9238150649483736
1.9242246674623174
1.9234980289419947
1.9240119552001351
1.9241248325577438
1.9239766447474849
1.923999791092449
1.923934367137987
1.9239524610782142
1.9241598955616956
1.9244283073609543
1.9246304244130217
1.9247640615997617
1.924535889275482
1.9243842885621862
1.9244787941081587
1.9241971326156777
1.923296355153713
1.9238699455598522
1.9238085200072719
1.9251493077154709
1.9253236052392495
1.9251011753616292
1.9253156358936296
1.9250797897232867
1.926430127368408
1.9264725532136608
1.9265664480729476
1.9262752191734895
1.9264830029892144
1.9264978573870304
1.926554747351678
1.9284752427963026
1.9288562224447086
1.9289978474138363
1.9288166686405774
1.9279200583690068
1.9274193386670146
1.9279446441769796
1.9274830798785112
1.9278929017022186
1.9271656237651835
1.9276799028044351
1.9277929259372508
1.9276446161932732
1.9276677244126053
1.9276021915280017
1.927620273118147
1.9278280577709885
1.9280965606834928
1.9282989223623144
1.9284326939322562
1.9282042673663962
1.9280524223684532
1.9281470478632818
1.9278650456358188
1.926963610387064
1.9275376516386074
1.9274761557601996
1.9288180748171972
1.9289924561850214
1.9287697932197967
1.9289843808365106
1.9287483062575976
1.9226047879637813
1.9226470729145266
1.9227408194600442
1.9224499437386466
1.922657498211664
1.922672615854515
1.9227295500026265
1.924648801385733
1.925029700007797
1.9251713634806393
1.9249903113025373
1.9240938516905213
1.9235933718639138
1.9241184125039013
1.9236570276549185
1.9240667956121642
1.9233399598192638
1.9238540638273496
1.923966953977766
1.9238187226824526
1.923841897793299
1.9237764758170208
1.9237945855358707
1.9240020119049843
1.9242705523357229
1.9244726985965772
1.9246063656119061
1.9243781518883791
1.9242265526346367
1.9243210696984498
1.9240393674380107
1.923138293591418
1.9237120604338414
1.9236506244597422
1.9249917948138815
1.9251661663815431
1.9249436904753385
1.925158232919116
1.9249223307418877
1.9231714061116667
1.9232137970860557
1.9233075728743871
1.9230167406672738
1.9232242356526998
1.923238997748164
1.9232957812216867
1.9252133826927587
1.9255937457721048
1.9257351239544853
1.92555421583225
1.9246590668722294
1.9241591233464879
1.9246836179557572
1.9242227798147673
1.9246319298607573
1.9239057552748264
1.9244192188393523
1.924532086973577
1.9243840052317398
1.9244070576539303
1.9243416059788896
1.9243596501132323
1.9245671789736873
1.9248352231011572
1.9250373014522135
1.9251708760298276
1.9249427770549725
1.9247911231060881
1.9248856180883098
1.9246040107527078
1.9237039908872684
1.9242771421536358
1.9242157338004462
1.9255555998405842
1.9257296920015212
1.925507353592133
1.925721593805747
1.9254858699743451
1.9228799180909528
1.922922336743503
1.9230161720120573
1.9227251564784948
1.9229327820164215
1.9229475504080111
1.9230043684642153
1.9249231670899138
1.9253037658553707
1.9254452309061612
1.9252642097445853
1.9243685065477247
1.9238682518122712
1.924393073055479
1.9239319484933668
1.9243413517065644
1.9236147240813706
1.9241285065082863
1.9242414457454027
1.9240932717450225
1.9241163376828423
1.924050844413929
1.9240688993868618
1.924276560200693
1.9245447694049411
1.9247469748154862
1.9248806329749697
1.924652390904236
1.9245006407010454
1.9245951951806504
1.9243134107830968
1.9234128314183134
1.9239863394591268
1.9239248925540875
1.9252655937796856
1.9254397935221241
1.92521731584911
1.9254316888083856
1.9251958176066708
1.9206473733486573
1.920689926795663
1.9207840296699614
1.9204922041871013
1.9207004033486301
1.9207151602177368
1.9207721152331267
1.9226960512224947
1.9230776379770298
1.9232194574107073
1.9230379498582666
1.9221399290145609
1.9216383507138184
1.9221645629933388
1.9217022261937924
1.9221126859377735
1.921384118272185
1.9218992467048832
1.9220124995086068
1.9218639320873117
1.921887044462524
1.9218213630320888
1.9218394588893661
1.9220477175505764
1.9223166052845826
1.9225193678584342
1.9226533872220373
1.9224245219194722
1.9222723378421278
1.9223671543010372
1.9220845935086812
1.9211816445891647
1.9217566698968431
1.9216950547192386
1.923039322956436
1.9232139697936912
1.9229908884486515
1.9232058178075153
1.9229693114428357
1.9204595735191727
1.920501922817119
1.9205958628114965
1.9203043537298319
1.9205123671550977
1.9205276048979831
1.9205846980970123
1.9225084648130288
1.922890310911001
1.9230323480185862
1.9228508727471985
1.9219521708181146
1.9214504873639104
1.921976786605221
1.921514279243548
1.9219250767983458
1.9211965220371179
1.9217118845354038
1.921825021761228
1.9216764362693317
1.9216996912633277
1.9216341365796905
1.9216523012472362
1.9218601463218656
1.9221293840414795
1.9223319797566571
1.9224659556987984
1.9222372251646067
1.922085314908811
1.9221800397364204
1.9218977110646913
1.9209944483644465
1.9215695952691747
1.9215080209746653
1.9228523839889737
1.9230271977513715
1.9228042117026514
1.923019287959549
1.9227828368201978
1.9260676669435495
1.926110029534251
1.926203909827386
1.925912644151063
1.9261204715732325
1.926135543599792
1.9261925275646152
1.9281140977974065
1.9284954178155909
1.9286372219549128
1.9284559488675497
1.9275585068510463
1.9270574421202076
1.9275830994619412
1.927121185151859
1.927531398652845
1.926803691476036
1.9273183796120406
1.927431420149357
1.9272830138861134
1.9273061978327146
1.927240680786584
1.9272588030582944
1.9274665324082818
1.9277353477881596
1.9279377580262738
1.9280715907293675
1.9278430860895481
1.9276912691689527
1.9277859114634974
1.9275038413896362
1.9266017309579917
1.9271761682157051
1.927114653316083
1.928457415853051
1.92863197394618
1.9284092192182551
1.9286239989059377
1.9283878071506697
1.921409389730162
1.9214518619408596
1.9215458012721742
1.9212544724271876
1.9214623195006653
1.9214770789829505
1.9215339482274065
1.9234547169576266
1.9238356918745676
1.9239772906825963
1.923796082845258
1.9228994979433953
1.9223987370301532
1.9229240904745477
1.92246250300428
1.9228723078992653
1.9221449367735053
1.922659232772118
1.922772293241092
1.9226239686595255
1.922647051058227
1.9225814845054896
1.922599554501299
1.9228074482621316
1.9230759141928697
1.9232783346553242
1.923412131625932
1.9231836494872223
1.923031730474108
1.9231263861946732
1.9228443021306945
1.9219428177382167
1.9225169060252392
1.9224553942598426
1.92379746139851
1.9239718308976062
1.923749121020392
1.923963705806631
1.9237275907085907
