1.9087840721309703
1.9089061131383263
1.908252026655006
1.9085972129172883
1.9085283938182491
1.9087915614318847
1.9092364244304523
1.90863200917446
1.9085719110852821
1.908646353570038
1.9083653540652443
1.9084888205238795
1.9087230770163772
1.9073265014307579
1.9076441774051602
1.9074172244986927
1.9073566993476558
1.9074071270529644
1.9075253385180229
1.9075013198396988
1.9076541654962265
1.9074033532216375
1.9074324529257345
1.906740090326206
1.9068062396139733
1.9064020536805135
1.9063414674809467
1.906365217831127
1.9068093820161076
1.9064593295691594
1.9065837863889832
1.9073472216061578
1.9071379725811677
1.9078504777002934
1.9078088713321892
1.9075010928785276
1.9078138570000676
1.9076767065515063
1.9073693940085175
1.90481244563321
1.9049343810737474
1.9042803011615497
1.9046255335881734
1.904556779726472
1.9048199628096325
1.90526482002324
1.9046604460904193
1.9046004237105267
1.9046747830963586
1.9043939881742271
1.9045174058440437
1.9047516180539774
1.9033550613665826
1.9036725104702792
1.9034455262060481
1.9033850771257068
1.9034355854624174
1.9035536911321531
1.903529773019031
1.903682554972995
1.9034318868361462
1.9034610464954573
1.9027686489029902
1.9028346289743003
1.9024304434583736
1.902370008864436
1.902393912653439
1.9028378748614214
1.902487972721351
1.9026123804228585
1.9033759058982243
1.9031666580535034
1.9038787926854328
1.9038373290623665
1.9035297991531088
1.903842538451891
1.903705415721688
1.903398110095489
1.9052864228171542
1.9054081602857968
1.9047546870015546
1.9050996396179762
1.9050310020311956
1.905293955760055
1.9057383993194108
1.9051346145918187
1.905074708979156
1.905148932406533
1.9048685620424586
1.904991826566982
1.9052257874463248
1.9038305299587905
1.904147502677555
1.9039207015656288
1.903860369938783
1.9039108974382581
1.90402880847084
1.9040049941554436
1.904157583837723
1.9039072633917467
1.9039364450190428
1.9032446554666218
1.9033104372253677
1.902906623608602
1.9028463679028886
1.902870374540873
1.903313764314164
1.9029643061073833
1.9030885594854348
1.9038514564929023
1.903642401965609
1.9043535805535248
1.9043122711709204
1.9040052261597438
1.9043176577702337
1.9041806836431803
1.9038736661436155
1.9059846247789771
1.9061064414454743
1.9054525670281564
1.9057977292668837
1.9057290467821577
1.9059921611486466
1.9064368775850236
1.9058327207155321
1.9057727751126923
1.9058470476295764
1.9055664965181294
1.9056898387451044
1.905923945036893
1.9045278308652311
1.9048450077385974
1.9046180688462524
1.9045576969524238
1.904608251992424
1.9047262398854472
1.9047024066541676
1.9048550926662882
1.9046046124952671
1.904633809454847
1.9039415970459261
1.90400742640482
1.9036033650640463
1.903543065902332
1.9035670806937395
1.9040107511016595
1.9036610720927902
1.9037854037939879
1.90454876490915
1.9043395820937064
1.9050512128006996
1.9050098719636395
1.9047026279592776
1.905015252283917
1.9048781929472764
1.904570986821683
1.9053441388877994
1.9054659225362396
1.904812545428315
1.9051574167864465
1.9050887496508164
1.905351653551815
1.9057960325075152
1.9051923149884156
1.905132372054994
1.9052066351468218
1.9049261821054264
1.905049457697349
1.9052834099001827
1.90388835477229
1.9042054182465957
1.9039786711783762
1.9039183020740913
1.9039687722938088
1.9040867302333568
1.9040628577936802
1.904215463207601
1.9039650926067986
1.9039942329290154
1.9033025709613056
1.9033684465803011
1.9029646946335788
1.902904355038347
1.9029282637387113
1.903371709588969
1.903022212640912
1.9031464771371247
1.903909201706299
1.9037001785133754
1.904411475626019
1.9043700848913803
1.9040629342882474
1.9043753332344235
1.9042383630857935
1.903931388419741
1.9058905034265912
1.9060122111562432
1.905359581655188
1.9057040282335118
1.9056354004308598
1.9058979925010031
1.90634186378945
1.9057388156267308
1.905678895624758
1.905753123804269
1.905472869013618
1.9055960324557562
1.905829742454517
1.9044362806168358
1.9047531172748728
1.9045266501033997
1.9044663042011043
1.9045166673482494
1.904634553908754
1.9046106477977827
1.9047631163887622
1.904512946177722
1.9045420165326985
1.903851171478571
1.903917074183604
1.9035137864323421
1.9034534240882421
1.9034772120117467
1.9039202705312617
1.9035710842511417
1.9036952356602985
1.9044570279750386
1.9042482445109632
1.9049589486102836
1.9049175187155352
1.9046105703503462
1.9049226250231395
1.9047857955861145
1.9044791698385708
1.90651680256665
1.9066385960977674
1.9059854660017574
1.9063301803785067
1.90626150460809
1.9065242994089615
1.9069685110705643
1.9063650028958676
1.9063050423698336
1.9063793215238636
1.9060988663718292
1.9062221208434298
1.9064560070724272
1.9050614767418639
1.9053785402343153
1.905151896917599
1.905091510190412
1.9051419178421378
1.905259887253779
1.9052359700686035
1.9053885511090654
1.905138199258936
1.905167296273669
1.9044759182747995
1.9045418593279595
1.9041382619738796
1.9040778642604825
1.9041016815556189
1.904545065621295
1.9041956221269245
1.9043198653002242
1.9050822490318564
1.9048733053551261
1.9055845282923942
1.905543076922706
1.9052359108840864
1.905548203346721
1.9054112708625066
1.905104410197027
1.9065660023247089
1.9066875450550413
1.906035817282016
1.9063797864396104
1.906311251502667
1.9065734802044525
1.9070167382427226
1.9064145222338806
1.9063546827461453
1.9064288108616299
1.9061489371797355
1.9062719318899588
1.9065053202460382
1.9051137835853669
1.9054301892543881
1.9052040360085767
1.9051437711981558
1.905194062300194
1.9053117891491216
1.9052879130282363
1.9054401728398935
1.9051903439929865
1.9052193723559239
1.9045294831030384
1.904595299859797
1.90419256943536
1.9041322859165593
1.9041560363150074
1.9045984886537326
1.9042497803899516
1.9043737617118193
1.9051344985019727
1.9049260035387021
1.9056357366809975
1.9055943597156453
1.9052878280170722
1.9055994521858746
1.9054628110056269
1.9051566088020455
1.9065376288224698
1.9066592771196214
1.9060075427754728
1.906351465768725
1.906282865594445
1.9065450788267053
1.9069883426499352
1.9063860853179213
1.9063261701209004
1.9064003813353096
1.906120303070753
1.9062433465697952
1.9064767792084383
1.9050852236495426
1.9054018561892698
1.9051757343012217
1.9051153934201055
1.9051656038907412
1.9052834365349915
1.9052594598489048
1.905411783363125
1.9051618103784775
1.9051907787862017
1.904500924526254
1.90456691049947
1.9041641796575
1.9041037445330697
1.9041273414926956
1.904569995808419
1.9042211372377607
1.9043451676779444
1.9051058142099064
1.9048973180663673
1.9056074216958587
1.9055659019854685
1.9052591217424912
1.9055707707340517
1.905434101835446
1.9051278927150743
1.907212643187504
1.9073339978286188
1.9066831236954644
1.9070266560614733
1.9069582287646645
1.9072201190120222
1.9076627961019423
1.9070613786427322
1.907001638329614
1.907075646548846
1.9067961953143693
1.9069190157589782
1.9071520868106306
1.905762374147148
1.9060783034493838
1.9058524371073806
1.9057922721275529
1.9058425198243643
1.9059600635082308
1.9059362464395726
1.9060882896060853
1.905838827200725
1.905867834224163
1.9051788369801639
1.9052445208585227
1.9048423169258892
1.9047821541771468
1.9048059160193491
1.9052477341388017
1.9048995232619965
1.905023328937495
1.905783096422208
1.9055748742925587
1.9062835772154645
1.9062422938555257
1.905936231619546
1.9062474416165145
1.9061109867038324
1.905805186627458
1.9069397031846496
1.9070611601135177
1.906409932935446
1.9067536342946154
1.906685147325437
1.9069471732964938
1.9073900909616077
1.9067883349647443
1.9067285360010693
1.9068026131420346
1.906522939821524
1.9066458435022846
1.9068790556281277
1.9054885874603387
1.9058047662949462
1.9055787891943776
1.905518565208848
1.9055688118063054
1.9056864558040958
1.905662590757415
1.9058147381195902
1.9055650909117716
1.9055940926149535
1.9049047363068101
1.904970514715441
1.904568093893822
1.904507845744319
1.904531566771135
1.9049736935636994
1.9046252425141685
1.9047491320718934
1.9055092774451543
1.9053009426945389
1.9060101569988868
1.9059688015084746
1.9056624874833321
1.9059738738622927
1.9058373357292349
1.9055313684435886
1.9074283516527966
1.9075496864830779
1.906899110735559
1.9072424685732108
1.9071740504858599
1.9074358144539225
1.9078782890554378
1.9072771352064624
1.9072173964949952
1.9072913990591929
1.9070120066667477
1.9071347871303248
1.9073677657286046
1.9059786884913843
1.9062945497541828
1.906068798506655
1.9060086352005534
1.9060588320051952
1.9061763577169761
1.90615251712328
1.9063045119308728
1.9060551152676435
1.906084088308664
1.9053954213293913
1.9054611329638118
1.9050591146676088
1.9049989276587562
1.905022625846332
1.9054643092311874
1.9051162075908694
1.905239972943377
1.9059993585004973
1.90579123214436
1.906499734910656
1.9064584216121698
1.9061524154169278
1.9064634901868192
1.9063270887869428
1.9060214275862926
1.906854098144849
1.9069757431174552
1.906324454708979
1.906668104368611
1.906599501699182
1.9068615216451192
1.9073044831819808
1.9067026109345266
1.906642679212661
1.9067169027192497
1.9064368615720744
1.906559857296774
1.906793162325999
1.90540255518194
1.905719142380189
1.905493200973294
1.905432843585093
1.9054829575596246
1.9056007896945775
1.9055767525796332
1.9057290194811145
1.9054791090752283
1.905508011520523
1.9048186614058997
1.9048847313173214
1.9044822788256142
1.9044217694096113
1.9044452325275916
1.904887735235669
1.9045390029430218
1.9046629851782986
1.9054230362543234
1.905214683475985
1.9059245794923614
1.905882979187891
1.9055762208699183
1.9058876732265517
1.905751077667566
1.9054450751315837
1.906681434465998
1.9068030695559273
1.906151534135536
1.9064953407765506
1.906426746741908
1.9066888757879723
1.907132004618932
1.9065299230270747
1.906470008897821
1.9065442163422073
1.9062641773056717
1.906387194150693
1.9066205651537542
1.9052294332123665
1.9055460203924692
1.9053199752340715
1.9052596354687723
1.9053098120112952
1.9054276326741553
1.90540364030471
1.90555593157965
1.90530600242309
1.9053349481758692
1.9046453140924058
1.9047113185696622
1.904308711485313
1.9042482601874757
1.9042718147106843
1.9047143792033427
1.9043655934570092
1.904489597015199
1.9052499889287657
1.9050415566342347
1.9057515268259861
1.9057099871565648
1.9054032442740787
1.9057148031142543
1.9055781698908527
1.9052720533542977
1.9070267618236998
1.9071484166789823
1.9064973752824226
1.9068408679606708
1.9067722566564556
1.9070341675022664
1.90747696174503
1.9068752988419784
1.9068153495275004
1.9068895890962918
1.9066095458384775
1.9067325204428551
1.9069657594982432
1.9055756771515138
1.9058922643679082
1.9056664267125167
1.9056060517014142
1.9056561031079535
1.9057739467149994
1.9057498648545566
1.9059021073825784
1.9056522157273665
1.9056810748651767
1.9049920087193932
1.9050581440649799
1.9046558461659153
1.9045952786317464
1.9046186503444997
1.905061091267995
1.9047124124290347
1.9048363733413984
1.905596083579881
1.905387810317736
1.9060976321587364
1.906055971219217
1.9057491974657577
1.9060605433388493
1.9059239854442793
1.9056180969088694
1.9076880739706983
1.9078096166100709
1.907159473655979
1.9075024658313264
1.9074339147741524
1.9076954545168419
1.9081376384019086
1.9075367869911486
1.9074768803362658
1.9075510613904927
1.9072712969501036
1.9073941272169765
1.9076270667709647
1.906238900152133
1.9065551698148646
1.9063296617640166
1.9062693298094402
1.9063192688551727
1.9064370056483018
1.9064129034953452
1.9065649690953257
1.906315346735377
1.9063441339035414
1.9056560410554684
1.9057221750610096
1.9053204342800034
1.9052598697683185
1.9052831272366044
1.9057250629678093
1.9053767869917493
1.9055006023759817
1.906259211960782
1.906051226609308
1.9067602627368814
1.9067185833542388
1.9064121019951927
1.9067230297756734
1.9065866462787013
1.9062811778288589
1.9072424702889925
1.907364105333442
1.9067133623225174
1.9070566804724085
1.9069880783776507
1.9072498629441665
1.9076924546985248
1.9070910554057083
1.9070311076928812
1.9071053416066388
1.9068253571908556
1.9069482918142016
1.9071814384162171
1.905791991495749
1.9061085106727071
1.9058827881117908
1.905822414774414
1.9058724152887843
1.905990240923745
1.905966135538264
1.906118329707366
1.905868503794285
1.9058973289496777
1.9052085930686207
1.9052747561702683
1.9048726439076347
1.9048120521133556
1.9048353601714827
1.9052776663603808
1.904929096757908
1.90505301734728
1.9058123456581701
1.9056041681695373
1.9063137898539282
1.906272098975861
1.905965381263139
1.9062765919091536
1.90614008752739
1.905834337867704
1.9078318796142266
1.907953409046377
1.9073034650160423
1.9076463408391513
1.9075777959216156
1.907839251478109
1.9082813003709054
1.907680624700302
1.9076207191131864
1.9076948963973908
1.9074151711850225
1.907537974797874
1.9077708527162804
1.9063831097149562
1.9066993340180638
1.906473902696866
1.9064135718581072
1.9064634769757258
1.9065812017874657
1.9065570839511499
1.9067091173118504
1.906459538779989
1.9064883032932085
1.9058004306216203
1.905866583131202
1.9054649661078165
1.9054043854227245
1.905427600454593
1.905869446362733
1.9055212432109976
1.905645031713236
1.9064033866796415
1.906195465177175
1.906904367867009
1.906862668525335
1.9065562245267804
1.9068670621558759
1.9067307143341083
1.9064253384680825
1.9056828267408006
1.9058047226051518
1.9051504470547582
1.9054958189157907
1.9054270915331197
1.905690366537239
1.9061353558506366
1.9055308268392452
1.9054708412462287
1.9055451628526205
1.9052644309937998
1.9053878509232274
1.9056221026274616
1.904225131771671
1.9045425127996392
1.9043154361268764
1.904255023966065
1.90430560654659
1.9044236713000544
1.9043998191528915
1.9045526014948537
1.9043019615987882
1.904331173890651
1.9036385386252304
1.9037044155842713
1.9033001065194903
1.9032397639017749
1.903263786846606
1.903707737889155
1.9033578380781975
1.9034822481025413
1.9042460733253979
1.9040367622218037
1.9047488450478742
1.9047074727563584
1.9044000297588117
1.9047128467975998
1.9045757022513716
1.9042683074997515
1.9047556986287317
1.9048778452029063
1.9042237521484628
1.904568892246404
1.9045000079100272
1.9047631600541375
1.9052080288376654
1.9046035722585009
1.9045433984600373
1.904617924043718
1.9043367199562617
1.904460235203717
1.9046945359787772
1.903297941494934
1.903615844340042
1.9033889227913379
1.9033283215696055
1.903378668643512
1.9034969859038928
1.9034728666603675
1.9036257760194586
1.9033748196071294
1.903403859356013
1.9027115317494216
1.9027778502536474
1.9023736639026538
1.9023129260974572
1.9023365230088156
1.9027808891707938
1.902430686416969
1.902555192355109
1.9033185373140917
1.9031092871088329
1.9038221627151548
1.9037804136020129
1.9034723866039474
1.9037851755482453
1.903647997381326
1.903340677921547
1.9046118929852036
1.9047340527666003
1.9040797607884
1.9044250172385788
1.9043561267625642
1.9046193630928707
1.9050643668686686
1.9044597345493472
1.9043995596831167
1.9044740890368201
1.9041928457213426
1.9043163876228193
1.9045507500334613
1.9031537319321101
1.903471680136843
1.9032446818584887
1.9031840795209387
1.9032344605229585
1.9033527897647293
1.9033286862045624
1.9034816278029332
1.903230627562517
1.9032596899663459
1.9025671421832697
1.9026334421834545
1.902229132074841
1.9021684104430512
1.9021920497908267
1.9026365057758696
1.9022862301977206
1.9024107630178542
1.9031743625952324
1.9029650485409655
1.9036780575850272
1.9036363284309166
1.9033282640723594
1.9036411431680422
1.903503929325919
1.9031965172823238
1.9052240053741423
1.9053463037404141
1.9046915078816982
1.9050370090481308
1.9049680379856828
1.9052314693119554
1.9056768163533895
1.905071703360504
1.9050114501155704
1.905086071993255
1.904804526025063
1.904928183350411
1.905162744132572
1.9037646480892265
1.9040829365637262
1.90385577781901
1.903795096621221
1.9038454818121207
1.903963946802689
1.9039397818857178
1.9040928677848523
1.9038416138364773
1.9038706729224553
1.9031776096911062
1.9032440326476472
1.9028394127274488
1.9027785799235468
1.9028021719235428
1.9032470544432465
1.902896446497408
1.9030210956408427
1.9037852415060175
1.903575766648961
1.9042894797745684
1.9042476577729988
1.9039392514688087
1.9042523807657128
1.904115050017221
1.9038073995972944
1.9075835194829636
1.9077057848311794
1.907051486281856
1.9073966965676936
1.9073277408543414
1.9075909617151225
1.908035971275881
1.9074312976333874
1.907371047057872
1.9074456595104994
1.9071642116123597
1.9072878023026552
1.9075222089958612
1.9061251719962857
1.9064433470717241
1.906216380151133
1.906155701742888
1.9062060021135052
1.9063244371505987
1.9063002330252303
1.9064532383261648
1.906202093948008
1.9062310963966234
1.9055385836064855
1.9056050528231276
1.905200742296981
1.905139869059562
1.9051633549685143
1.905608012930556
1.9052575870455293
1.9053821689839792
1.9061456783031658
1.90593636306863
1.9066497425998878
1.9066078707007394
1.906299557797778
1.906612461716219
1.9064752201557376
1.9061678011953518
1.9071066964249666
1.9072285130005031
1.9065762234021193
1.9069204086585996
1.9068517100536424
1.9071141354610361
1.9075577777442103
1.9069549854728
1.9068949727028126
1.9069692981584396
1.9066888562884972
1.9068120340721222
1.9070456915618195
1.9056529474319965
1.9059699882990735
1.9057436946016921
1.9056832555637082
1.9057334585474022
1.9058514563846278
1.905827397121276
1.9059798889217203
1.9057296152376575
1.9057585710024638
1.9050681549983564
1.905134301606032
1.9047312299086896
1.904670649754091
1.9046941716153365
1.9051373254157358
1.9047880786945879
1.9049122444581503
1.9056734783679596
1.905464805164312
1.9061757388565832
1.9061340956022326
1.9058269019373981
1.9061388298737156
1.9060020282203505
1.9056955558484967
1.9066175634237366
1.9067393734411417
1.9060863908951695
1.906431006466654
1.9063623189916317
1.9066250467854748
1.9070691586491153
1.9064657719487428
1.906405793296213
1.9064800903974566
1.9061996135207728
1.906322860199062
1.9065567112720145
1.9051624939300256
1.9054795801204352
1.905253002190397
1.9051925972823995
1.90524295933019
1.9053609462046193
1.9053369921156242
1.905489564902267
1.9052392098887687
1.9052682749234888
1.9045770708052174
1.9046430680405222
1.9042395634002747
1.9041791156554146
1.9042028627635323
1.9046462299561597
1.9042968035033134
1.9044210387946967
1.9051832089979845
1.9049743129129428
1.9056855283937055
1.9056440263684842
1.905336826214132
1.905649057268917
1.9055121446115166
1.9052053516547018
1.9067471823161453
1.9068690319097379
1.906216245001961
1.906560721139037
1.9064920071849838
1.9067546430578683
1.9071986228217181
1.9065953911999163
1.906535375760511
1.9066097106411943
1.9063291707011998
1.9064524151198778
1.90668622669853
1.905292423524937
1.905609577791075
1.905383092269569
1.905322650442041
1.9053729382460174
1.9054909660367179
1.905466945981763
1.9056195183804074
1.9053691351261264
1.9053981475282953
1.904707181082977
1.9047732814305511
1.9043699003391577
1.904309360618076
1.9043329885703648
1.9047763669284266
1.9044269381464662
1.9045511711150136
1.9053130415708106
1.9051042087446428
1.9058154760312638
1.905773882674492
1.9054665956084287
1.9057787489232088
1.9056418580818328
1.9053351542504386
1.9053734814562044
1.9054954168512623
1.9048421293485314
1.905186873284032
1.9051181113622144
1.9053809499658272
1.9058252701028329
1.9052215784690534
1.9051615225055871
1.9052359083607902
1.9049551680594117
1.9050785035075524
1.9053124913164405
1.9039176196499659
1.9042350007505178
1.904008339083768
1.9039478564313486
1.9039981887399067
1.9041162993817435
1.9040922682525854
1.9042449531007113
1.9039943882073416
1.9040234272692658
1.9033319278792051
1.903398066574907
1.9029943758806953
1.902933800790316
1.9029574581142377
1.9034011620184599
1.90305147602225
1.9031758007549395
1.9039382626276293
1.9037292695888062
1.9044410557133749
1.9043994408816631
1.9040919361421693
1.9044043272467903
1.9042673333582254
1.903960394608896
1.906847943173232
1.9069698092531122
1.9063171698953725
1.9066615472271844
1.906592821568526
1.906855390434382
1.9072992704002691
1.9066961602527919
1.90663612668689
1.9067104795147882
1.9064299178501438
1.90655315447551
1.906786930898117
1.905393440713099
1.9057106176771954
1.9054841975423673
1.9054237375340284
1.9054739797340696
1.9055920249875584
1.9055679680287843
1.9057205321736097
1.9054701457559586
1.9054991261781156
1.9048083336133945
1.9048744901431138
1.9044712017655523
1.9044106120130082
1.9044341697782785
1.9048775312632908
1.9045281195228552
1.9046523446094858
1.905414001536939
1.9052052163024595
1.9059164761325749
1.9058748321202703
1.9055675109384744
1.9058796028454048
1.905742731830843
1.9054360957081133
1.9059345172791993
1.9060564526287767
1.905403957535513
1.90574821297989
1.9056794429979567
1.9059419371220216
1.9063857201824261
1.9057827108476875
1.905722621300647
1.9057970336252212
1.9055163479445953
1.9056396011710612
1.9058733645789039
1.9044801779333485
1.9047974910307555
1.9045711519614876
1.904510635736991
1.9045607920173955
1.9046789076313337
1.9046547634861395
1.9048073512284271
1.9045568895785367
1.9045858080430742
1.9038952068554202
1.9039615041755134
1.903558308303017
1.9034975927161957
1.9035210035750358
1.9039644491754981
1.9036149793231487
1.9037392210870212
1.904500619357034
1.904291881124109
1.9050033187413167
1.9049615527009593
1.9046540731312298
1.9049661160416895
1.9048292509947624
1.9045226791223027
1.9050144518804668
1.9051365489502974
1.9044828056552099
1.9048277536778193
1.9047588963951438
1.905021905080792
1.9054665361816066
1.9048623974785084
1.9048022444759596
1.9048767426873694
1.9045956583946158
1.9047191148003284
1.9049532966424803
1.9035574482138318
1.9038752149619207
1.903648419850663
1.9035878395992851
1.9036381474568447
1.903756417300962
1.9037322957528593
1.9038851327675694
1.9036342890888278
1.9036633041803617
1.902971353134383
1.9030376617165656
1.9026336920457914
1.9025729638385405
1.9025965248458734
1.9030406833232387
1.9026906455887018
1.9028150922037732
1.9035780141451124
1.9033688759706848
1.9040814254391631
1.9040396770839756
1.9037317776028708
1.9040444025765555
1.9039072937708335
1.9036001380619298
1.9082013023104367
1.908323356479535
1.9076698634819245
1.9080146776053215
1.9079458443065282
1.9082087516268122
1.908653212541049
1.9080493038439403
1.9079891711034216
1.9080636438275713
1.9077826597155099
1.907906070606491
1.9081401643335245
1.9067448501513173
1.9070625034821997
1.9068357964435634
1.906775236604631
1.9068255222099
1.906943750628449
1.9069196346174484
1.9070724154074172
1.9068216625482204
1.9068506643098762
1.9061589797362688
1.9062252691443877
1.9058214542750225
1.9057607437524204
1.9057842900739368
1.9062282857782222
1.9058783766508098
1.90600277738381
1.906765403616703
1.906556345548603
1.9072686355981077
1.9072268979803897
1.9069191073360003
1.9072316134147642
1.9070945561326367
1.9067875178827007
1.9061587420570782
1.9062809545764046
1.9056274517221092
1.9059721965989942
1.9059032654441945
1.9061661495601914
1.9066106191518681
1.9060066484700013
1.9059464021655546
1.906020999538091
1.9057397085520353
1.9058631926262457
1.9060973527771243
1.9047020102475811
1.9050200038845218
1.9047933438825309
1.9047326699375555
1.9047828345957207
1.9049012217072538
1.9048769548484508
1.9050298311922649
1.9047788621264574
1.9048077739552933
1.9041161418710928
1.9041826851038974
1.903778869608233
1.9037179316771862
1.9037412478404692
1.904185546510251
1.9038354119225234
1.903959886332998
1.904722377178604
1.9045133173401003
1.9052261631203997
1.905184211385125
1.904876047924129
1.90518859123703
1.9050514923773658
1.9047444437522443
1.9055896744545808
1.9057117186955224
1.905058771095463
1.90540325370912
1.9053344209849972
1.90559709292586
1.906041184057593
1.9054377483151226
1.9053775995836424
1.9054520827149608
1.905171155334291
1.9052945051239194
1.9055284404237434
1.9041342864651267
1.904451871774718
1.9042253835820606
1.9041648077939524
1.9042149799390602
1.9043332018576173
1.9043090175760797
1.9044617256336698
1.9042110572672777
1.904239981739031
1.9035489113989905
1.9036152939973356
1.903211819357043
1.9031510264561649
1.9031744177178274
1.903618216902934
1.9032684704656961
1.903392809552792
1.9041547130205507
1.9039458302421552
1.9046578459596746
1.9046160177683604
1.9043082677292216
1.9046205320973666
1.9044835659924608
1.9041767806188221
1.906403308557693
1.9065255243560848
1.9058723679755842
1.906216897694967
1.9061479609752001
1.906410693897972
1.9068549286994154
1.9062512552320299
1.9061909918688544
1.9062656034185823
1.9059843299358974
1.9061077795627759
1.9063418429220274
1.9049472369985663
1.9052652079738408
1.9050386900881784
1.9049779990782099
1.9050280842043266
1.9051464767972581
1.9051221573512762
1.9052749932019917
1.905024064800902
1.9050529219947807
1.9043616839676623
1.9044283018866526
1.9040247028624409
1.9039636987265243
1.903986902266371
1.904431094240039
1.9040810495181608
1.9042054891647249
1.9049675118635914
1.9047585634657846
1.9054712683518384
1.9054292460019988
1.905121085785762
1.9054334775394293
1.9052964341817824
1.904989545849142
1.9067339646311925
1.9068561243216295
1.9062034171623625
1.9065476966302948
1.9064787900340483
1.9067413374052595
1.9071852670278548
1.9065819993066149
1.9065217572732374
1.9065963395656826
1.9063152054917107
1.9064385829498363
1.9066724965583879
1.9052788484988763
1.9055966606973191
1.905370307613928
1.9053096381322228
1.9053596670779362
1.9054780062639092
1.905453676671671
1.9056064240583652
1.9053556303049068
1.905384451513963
1.9046937001356998
1.9047603173846672
1.904356996919485
1.9042959942948108
1.9043191407124234
1.9047630800899464
1.904413236799518
1.9045376036820165
1.9052990760540416
1.9050902716115705
1.905802583640911
1.9057605520695098
1.9054525380504796
1.9057647207578412
1.9056277645989932
1.9053210863091368
1.9062883609494872
1.9064106130450003
1.9057573058289012
1.9061019112713768
1.906032953637547
1.9062957458325847
1.906740083324471
1.906136267721175
1.9060759846298527
1.906150619781829
1.905869265732463
1.9059927475470617
1.9062268682036405
1.9048319398424927
1.905150001555162
1.9049234339617025
1.904862723097197
1.9049128135115485
1.9050312415393524
1.9050069087145896
1.9051597846704054
1.9049087873638157
1.9049376465600996
1.9042462521488523
1.9043128984939266
1.9039092065471157
1.9038481766398478
1.9038713736473012
1.904315683482518
1.9039655465656766
1.9040900186533154
1.90485220975143
1.9046432131718003
1.905356110757958
1.9053140676911324
1.9050058173184257
1.9053182828913215
1.9051812058476818
1.9048742463479817
1.9058569440189013
1.9059792357360823
1.9053253317487113
1.9056702862479011
1.9056013101951568
1.9058643549487835
1.906309097417481
1.9057047545937147
1.905644468299091
1.905719114761135
1.9054376430277062
1.9055612048043689
1.9057955103676931
1.9043993111540212
1.904717508945564
1.9044907111631544
1.9044299969511966
1.9044801891498868
1.904598653121861
1.9045743673471747
1.9047273400208307
1.9044762112299785
1.9045051383910976
1.903813083450397
1.9038796742833493
1.903475611063677
1.9034146296766294
1.9034379539933355
1.9038825332977467
1.9035321779079308
1.903656730641551
1.9044196855948516
1.9042104974681977
1.9049237953675742
1.9048818121778437
1.904573449723663
1.9048861857507133
1.904749001681461
1.9044417644303129
1.9046989516242534
1.9048213093320656
1.904167203135376
1.904512250904634
1.904443236093582
1.9047063572986427
1.905151237652091
1.9045466984265818
1.9044863732095478
1.9045610649910776
1.904279451738296
1.9044030645633896
1.904637453903577
1.903240821623285
1.9035591782098051
1.903332319376628
1.9032715660135044
1.9033217518246064
1.9034402806756323
1.9034159603017042
1.9035689970659218
1.903317752378112
1.9033466722165686
1.902654414595853
1.9027210715329936
1.9023168843469342
1.9022558433304781
1.9022791333641913
1.9027239034801655
1.902373400112587
1.9024980042873592
1.9032611687299592
1.9030519161641624
1.9037655327448768
1.903723498141659
1.903414974054785
1.9037278126445991
1.9035905790409637
1.9032832457476043
1.9064752113794576
1.906597420574238
1.905944363655616
1.9062888351988794
1.906219901548932
1.9064825923786053
1.9069267596839132
1.9063231740866065
1.9062629112573148
1.9063375209220312
1.906056267053357
1.9061797033532242
1.906413735894685
1.9050193417799781
1.9053372900754408
1.905110810554603
1.9050501201025432
1.905100188264604
1.9052185748668398
1.905194247579179
1.9053470673102546
1.905096160823208
1.9051250066896144
1.9044338787507382
1.9045005059217488
1.904096968776347
1.9040359565537277
1.904059138875365
1.9045032859375013
1.904153277627785
1.9042777038333523
1.9050395992230211
1.9048306827497188
1.9055433209169026
1.905501288587547
1.9051931470515557
1.9055054937295308
1.905368468209486
1.9050616261687536
1.9061734133412809
1.9062957017339157
1.9056422436822178
1.9059869248477868
1.9059179462998936
1.9061807977671974
1.9066252379495268
1.9060212802103202
1.9059609773908512
1.9060356361450754
1.9057542015290279
1.9058777155313475
1.9061118934852532
1.9047166426864186
1.9050347951364828
1.9048081778352268
1.9047474471161843
1.9047975428187698
1.9049160062814467
1.904891660077903
1.9050445761388202
1.9047935099267292
1.9048223711254184
1.9041308203300429
1.9041974951012004
1.9037937102317914
1.9037326545531708
1.903755845028232
1.9042002727249967
1.9038500436131924
1.9039745481419057
1.9047369076392688
1.904527862877816
1.905240953164077
1.9051988893802663
1.9048905488510899
1.9052030882432136
1.9050659775135816
1.9047589468468218
1.9065764567696273
1.9066988111074137
1.906045943255864
1.906390229200377
1.9063212038340618
1.9065837872732512
1.9070278282637296
1.9064243564218206
1.9063639810963684
1.9064387116394486
1.9061571901248013
1.906280672953877
1.9065147102836006
1.9051207114390656
1.9054389546809622
1.9052125989264201
1.9051517954841346
1.9052017087709787
1.9053202420848085
1.905295748265986
1.9054486313116268
1.9051975524460574
1.9052262857246987
1.9045354304517135
1.9046023299514514
1.9041989159373702
1.9041376601328999
1.904160569859886
1.9046049300644543
1.9042547691187468
1.9043792421197945
1.9051407475037812
1.9049318931090833
1.905644953569322
1.905602687163378
1.9052942101712722
1.905606503931999
1.9054694725096217
1.90516271267752
1.9059733452263574
1.9060959866165694
1.9054423580159041
1.9057869764115416
1.9057177812375736
1.9059806455685682
1.9064252057962203
1.905820981951587
1.905760432276115
1.9058353639293608
1.9055532349986446
1.9056769275551428
1.9059112956540665
1.9045156657228717
1.9048345895224483
1.9046080165866857
1.9045470378010203
1.9045968968976328
1.9047157131811512
1.9046910519032207
1.9048441991769294
1.9045926316461168
1.9046213149815714
1.9039297127808794
1.9039969236274945
1.903593044582887
1.9035315083160256
1.9035542319422267
1.9039993834315334
1.9036486112041355
1.9037732955288713
1.9045355526509087
1.9043264561668254
1.9050408506147805
1.9049983378788693
1.9046891615600106
1.9050018492396372
1.9048646216689382
1.904557499084748
1.9048867711203905
1.905009343240905
1.9043555703757644
1.904700310658837
1.9046311598081427
1.9048940988809286
1.9053387560140636
1.9047344313566912
1.904673937662358
1.9047488098189276
1.9044668049041928
1.9045904808595926
1.9048248619732795
1.9034289285026218
1.9037477161688872
1.9035210621675656
1.9034601395980582
1.9035100846143074
1.9036288305373759
1.9036042564458666
1.9037573801221113
1.9035058878235391
1.9035346331166123
1.9028428395388537
1.902909909595095
1.9025059380454223
1.9024445276128377
1.9024673981454696
1.902912465519326
1.9025617514038424
1.9026864190513366
1.9034489348308141
1.9032397913451762
1.9039540080060384
1.9039116172981796
1.903602599367256
1.9039153360433523
1.9037781025050187
1.9034709156705596
1.9083001863596372
1.9084218675838847
1.9077712207492772
1.9081144576408782
1.908045825997271
1.9083075607359263
1.9087500878866295
1.9081487558023058
1.9080887707687195
1.9081630443469269
1.9078829772538235
1.9080059229445683
1.908239060870075
1.9068498163092489
1.9071664262417478
1.9069407577245376
1.9068803469097222
1.906930290144335
1.9070481626862616
1.9070239991765003
1.9071762090772444
1.9069263330093371
1.9069551168596506
1.906266508563305
1.9063327655252018
1.9059307149326115
1.9058700392488142
1.9058932493693208
1.9063356116351862
1.9059870032914363
1.90611093499897
1.9068700908715666
1.906661944717303
1.9073716849264226
1.907329912696321
1.907023089391642
1.9073342673733436
1.9071977669700027
1.90689206014383
1.9068687694290518
1.9069904902749661
1.9063392466690876
1.906682832617403
1.906614182554881
1.9068761698521253
1.9073191019796396
1.9067172426748453
1.9066572544379574
1.9067315393262338
1.9064513545490671
1.906574380201876
1.9068077030341275
1.9054171876207777
1.9057339336321495
1.90550803492599
1.9054476207637219
1.9054976657826734
1.9056155742687704
1.9055914578090856
1.9057437644276696
1.9054937568755
1.9055226086906483
1.9048333398648494
1.9048995413146246
1.9044971194491724
1.9044364922855959
1.9044598297153552
1.9049024614504142
1.904553634633691
1.9046776469872062
1.9054375667149888
1.9052292290137005
1.9059393695360392
1.9058976571830322
1.9055907217968797
1.9059021702327354
1.9057655628037824
1.9054595782261607
1.9065523001066724
1.9066740242771325
1.906022334735581
1.9063661940175178
1.906297546450144
1.9065597270337111
1.907002961447594
1.90640071705824
1.906340745346197
1.9064150179422938
1.9061347960477453
1.9062578694748973
1.9064913199165674
1.9050998560883805
1.9054166474412306
1.9051905682539179
1.905130170598734
1.9051803121137907
1.9052982211091847
1.9052741650783573
1.90542652830968
1.9051764581787494
1.9052053759563272
1.904515602985204
1.9045817204967732
1.9041790202810585
1.904118467409054
1.9041419386804588
1.9045847220231642
1.9042357689284295
1.904359829486852
1.9051203446705711
1.9049118636040825
1.9056222117395367
1.9055805799806098
1.9052736226694522
1.9055852677402352
1.9054485869716615
1.905142395809652
1.9063082181391402
1.9064300676872528
1.9057780731889427
1.9061220608348952
1.9060533388207264
1.9063156302140631
1.9067590729013115
1.9061565235785503
1.906096474555571
1.9061708359056262
1.905890350586384
1.906013512783387
1.9062470999609935
1.9048549818083202
1.9051720680713131
1.9049459051472888
1.9048854297476834
1.904935541523507
1.9050535742863086
1.905029441215318
1.905181916508124
1.9049316364973223
1.904960528302104
1.904270460059192
1.9043367190311578
1.9039338327614794
1.9038731525439556
1.9038965340311638
1.9043396540854647
1.9039904414473658
1.9041145914470952
1.904875398300216
1.9046668202799455
1.905377739059206
1.9053359944937889
1.9050287325974895
1.9053405377181079
1.9052037757183702
1.9048974387638458
1.9063082181391402
1.9064300676872528
1.9057780731889427
1.9061220608348952
1.9060533388207264
1.9063156302140631
1.9067590729013115
1.9061565235785503
1.906096474555571
1.9061708359056262
1.905890350586384
1.906013512783387
1.9062470999609935
1.9048549818083202
1.9051720680713131
1.9049459051472888
1.9048854297476834
1.904935541523507
1.9050535742863086
1.905029441215318
1.905181916508124
1.9049316364973223
1.904960528302104
1.904270460059192
1.9043367190311578
1.9039338327614794
1.9038731525439556
1.9038965340311638
1.9043396540854647
1.9039904414473658
1.9041145914470952
1.904875398300216
1.9046668202799455
1.905377739059206
1.9053359944937889
1.9050287325974895
1.9053405377181079
1.9052037757183702
1.9048974387638458
1.9052798446369006
1.9054017997518318
1.9047497986823987
1.9050937401640098
1.9050249529125036
1.9052872288363156
1.9057306773085236
1.905128086662591
1.9050679619303263
1.9051424063793057
1.904861716477401
1.9049849274632231
1.9052185589233928
1.9038264218724954
1.9041437350061945
1.9039176034399332
1.9038570519696323
1.9039070831140537
1.9040252216721778
1.9040009880359858
1.9041535270313554
1.903903102882813
1.9039319347323815
1.9032419014824071
1.9033083296708309
1.9029054429836196
1.9028446111604662
1.9028678392088514
1.9033111612401503
1.9029617982951739
1.90308599741322
1.903846714008149
1.9036381348076101
1.9043494240740664
1.9043075367636118
1.9040000263229084
1.9043118562662846
1.904175066548189
1.9038687226768745
1.9077836489223343
1.9079056864687045
1.9072544231494573
1.9075978706047483
1.9075290248302137
1.907790965718883
1.9082339152012775
1.9076319319269668
1.9075717165622232
1.9076462507472727
1.9073654522221182
1.9074886242413849
1.9077220799213273
1.9063315078133047
1.9066489344367943
1.9064231298039247
1.9063624874295704
1.906412290554315
1.9065305164263795
1.9065060982710902
1.9066585959973639
1.906408156031974
1.9064368279814825
1.9057476641344966
1.905814373233644
1.9054119501155933
1.9053508681351272
1.905373745248419
1.9058169829144727
1.9054677051771178
1.9055918648855816
1.9063515138387896
1.9061431725966944
1.9068544245806225
1.906812283992502
1.9065046029731358
1.9068161258772667
1.9066794352932392
1.906373429965247
1.907769462171215
1.9078915525009943
1.9072402858961854
1.9075837102693056
1.9075148318761022
1.9077767650300093
1.9082197174048838
1.9076177134689873
1.9075574602496008
1.9076320359841124
1.9073511351676267
1.9074743315813034
1.9077078094025273
1.9063172278453921
1.906634767904235
1.9064089789502474
1.906348298540545
1.9063980613495886
1.9065163401193144
1.906491871681424
1.90664440125898
1.9063938892247196
1.906422531196621
1.9057333848461042
1.9058001785534808
1.9053977552266632
1.9053365974433827
1.9053593978372627
1.905802736491816
1.9054533836010221
1.905577567868644
1.9063371716927562
1.906128829860527
1.9068402670880533
1.9067980551274133
1.906490249835845
1.906801785151355
1.906665080708148
1.9063590719217614
1.908918453720193
1.9090400524220412
1.908390252656182
1.9087330065918564
1.9086644173510459
1.9089257981657486
1.9093677501530621
1.9087671752951973
1.9087072137269434
1.9087814505078233
1.9085016012794744
1.9086244214934243
1.908857286397067
1.907469846935206
1.9077862073716245
1.9075608571159863
1.9075004700610694
1.9075502892590521
1.9076680844312406
1.9076438794085044
1.9077959363666679
1.9075462826025669
1.9075749851581676
1.9068873038636458
1.906953597163601
1.9065520726452816
1.9064913661259124
1.9065144342513505
1.9069563642749408
1.9066081030112902
1.906731908190771
1.907490004499736
1.9072821299988245
1.9079912104757508
1.9079493891060246
1.9076427867195351
1.9079535753521606
1.907817233498028
1.9075119218822705
1.9090622593637219
1.9091838448583476
1.9085342440162454
1.9088768815996815
1.9088082984985095
1.9090695951270154
1.9095114121220589
1.9089110130043507
1.908851052503864
1.9089252855147214
1.9086454755143931
1.9087682690743217
1.9090010723423827
1.90761405649803
1.9079303715748241
1.9077050980488357
1.907644712109736
1.9076944973796064
1.907812280570404
1.9077880598643095
1.9079400845831933
1.9076904746471792
1.907719154547835
1.907031693429798
1.9070980052337936
1.9066966044730942
1.9066358817803182
1.906658907469339
1.9071007476698645
1.9067525592305392
1.9068763375280255
1.9076341792185953
1.9074263685666921
1.908135315605879
1.9080934742771207
1.907786909251123
1.9080976077323633
1.9079613015534347
1.9076560825214939
1.9085163793580133
1.908638169428145
1.9079878624962086
1.9083308380659658
1.908262135620054
1.9085237036959595
1.9089660018413892
1.9083649256483748
1.9083048478467748
1.908379218701098
1.9080989645287028
1.908221924560935
1.9084550099773778
1.90706648312441
1.9073832972659486
1.9071578022228304
1.9070972982723262
1.907147081343488
1.9072650651621355
1.9072407484999945
1.9073929816102027
1.9071430020692728
1.907171671329416
1.9064834920830898
1.9065499929476295
1.9061481584089592
1.906087264914663
1.9061102089729107
1.9065526665196602
1.9062039977348824
1.906327943796822
1.9070865412644877
1.9068785053706523
1.907588475172723
1.9075464895830185
1.9072394209786945
1.9075504722239196
1.9074139996042385
1.9071084461537562
1.9087462745744257
1.9088679920503142
1.9082179867895754
1.9085608109131458
1.9084921502953602
1.908753599826734
1.9091956925912783
1.9085949006700844
1.908534862324778
1.9086091859746055
1.908329092935573
1.908451988592363
1.9086849594141513
1.9072970774365579
1.9076137101033068
1.9073883144757822
1.9073278502343523
1.9073776227290453
1.9074955356779468
1.9074712457733678
1.9076233986733746
1.9073735569434458
1.907402222198778
1.9067143557207098
1.906780799733082
1.9063791510396084
1.9063183090880167
1.9063412662110497
1.9067834880347028
1.9064350036398507
1.9065588848196415
1.9073171454888098
1.9071092059586214
1.9078187903604844
1.9077768462047513
1.9074699579133665
1.9077808615201355
1.90764445627244
1.9073390451560768
1.9072003945687175
1.907322316620112
1.9066716052695387
1.9070147673794309
1.9069459874169046
1.9072077083956778
1.9076502823106092
1.9070488133141086
1.9069886576676882
1.9070631191609824
1.9067825819498825
1.9069056440789767
1.9071388970491459
1.9057495040629384
1.906066635794431
1.9058410186497767
1.9057804363969424
1.9058302066929278
1.9059483202696779
1.905923934409053
1.9060762957003843
1.9058260843655397
1.9058547389803588
1.9051661543740017
1.9052327874469182
1.9048307049754738
1.9047696922223611
1.9047925677146222
1.9052354068844983
1.904886442144195
1.9050104910884382
1.9057695075347028
1.905561342762582
1.9062719499273282
1.9062298615106492
1.9059224696409383
1.9062337260116913
1.9060971543232437
1.9057914087883387
1.9072869686746845
1.907408959995776
1.9067583929096785
1.9071014331321368
1.9070326088463356
1.9072942550833178
1.907736732092766
1.9071353639090043
1.9070751522814453
1.9071496732714155
1.9068690120443346
1.9069920907745275
1.9072253307299327
1.9058362412831877
1.9061535091479918
1.9059279730688974
1.9058673345999047
1.9059170189762538
1.9060352029134535
1.906010729866408
1.906163114755202
1.9059128281881175
1.9059414208453178
1.9052530276160276
1.9053198014793178
1.9049178115129384
1.9048566729255485
1.904879401511379
1.905322324796706
1.904973301944488
1.905097367565973
1.9058561253547976
1.9056480075842315
1.9063587925360699
1.9063165820913386
1.906009031833693
1.9063202392079757
1.906183673487163
1.9058779922025282
1.9073877295317712
1.907509737339151
1.9068593178030906
1.907202259220284
1.9071334232298776
1.9073950024598314
1.907837379671317
1.9072361329618792
1.9071759032078244
1.9072504421450087
1.906969759193278
1.9070928301301597
1.9073260349295198
1.9059372584713494
1.9062545490341114
1.9060290783416955
1.905968421691892
1.906018060464306
1.9061362618642934
1.9061117519134287
1.9062641285484037
1.9060138388179495
1.9060423994951383
1.9053541801464455
1.9054210101918803
1.905019112939333
1.9049579243204808
1.904980582719293
1.9054234891315707
1.9050744833208764
1.9051985410604453
1.905957085320926
1.9057490151420482
1.9064597926373812
1.9064175315371168
1.9061099471637386
1.906421093130172
1.9062845472361731
1.9059789336602029
1.9079629521058854
1.9080849070843755
1.9074352832433432
1.9077777592515843
1.9077089478197309
1.9079701903049
1.9084120275473038
1.9078114837984927
1.9077512583155072
1.9078257821726003
1.907545256132953
1.9076682204537503
1.907901178710783
1.9065140967226448
1.906831205846909
1.9066060420730933
1.9065453898865594
1.9065948929465215
1.9067130464209487
1.9066884737366485
1.9068407214145042
1.9065906069963992
1.9066190770538074
1.9059317384110528
1.90599864247265
1.905597240250585
1.9055359869381052
1.9055584755912471
1.9060010227112656
1.905652308197871
1.905776258409464
1.9065337841963639
1.9063259694135186
1.9070362131578926
1.9069938722215019
1.9066864372900891
1.906997222650983
1.9068608194578012
1.906555576217095
1.9090632284298885
1.9091850712379492
1.9085355534299184
1.9088780174263817
1.9088092743016851
1.9090704901632805
1.909512254124589
1.908911839569029
1.9088516903292128
1.9089261292023694
1.9086458273593954
1.9087687295643618
1.909001612721041
1.9076147614398806
1.9079316210136272
1.9077064642468728
1.9076458886889434
1.907695455416251
1.9078134971046607
1.9077890171438827
1.907941184999535
1.9076912366332137
1.9077197553183636
1.9070324917709134
1.9070992358680727
1.906697895942351
1.906636786148798
1.9066594070225535
1.9071017072540413
1.9067531794596857
1.906877067111966
1.9076345558478596
1.9074267741697872
1.9081365807080952
1.908094372537227
1.9077872048304645
1.9080979202929071
1.9079615626556856
1.9076563726236773
1.907603437997064
1.90772542599361
1.9070753048431854
1.9074180717320217
1.9073492449510725
1.9076106979017318
1.908052872624812
1.9074518895256094
1.9073916613732056
1.9074661946553557
1.9071855705456562
1.9073086015015062
1.9075417138474933
1.9061535728155852
1.9064707953389108
1.9062454397409698
1.906184784764892
1.9062343726451367
1.9063525560730394
1.9063280225971364
1.9064803508731913
1.906230126884868
1.9062586535796389
1.9055707644956732
1.9056376222971687
1.9052359106810521
1.90517469780209
1.905197292546276
1.905640064223956
1.9052911676497495
1.9054151850663272
1.906173347399215
1.9059653729938497
1.906675950332573
1.9066336592937612
1.9063261309611201
1.9066371417004766
1.9065006493192835
1.906195174619037
1.9078413649929786
1.9079634487191475
1.907312281576217
1.907655647773218
1.9075867724498339
1.9078486635106424
1.9082915483893823
1.907689632323564
1.9076293796380612
1.9077039534875613
1.907423072285086
1.907546255371752
1.9077797023751852
1.906389332626804
1.9067068500058346
1.9064810994166719
1.9064204195648786
1.9064701654098657
1.906588438188896
1.9065639619093269
1.9067164753672425
1.906465985247026
1.9064946158914546
1.90580557962918
1.905872382588577
1.9054700211405697
1.9054088552705857
1.9054316344462574
1.9058749281892775
1.9055256117106463
1.9056497825372714
1.906409259052186
1.9062009491444607
1.9069123196531168
1.9068700977129618
1.9065623111016392
1.9068738013414561
1.906737114735852
1.9064311522413728
1.9082661424188647
1.9083882789739226
1.9077363161359642
1.9080801477419176
1.9080112478599802
1.9082734756655744
1.9087169005133955
1.9081142814869503
1.9080540245303785
1.9081286134599695
1.907847575345411
1.9079708650481617
1.9082045585939218
1.9068124943755087
1.9071301931930367
1.9069041356852747
1.9068434513702108
1.90689333292765
1.907011653632241
1.9069872400861065
1.9071398825011423
1.906889217068576
1.9069179383327848
1.9062280213645728
1.9062947503078072
1.905891893829318
1.9058307926529612
1.9058537415743029
1.9062973946095823
1.905947786833652
1.9060720651882523
1.9068325601767484
1.9066239948729904
1.9073358991326055
1.9072937570285764
1.9069858209752888
1.9072976718206451
1.9071608425142241
1.9068545096844807
1.9067486359153951
1.9068708714791407
1.9062182091224709
1.9065624248790876
1.9064934708897472
1.9067559856122658
1.9071998858255137
1.9065966310469336
1.9065363324985338
1.906610976172667
1.9063296984687033
1.9064531058549379
1.9066870372665163
1.9052934809377138
1.9056114519492802
1.9053851415666243
1.905324415310852
1.9053743753009853
1.9054927908381023
1.905468381901123
1.9056211690049205
1.9053702781051787
1.9053990486840884
1.90470837859465
1.9047751273819706
1.9043718375430432
1.9043107171707951
1.9043337379001863
1.904777806304692
1.904427868490187
1.9045522654909242
1.905313606514707
1.9051048171492861
1.9058173736845887
1.9057752300646515
1.9054670389774409
1.9057792177640247
1.9056422497352095
1.9053355894037138
1.906921299594246
1.907043545040668
1.906391129695914
1.9067351884711472
1.9066662258470208
1.9069286314694127
1.9073723643885625
1.9067693189543857
1.9067090028133733
1.9067836625497092
1.906502382735106
1.906625769001019
1.9068596344387612
1.9054666029072873
1.9057845739369998
1.905558367305847
1.9054976234271725
1.9055475208493144
1.9056659478585245
1.9056414941760464
1.9057942569063846
1.9055433847573167
1.9055721120287419
1.9048817259081434
1.904948540129629
1.9045454048833441
1.9044842263929305
1.904507155717094
1.9049511623370181
1.9046012779761996
1.9047256536540238
1.9054866538402644
1.9052779439910368
1.905990426350964
1.9059482220959776
1.9056400155732798
1.905952087876322
1.9058151575119229
1.905508611181
1.907093963273097
1.9072162186021955
1.9065640502693573
1.9069079520632077
1.9068389808042947
1.9071012773265603
1.9075448429516115
1.9069420068618377
1.906881673128213
1.9069563489267518
1.906675067001509
1.9067984321471003
1.907032231611006
1.905639724876861
1.9059576959247193
1.9057315930450698
1.9056708315434938
1.9057206663976438
1.905839104878947
1.9058146064509698
1.9059673448078487
1.9057164914094553
1.9057451753733958
1.905055073221637
1.9051219528772878
1.9047189722236455
1.9046577356150654
1.9046805735340024
1.9051245183693444
1.9047746874622127
1.9048990418171232
1.9056597011658225
1.9054510708327874
1.9061634790173392
1.9061212141273032
1.9058129921691196
1.9061249579886201
1.905988065288636
1.9056816329582864
1.9069359708784488
1.9070582921981794
1.906405921656022
1.90674991671994
1.90668090670272
1.906943279676419
1.907386983186221
1.9067839506947042
1.9067235780386698
1.9067982991566932
1.9065168757120987
1.9066402919061212
1.9068741751468903
1.905481235346125
1.9057993651889606
1.905573201258543
1.9055124006058017
1.9055622290723633
1.9056807324327176
1.9056561994054988
1.9058090018529397
1.9055580325575885
1.9055867091988674
1.9048964043670928
1.9049633501269323
1.9045602455069024
1.9044989492689148
1.9045217529048573
1.9049658885517633
1.9046159096668687
1.9047403154629314
1.9055011843009295
1.905292489528752
1.9060052163946415
1.9059629000911191
1.905654516500241
1.9059665848825054
1.9058296426481385
1.905523114275577
1.9073238584895094
1.9074460412243657
1.9067941745627242
1.9071379249103877
1.9070689954796012
1.9073311734573342
1.9077745337015
1.9071719818835473
1.9071116876062164
1.9071863162002585
1.9069051954083784
1.9070284961785284
1.90726218104778
1.905870319189009
1.9061881087620778
1.9059621052980218
1.9059013835055192
1.9059512077832006
1.9060695753947576
1.9060451037243433
1.9061977618710209
1.9059470462836279
1.905975726242758
1.9052859368592567
1.90535275966274
1.9049499648542947
1.9048887797884198
1.904911630772141
1.905355339884387
1.9050056933671808
1.9051299828399428
1.9058903053901448
1.9056817714207568
1.9063937942051
1.9063515707490362
1.9060435291037916
1.9063553472848354
1.906218521956837
1.9059122319606066
1.90749652216836
1.907618714785893
1.9069670951361672
1.9073106885024478
1.9072417504368744
1.9075038193144813
1.9079470122645492
1.907344669790999
1.9072843579210563
1.907359002577301
1.9070778796747814
1.9072011593246097
1.9074347782200245
1.9060434411585823
1.9063612307497972
1.9061353310372442
1.9060745916218402
1.9061243533315297
1.90624273241518
1.9062182159992662
1.9063708497724847
1.9061201529357663
1.9061487895874112
1.9054592841727505
1.9055261724103987
1.905123532194596
1.9050622890105549
1.905085048589049
1.9055286959167135
1.905179102853194
1.9053033710030423
1.9060633527157025
1.9058548982625074
1.9065668468714754
1.9065245627803624
1.906216505699631
1.9065282173971332
1.906391429733551
1.9060852537378925
1.9055192252320665
1.9056416620467715
1.9049887395359406
1.9053330199452572
1.9052639441160288
1.9055265369996242
1.90597061607689
1.9053670693075633
1.9053066369332043
1.9053814307429846
1.9050997459843346
1.9052232720685303
1.905457358019072
1.9040632390964916
1.9043816638313236
1.9041553124126913
1.90409445163843
1.9041443129337507
1.9042629285894201
1.9042383632675368
1.9043913021499195
1.9041401042240231
1.9041687981999906
1.903477914127587
1.9035449359136578
1.903141490647022
1.903080125181681
1.9031029304386553
1.9035474645817376
1.9031971726997918
1.903321689260075
1.9040831906050166
1.9038743193628649
1.9045876910479362
1.9045453225729716
1.9042366498324392
1.9045489847480808
1.9044119236181343
1.9041051354524863
1.9055916125869141
1.9057141714547257
1.905061389922809
1.9054055253625204
1.9053363725913484
1.9055988829983903
1.9060428680626533
1.9054394014444793
1.905378875234339
1.9054537700902574
1.9051718590242954
1.9052954261039992
1.9055295211810588
1.9041356963488287
1.9044543706523251
1.904228115978135
1.904167160952367
1.9042168960123504
1.9043356349261298
1.9043109321352258
1.9044639264663528
1.9042125812393467
1.904241183280088
1.9035505080812205
1.9036177552658935
1.9032144022955568
1.903152835193124
1.9031754168242565
1.9036201360712879
1.9032697109239898
1.9033942687206726
1.9041554662790783
1.9039466414483466
1.9046603761641083
1.9046178142885726
1.904308858887904
1.9046211572184542
1.904484088196963
1.9041773608231896
1.9057354182304425
1.9058579638910322
1.9052053812828724
1.9055494003703455
1.9054802537388118
1.9057426799596573
1.9061865300316494
1.9055832391536325
1.9055227140112598
1.9055976050971553
1.9053157332592143
1.9054392736848969
1.9056733071263743
1.9042799059116529
1.904598534855524
1.9043723569109838
1.9043114030010337
1.9043611041329038
1.9044798310652935
1.9044551125910307
1.9046080746828777
1.904356773283959
1.9043853526697554
1.9036948976473729
1.9037621633360864
1.9033589341233699
1.9032973508475297
1.903319890042245
1.9037645194662118
1.9034141671432383
1.903538698057927
1.904299640997938
1.904090880016214
1.9048044812942357
1.904761899459669
1.9044529814194917
1.9047651895986568
1.90462815625237
1.9043215214624123
1.9061237903745862
1.906246326107019
1.9055942888964108
1.905937976474143
1.9058688304172806
1.906131021258705
1.906574501548194
1.9059716836248144
1.9059111424914805
1.9059860439845444
1.9057042288779953
1.9058277082023245
1.906061583216593
1.904669342225462
1.9049879031480428
1.9047619440494807
1.904700974190355
1.904750561862064
1.9048692822944615
1.9048444955496615
1.90499738490913
1.9047461680030162
1.9047746700989103
1.9040848293100938
1.9041521881890338
1.9037492992053906
1.9036876335512742
1.9037100176861357
1.904154450590924
1.9038042609581243
1.9039287302269088
1.9046889504017848
1.9044803647097663
1.9051936916558028
1.9051510192476395
1.904842141812713
1.9051541082812584
1.9050171661121935
1.9047107841985331
1.9076611540677084
1.9077831882440532
1.907133163269945
1.9074758489004917
1.907406992570693
1.9076683956934921
1.9081105058129164
1.9075095899222065
1.9074493244490436
1.9075238973956443
1.9072431906086242
1.9073662326318732
1.9075993363013513
1.9062113976290849
1.9065287109079512
1.9063034093537168
1.9062427169002003
1.9062922475006872
1.906410477835556
1.9063858862353729
1.9065382302430698
1.90628795609992
1.9063164414896117
1.9056286799903566
1.9056956316521019
1.905293981706029
1.9052326849375483
1.9052551817441141
1.9056980094987606
1.9053490741832784
1.9054731027180172
1.9062310926126116
1.9060231495416156
1.9067338454050675
1.9066914730142208
1.9063838390896233
1.9066948171646663
1.9065583287618966
1.906252896895163
1.9062444084213253
1.9063665580926452
1.9057159811498634
1.9060589521258087
1.9059900299840018
1.9062516530166969
1.9066941387035845
1.906092708535065
1.906032383343578
1.9061070289819344
1.90582606088086
1.9059492127942816
1.9061825191735322
1.9047934013794507
1.9051110095503139
1.9048855205078643
1.904824767932828
1.9048743313620744
1.9049926739922574
1.9049680500974102
1.9051205305400494
1.9048700277663537
1.9048985304907344
1.9042101897508508
1.904277217438827
1.9038752268461483
1.9038138608503146
1.9038363592779115
1.9042795855287347
1.903930337216201
1.9040544765151604
1.9048130989166978
1.9046049793757283
1.9053163200583614
1.9052738954960737
1.904965972421821
1.9052772170302412
1.9051406097318915
1.904834918072071
1.9083735427806512
1.9084956033714406
1.9078451805498184
1.9081880988848414
1.9081192302757661
1.9083808017709576
1.9088231818749233
1.9082219145038997
1.9081616468952027
1.9082362273818483
1.9079554421387865
1.9080785374700775
1.9083117644107193
1.9069229785034376
1.9072403825015527
1.9070149274880182
1.9069542328028664
1.9070038312595798
1.9071220855572282
1.9070975253237628
1.9072499338100193
1.9069995720106951
1.9070281027102771
1.9063399008580537
1.9064068155117166
1.906004918050403
1.9059436536287362
1.9059662353081366
1.9064092427089132
1.906060161744781
1.9061842440435077
1.9069427431748922
1.9067346724058802
1.9074456351448115
1.9074033026720283
1.9070955940264478
1.907406752404261
1.9072701926510829
1.9069645756167166
1.9059714684184712
1.906093720377544
1.9054427903898452
1.905785930358951
1.9057169485447738
1.905978707301169
1.90642143356325
1.9058196648570767
1.9057592810150332
1.905833995575123
1.9055528053880149
1.9056760405375883
1.9059094879910294
1.904519614692641
1.9048374723958759
1.9046118725948618
1.9045510610141234
1.9046006233440158
1.9047190662881233
1.9046943944152521
1.904846979053554
1.9045962914774008
1.904624788881525
1.903936089077497
1.9040032112957452
1.903601003814081
1.9035395524174865
1.9035620100296975
1.9040055449536328
1.9036560564683729
1.9037802796495586
1.9045392799396441
1.9043310477777082
1.9050428998417832
1.9050004031490226
1.9046922282856067
1.9050036492760196
1.9048669587572935
1.9045610998882019
1.9088338177465591
1.9089558618055802
1.9083060838433887
1.9086486124925517
1.9085797475279662
1.9088410415506387
1.9092829843759653
1.9086822778296582
1.9086219947638834
1.9086965837726864
1.9084158748750268
1.9085388957779539
1.908771933473596
1.9073845195986583
1.9077018328956707
1.90747663509294
1.9074159250165215
1.9074653930490164
1.9075836348559778
1.9075589985102959
1.907711318144534
1.907461062752058
1.9074895048342657
1.9068020273038504
1.90686904439976
1.9064675490463303
1.906406194159684
1.9064285995610217
1.9068713655310874
1.9065224836692904
1.9066464908811165
1.9074041399381692
1.9071962763833665
1.9079068980714424
1.9078644650455472
1.9075568156854625
1.9078676872769635
1.9077312365386099
1.907425918672449
1.9086900121030306
1.9088120693692745
1.908162092483325
1.9085047374847266
1.908435866380503
1.9086972445893715
1.9091393224069688
1.9085384401205048
1.9084781559869628
1.9085527487657885
1.9082720006401082
1.9083950481970564
1.9086281475282798
1.9072403100358348
1.9075576686924713
1.9073323941600901
1.9072716829678547
1.9073211849284626
1.907439438716814
1.907414818054491
1.9075671699280086
1.9073168707074457
1.9073453354445982
1.9066576377376991
1.9067246363295678
1.9063230172185168
1.9062616785052777
1.9062841263430328
1.9067269821361634
1.9063780274500421
1.906502061543862
1.9072599652193096
1.9070520378154987
1.9077627929413146
1.9077203798744506
1.907412693153875
1.9077236548967615
1.907587168483203
1.9072817580332253
1.9066124388427332
1.9067348524765793
1.906083466696524
1.9064268107527385
1.906357733577703
1.9066196624161336
1.9070626996420237
1.9064604838665324
1.906400002985406
1.9064748299017027
1.906193295723219
1.9063166518303645
1.9065502933170693
1.9051594432565073
1.9054776866072796
1.9052519533617571
1.9051910441820603
1.905240582060954
1.9053591842073416
1.9053344219155268
1.9054871587204125
1.9052361923588879
1.905264665792621
1.9045755143326755
1.9046428064374041
1.9042403199791773
1.9041787154657108
1.9042010767613327
1.904645066258412
1.9042952260348252
1.9044195710983927
1.9051790314571282
1.9049706541595874
1.9056832695675725
1.9056406393513348
1.9053320697463085
1.9056437246057845
1.9055069191699014
1.9052008433412364
1.9067420577351422
1.9068645109451756
1.906213320803315
1.906556525425121
1.9064874217710555
1.9067492586885268
1.9071921638146268
1.906590103117706
1.906529585449704
1.9066044501454404
1.906322852903646
1.9064462067511805
1.9066798087435852
1.905289372851419
1.9056076842779197
1.9053820434409292
1.9053210973417016
1.9053705609767813
1.9054892040394402
1.9054643757816658
1.9056171121985535
1.905366117596246
1.9053945383974271
1.904705624610435
1.904773019827433
1.90437065691806
1.9043089604283727
1.9043312025681658
1.9047752032306786
1.9044253606779784
1.9045497034187098
1.9053088640299545
1.9051005499912872
1.905813217205131
1.905770495657343
1.9054618391406057
1.905773416260076
1.9056366326402183
1.9053306459369743
1.906885863378671
1.9070083033814815
1.9063573121633783
1.9067004004329462
1.9066313029185191
1.906893055649794
1.9073358257836233
1.9067339408268593
1.9066734242266246
1.9067482851523383
1.9064667271385651
1.906590054332078
1.9068235946889005
1.9054335824142428
1.905751848481119
1.9055262843737781
1.9054653393903687
1.9055147690973353
1.9056334001786046
1.9056085562374707
1.9057612604150784
1.9055103096408583
1.9055387077870949
1.9048500141765863
1.9049174278976255
1.9045151887458733
1.9044534760827787
1.9044756757861543
1.9049195866256023
1.9045698168972267
1.9046941327559643
1.9054530387488138
1.9052447885591548
1.9059573223352586
1.9059145808284388
1.9056059616721932
1.9059174486402783
1.905780700695625
1.905474806576197
1.906561362276788
1.9066836372802798
1.9060335477902066
1.9063761586390442
1.9063071539903265
1.9065685433532433
1.9070107002368955
1.9064096474340089
1.9063492113480125
1.906423972209699
1.9061427953046828
1.9062659537662803
1.9064991724804217
1.905111085382774
1.9054289204606343
1.9052036702789552
1.9051428063874196
1.9051921640492802
1.9053106354189717
1.9052858214679247
1.9054383168662092
1.905187707456122
1.9052160636103197
1.904528325801054
1.9045956535738182
1.9041939717488912
1.9041323379110955
1.9041545000894151
1.9045978047480734
1.9042485130360363
1.9043726588074847
1.9051305092757473
1.904922547586894
1.9056341104059724
1.905591421828549
1.9052832193389189
1.9055942758030135
1.9054577161151374
1.9051522455396714
1.9071015718439637
1.9072239920359413
1.9065732992034734
1.9069162129446844
1.906847124639714
1.9071087510916949
1.9075513187371185
1.9069496973905895
1.906889182392006
1.9069640376626853
1.9066825384909434
1.9068058257034242
1.9070392736068746
1.9056498967584783
1.9059680947859179
1.9057426457730524
1.905681702463369
1.9057310812781658
1.9058496943873497
1.9058248269211784
1.9059774827398661
1.9057265977077769
1.9057549618715957
1.9050665985258146
1.905134040002914
1.9047319864875927
1.904670249564388
1.9046923856131373
1.905136161717988
1.9047865012260992
1.904910776761846
1.905669300827103
1.905461146410956
1.9061734800304506
1.9061307085850834
1.9058221454695752
1.9061334972105823
1.9059968027787357
1.905691047535032
1.9074033698821407
1.9075257108762635
1.9068754191768715
1.9072181232957768
1.9071490798887518
1.9074105457031025
1.9078528404715056
1.9072515912668757
1.9071911162584696
1.907265922439641
1.9069846040152723
1.9071078135253015
1.9073411160163058
1.9059525958520385
1.9062705897248755
1.906045278492429
1.9059843754497279
1.906033726724
1.906152262972743
1.9061274144224543
1.9062799739113003
1.906029248604256
1.9060575974357914
1.90536965694651
1.9054370508234622
1.9050352450321484
1.9049735515649444
1.90499567946027
1.9054391749304924
1.905089735240692
1.905213932453293
1.9059719924108551
1.905763966282859
1.9064758477832757
1.9064331077923644
1.9061247436700406
1.9064359026968996
1.90629929347464
1.9059937268569633
1.907000810986877
1.907123214692567
1.9064723743100618
1.9068153868565365
1.906746310256172
1.9070080037151813
1.907450671158568
1.9068489283377141
1.9067884314656265
1.9068632687890918
1.9065817913419998
1.906705086347792
1.9069385694072878
1.9055488795703168
1.9058670548997982
1.9056415405002545
1.9055806153713817
1.9056300397901136
1.9057486354365099
1.9057238048741576
1.905876468946664
1.9056255870779446
1.9056539832217758
1.9049654459953966
1.905032831290352
1.9046306850611983
1.9045689981694558
1.9045912044052233
1.905034997383124
1.9046853198497111
1.904809603267374
1.9055683408609752
1.9053601388531394
1.9060724799291393
1.9060297591393056
1.9057212301395292
1.9060326432883863
1.905895929029726
1.9055901060773568
1.906031061297002
1.906153748867012
1.905500216442664
1.9058447535800118
1.9057755288571938
1.9060383433603283
1.9064828389843254
1.9058786823481837
1.9058180953519532
1.9058930666696494
1.9056108550616124
1.9057345586855101
1.9059689181079242
1.9045734905363714
1.9048925050914887
1.904665986199433
1.9046049699363283
1.9046547717531837
1.9047736349436677
1.9047489155414576
1.9049020785468074
1.9046504608611685
1.904679102891544
1.9039876282755632
1.9040549329824275
1.9036511156078635
1.9035894954514838
1.9036121211400647
1.9040573287063385
1.9037065177376642
1.9038312131805615
1.9045932978643052
1.9043842327145917
1.9050987456872743
1.905056151599329
1.904746869688514
1.905059524703827
1.904922301111551
1.904615221360874
1.90600884276638
1.9061314147959345
1.9054792267497274
1.905822990050553
1.9057538230796274
1.9060160731933176
1.9064596561732499
1.9058566961139591
1.9057961352524784
1.9058710603477909
1.9055891646745604
1.9057126761866103
1.905946608498206
1.9045540450693883
1.9048726967293637
1.9046466879230048
1.9045856982093423
1.9046352911692854
1.9047540470365565
1.9047292469129746
1.9048821763775439
1.9046308905659297
1.9046593946642294
1.903969397491284
1.9040367847963078
1.9036338028900661
1.9035721114645971
1.9035944890670664
1.9040390398334026
1.9036887580056403
1.9038132597154989
1.9045736482896236
1.9043650144157815
1.9050785340619225
1.9050358409367731
1.904726873345377
1.905038913633151
1.9049019377780934
1.904595484697373
1.9071815064452309
1.907304088357462
1.9066521473231706
1.9069957536426132
1.9069265780369011
1.9071887190504644
1.907632134736299
1.9070293840214112
1.9069688055673186
1.9070437467248331
1.9067618489409632
1.906885339332691
1.907119205670451
1.9057271670389617
1.9060458187170835
1.9058199136622278
1.9057589063256635
1.9058084367176142
1.9059272040569784
1.9059023591878979
1.906055264279008
1.9058039972180676
1.9058324580088832
1.905142744804778
1.9052101975439666
1.904807370230367
1.9047456206867328
1.9047679068839738
1.9052123958657288
1.9048621674916524
1.9049866478785988
1.9057466956151814
1.9055381412575323
1.9062515867282974
1.9062088329680993
1.905899849941216
1.9062117837454484
1.9060748455548062
1.9057685064746583
1.9062898145487366
1.9064124526144028
1.9057592699494108
1.9061036150114268
1.90603441734231
1.906297088386982
1.9067413463282663
1.9061375075681923
1.9060769413678753
1.9061518853133013
1.9058697934999662
1.9059934382821215
1.906227678771627
1.9048329972552693
1.9051518757133672
1.904925483258758
1.9048644879660082
1.9049142505665158
1.905033066340737
1.9050083446339494
1.9051614352949182
1.9049099303428672
1.9049385477158922
1.904247449660525
1.9043147444453452
1.9039111437510012
1.903849533192567
1.903872122977123
1.9043171228587836
1.9039664769093967
1.9040911130292255
1.9048527746953259
1.9046438215764434
1.9053580084112829
1.9053154150812919
1.9050062606874378
1.9053187517321373
1.9051815975010584
1.904874681501257
1.9053191571171426
1.9054419469294255
1.9047888538696274
1.905133071509013
1.9050637790537086
1.9053263848009947
1.9057705839235834
1.9051667710488298
1.9051060918184681
1.90518115852727
1.9048987794539514
1.905022484092326
1.9052567601878845
1.9038622621329444
1.904181458217289
1.9039551511641504
1.903894042323266
1.903943667012614
1.9040626354891235
1.9040377550928544
1.9041909251880287
1.903939225943411
1.903967742056143
1.9032768065784242
1.903344364439952
1.9029408249981181
1.9028789789445357
1.90290131735265
1.9033465752882746
1.9029957402907347
1.903120436647041
1.9038818356166562
1.9036729126518748
1.9043875884986383
1.9043447710715744
1.9040352625413604
1.9043477457445044
1.9042105677734904
1.9039036876904125
1.9082902990818202
1.908413065804204
1.9077599246562469
1.9081041829247773
1.9080349052438983
1.9082975359051144
1.908741767329531
1.908137920850531
1.9080772602805494
1.9081523071571245
1.907869969422467
1.9079936685271417
1.9082279489609553
1.9068333497261942
1.9071525004327687
1.9069261663577761
1.9068650762556114
1.9069147295848385
1.907033674607865
1.9070088232737359
1.9071619855030892
1.9069103113358845
1.9069388481011562
1.9062478488310826
1.9063153597624851
1.9059117894856297
1.9058499853768065
1.9058723727537303
1.9063176026508721
1.9059667870239698
1.906091477821196
1.9068529630099578
1.906644024377991
1.907358640962391
1.9073158642113446
1.9070064084771083
1.9073189080124089
1.907181728052183
1.9068748265523487
1.9068219923364094
1.9069446072666965
1.906292168923012
1.9066360661230501
1.9065668751682425
1.9068292266472968
1.9072729798138068
1.9066697897485274
1.9066092086250168
1.906684159207588
1.906402163353666
1.906525720380447
1.9067597408071613
1.9053666431319018
1.905685408209085
1.9054593113301046
1.905398301203996
1.9054479164162297
1.9055667137090688
1.905541908048385
1.905694893737695
1.9054435171065367
1.9054720345347147
1.9047817708893984
1.9048491773684855
1.904446040660835
1.9043843315507174
1.9044067238390023
1.9048514373784193
1.9045010269435312
1.9046255745354617
1.9053862588180321
1.905177544837863
1.9058913239029776
1.9058486200403588
1.9055395436122466
1.9058517027949418
1.905714675416289
1.9054081048766007
1.9077567290193447
1.9078792581026864
1.9072281127634234
1.9075712536739136
1.9075021026267547
1.907763906895533
1.9082067826122853
1.9076047348580247
1.9075441606750012
1.9076190867524245
1.9073373458806386
1.9074607296562816
1.9076943494517138
1.906304005290257
1.9066224755298804
1.906396877393625
1.9063358745203305
1.9063852691998298
1.9065039886136335
1.906479081011118
1.9066318571451084
1.906380765396517
1.9064091355675525
1.905720303069385
1.9057878298247362
1.905385497541619
1.905323683304357
1.9053457997559284
1.9057899294454244
1.9054399923686467
1.905564365227617
1.9063233944906193
1.9061150955290027
1.9068280072488086
1.9067851736524841
1.906476340067567
1.906787913266259
1.906651117776434
1.906345149031551
1.9066129233758167
1.9067354656663804
1.9060841214033601
1.9064273786660888
1.9063582214792911
1.9066201099342663
1.9070631206432889
1.9064608971488712
1.90640032189808
1.9064752517455268
1.9061934716457198
1.9063168820753844
1.9065505635063982
1.9051597957274327
1.905478311326681
1.905252636460776
1.905191632471664
1.905241061079276
1.9053597924744696
1.9053349005553135
1.9054877089285833
1.9052365733519048
1.9052649661778853
1.904575913503233
1.9046434217545438
1.904240965713806
1.9041791676499509
1.9042013265379403
1.9046455460505003
1.9042955361493983
1.9044199358903626
1.9051792197717596
1.9049708569611352
1.9056839021186807
1.9056410884813877
1.9053322175359793
1.9056438808860563
1.9055070497210274
1.9052009883923282
1.907440259696965
1.9075627921048528
1.906911200829917
1.9072546150740284
1.9071854665220178
1.9074474640771186
1.9078906420802397
1.9072882092414194
1.9072276515832405
1.9073025653684843
1.907020787379317
1.9071442189293029
1.907377966334153
1.905986673757859
1.9063051893389618
1.906079410721553
1.9060184243553426
1.9060679155309468
1.9061866354540475
1.9061617882803894
1.9063146210271187
1.9060634666997662
1.9060919028332317
1.9054025661897396
1.905470009006885
1.9050673983735047
1.9050056584278157
1.905027908721032
1.9054721900181741
1.9051221266633855
1.905246547727263
1.9060061724462019
1.9057977301193845
1.9065108494523058
1.9064680964500622
1.9061592409401398
1.906471010773759
1.9063341419443138
1.9060279666150421
1.906368841408285
1.9064915090765011
1.905839859856722
1.9061832454834664
1.9061140138498738
1.9063760131146184
1.9068192320970063
1.9062167036691822
1.9061560511074542
1.9062310697088594
1.9059490261843588
1.9060725253838746
1.9063063435508245
1.904914921447373
1.905233731956764
1.905007973354147
1.9049468916206134
1.9049962904889928
1.905115145651594
1.905090176692274
1.9052430971270273
1.904991751670478
1.9050201185236624
1.904330770577221
1.9043984202889286
1.9039957781942265
1.9039338527848524
1.9039559218886455
1.9044004781128006
1.9040502086683344
1.9041746978506058
1.9049342734014045
1.9047258136369984
1.9054394294383503
1.905396502994567
1.9050873274640163
1.9053991508639296
1.9052622384677358
1.9049560313465228
1.9075902203121111
1.907712518405502
1.9070624770035867
1.9074050472232797
1.907336027800137
1.9075973922491236
1.9080395168309485
1.9074384976323078
1.9073780428859315
1.9074528235798438
1.907171605336167
1.9072947693314641
1.9075279837073513
1.906139997789524
1.906457878245155
1.9062326550853292
1.9061717724550742
1.9062211014770554
1.9063395963002305
1.9063147532870433
1.906467256551149
1.9062166220636483
1.9062449575653067
1.9055572835483963
1.9056246582512846
1.9052230072613796
1.9051613314788247
1.905183444688334
1.9056267773854763
1.9052774663028007
1.9054016176333302
1.9061593818824463
1.9059514358607776
1.9066630579422201
1.9066203286887788
1.9063120734031707
1.9066231135351086
1.906486555836444
1.9061811066777352
