1.9218396143798635
1.9216747740137008
1.9215080892691385
1.921427717453497
1.9199453740955044
1.9199902837552434
1.9222853495363565
1.9205243830155372
1.9194317699164085
1.9210574280487966
1.9212414944331746
1.921256637832726
1.9212398965330848
1.921227628689424
1.9201956965818476
1.921614400326014
1.9214494825584891
1.921282712901902
1.9212023184087295
1.9197192539668
1.9197641870325741
1.9220603525451918
1.9202985569044204
1.9192054206246878
1.9208318650826102
1.9210159858299412
1.9210311362282324
1.9210144010808319
1.9210021289572945
1.9199697025752054
1.9213329734080595
1.9211679476583863
1.921001110085201
1.9209205693878646
1.919436689472081
1.9194816375549768
1.9217791693748936
1.9200162341647993
1.9189224451336746
1.920549811695174
1.9207342522004303
1.9207494132137768
1.9207325800554447
1.9207202906991365
1.9196872487498635
1.9219475974343518
1.9217827857335072
1.9216161703435313
1.9215357210012685
1.920053787573463
1.9200986753374938
1.922393207896116
1.9206325612849036
1.9195401997947528
1.9211654355436507
1.9213496647322883
1.9213648061782502
1.9213479826547362
1.9213357079496565
1.9203040143889174
1.922891384570247
1.922726542288616
1.9225599438940673
1.9224793710251713
1.9209973432074487
1.9210422225825656
1.9233370217169823
1.921576064656399
1.9204835735954593
1.922108945122401
1.9222934397060105
1.9223085847682877
1.9222916570816018
1.9222793694236284
1.9212475545702172
1.9230603857599924
1.9228955902989369
1.9227290938118398
1.922648420093841
1.921167018970139
1.921211866550307
1.9235058325290126
1.9217453941390112
1.9206532966878869
1.9222780176673375
1.9224627232829659
1.92247786496282
1.9224608269607197
1.922448530629731
1.9214170887581596
1.9229829117731327
1.9228180967243877
1.9226515471591368
1.9225709393065182
1.9210892366345458
1.921134101160802
1.923428450395389
1.921667791476268
1.9205755134165847
1.922200542697525
1.9223851096227729
1.9224002525417994
1.9223832827178027
1.922370992342433
1.9213393791415256
1.9238616467750378
1.9236964322939523
1.9235295077168686
1.9234486396274817
1.9219634539097403
1.9220084171780196
1.924308231712704
1.922543315505426
1.921448433972773
1.9230773024954262
1.9232624548581703
1.923277634958376
1.9232605636408717
1.9232482371016255
1.9222141656704883
1.9204485730442646
1.9202832391215736
1.9201160824255776
1.920035408475219
1.918548729008125
1.9185937636683141
1.9208956110915876
1.919129381169829
1.9180335380240108
1.9196639697501567
1.919848718169849
1.9198639073678148
1.9198470587318834
1.9198347481120446
1.9187997659590559
1.9217343965583833
1.9215694763923534
1.921402899961083
1.9213220608185029
1.9198397122415516
1.9198845776912319
1.9221801265877954
1.9204183716356404
1.9193255180400086
1.9209513091495476
1.9211363767579648
1.9211515306713702
1.9211343826633154
1.9211220667671312
1.920089911787707
1.9215043772333817
1.9213393920915185
1.9211726811999312
1.9210919662289347
1.9196087741941297
1.9196536813379999
1.9219503633234933
1.9201878909397825
1.9190945017334975
1.9207211715545276
1.9209059799031678
1.9209211386278306
1.9209041290267295
1.9208918236151595
1.9198591612188922
1.924556147423765
1.9243911603664339
1.92422453582486
1.9241436198006094
1.9226607433060745
1.9227056201653225
1.925002035504119
1.9232395725806437
1.9221463054125487
1.9237726886281314
1.9239579251760035
1.923973085563393
1.9239558895752467
1.9239435643493645
1.9229110192072618
1.924058754396835
1.9238936020267183
1.9237267708593728
1.9236458636842002
1.9221613518554381
1.9222062875232249
1.924505135614302
1.9227408933022905
1.921646470164847
1.9232746202509878
1.9234598509482648
1.923475025857889
1.9234578963065572
1.9234455675707418
1.9224119297677804
1.9224505670048533
1.9222855450694394
1.9221188759474246
1.9220379640252379
1.920554738787474
1.9205996283983537
1.9228965602809283
1.9211337216036484
1.9200402090416
1.9216669684476944
1.9218521990026716
1.9218673624373914
1.921850182545762
1.9218378567990522
1.9208050796812781
1.9223449865859417
1.9221799297724442
1.922013216069989
1.921932308249866
1.9204487342688734
1.9204936366313852
1.9227910850577374
1.921027870626653
1.919934112670651
1.921561248267257
1.9217464728293394
1.9217616393113899
1.921744475516277
1.9217321492487407
1.9206991401552946
1.9233004243022869
1.9231353507659645
1.922968625035933
1.9228876979953922
1.921403992035004
1.9214488972499075
1.9237465622868184
1.9219831708629038
1.9208893095137858
1.9225165931369037
1.9227018599338492
1.9227170280343955
1.9226998522442595
1.9226875236442988
1.9216544170101832
1.922166737451323
1.9220016137465248
1.921834851933766
1.9217538672319723
1.9202697653333969
1.920314679105475
1.9226129939740613
1.9208490715716566
1.919754900043191
1.9213826277458417
1.921568021247379
1.921583194203413
1.9215659824282085
1.9215536468309737
1.92052024757485
1.922053540450695
1.9218887187061486
1.921722300790347
1.921641375917018
1.9201601347567108
1.9202049528074194
1.922498935393936
1.9207382518589975
1.9196461406602496
1.9212707570052756
1.921455999403742
1.9214711452688977
1.9214538828439356
1.921441561127987
1.9204101086467438
1.922549302114468
1.9223842887736458
1.9222177428033662
1.9221365756237858
1.9206538590926459
1.9206987064224352
1.9229951383690418
1.92123243030063
1.920139149384911
1.921765427966069
1.9219512012967797
1.9219663658694706
1.921948945458462
1.9219365948476195
1.9209040390958456
1.9223662477086962
1.9222011799021022
1.922034536273228
1.921953439061091
1.9204700722384522
1.9205149492659617
1.9228122810122277
1.9210489766608911
1.9199552697426605
1.9215822328158199
1.9217678614632547
1.9217830303224483
1.92176569418606
1.9217533490100103
1.9207203899532284
1.9223662477086962
1.9222011799021022
1.922034536273228
1.921953439061091
1.9204700722384522
1.9205149492659617
1.9228122810122277
1.9210489766608911
1.9199552697426605
1.9215822328158199
1.9217678614632547
1.9217830303224483
1.92176569418606
1.9217533490100103
1.9207203899532284
1.92288331657278
1.9227177728985565
1.9225504555952182
1.9224695626610888
1.9209811910593289
1.9210262648978385
1.923330861614422
1.9215624083982155
1.9204652535345887
1.9220975756608671
1.9222828067850453
1.9222980161193803
1.922281037588943
1.922268699885808
1.9212324800272857
1.9236059236535596
1.9234406226934833
1.9232735969279422
1.9231927178222648
1.9217067026386705
1.9217516942626052
1.9240527584954035
1.9222869137876861
1.9211914380740105
1.922821207004198
1.9230063896160166
1.9230215774293786
1.9230045263098852
1.9229921963965608
1.9219575634734096
1.9213550058032338
1.9211896059386375
1.9210225285329305
1.920941491561849
1.9194547692863166
1.9194997709777533
1.921802051551241
1.9200351666546873
1.9189391091900392
1.920569686141803
1.9207552126254261
1.9207704103394263
1.920753247163231
1.9207408991113375
1.9197057178385035
1.9212141110455412
1.9210486796507622
1.9208814918398902
1.9208006174812278
1.919313315706634
1.9193583533874765
1.921661333828777
1.919894085486328
1.9187976991972575
1.9204288588074907
1.92061404156161
1.9206292408498755
1.9206122400706798
1.9205999071682491
1.9195644135599108
1.9222775318163743
1.9221121123640887
1.921944981880227
1.921864010774526
1.920376986950724
1.9204220055882488
1.922724669417617
1.9209575639919445
1.9198613259187363
1.921492211171991
1.9216775989652333
1.9216927979184062
1.9216757029203133
1.9216633608240394
1.9206280082218699
1.9220358619109226
1.9218703636248426
1.921703127703667
1.9216221764633337
1.9201343467711571
1.920179395861566
1.9224832427451006
1.9207152864313304
1.9196184865697974
1.9212502382860748
1.921435589979649
1.9214507957418991
1.921433746982611
1.9214214047504814
1.9203855209794662
1.9210711762497037
1.920905674615723
1.920738504519272
1.9206573947685839
1.91916979583224
1.919214821684875
1.9215184852443736
1.9197505166226956
1.9186538001916302
1.9202853454399498
1.9204710348701335
1.9204862421054478
1.9204690470456776
1.9204566891432582
1.9194208857320751
1.9211040879529087
1.9209385891837922
1.920771460137919
1.920690265301433
1.9192028359339637
1.9192478476929025
1.9215513446070782
1.9197834195216892
1.918686780306067
1.9203181652794081
1.920504035634836
1.9205192432494742
1.9205019680165778
1.9204896018261142
1.9194538722035976
1.9208572041013168
1.920691957123976
1.920525135892333
1.9204439432230582
1.9189589786556707
1.919003903250414
1.9213037177141963
1.9195385005177825
1.9184436114525312
1.9200723291477804
1.9202581751047285
1.9202733604839766
1.9202559986162537
1.9202436393098026
1.919209563840158
1.9217468184112525
1.9215815489813584
1.9214146336209823
1.9213335919028858
1.919848156218353
1.9198931118528824
1.9221934762178676
1.9204279949560457
1.9193328480667917
1.9209620343385099
1.9211475606798332
1.9211627469189294
1.9211455334024359
1.9211331883396485
1.9200988677520014
1.922716309343624
1.9225510308361011
1.9223840991992922
1.922303069142437
1.9208175250759871
1.9208624856601368
1.923162999991732
1.9213974193494223
1.92030220145975
1.9219315018134682
1.9221170040409121
1.922132190994426
1.9221149915237024
1.9221026473667135
1.9210682595615654
1.920643640627917
1.9204783301071755
1.9203113949405044
1.9202302838999148
1.9187445606591114
1.9187895199011953
1.9210903841312459
1.9193244712714213
1.9182290852032384
1.9198586014724899
1.920044278632283
1.9200594690124504
1.920042205465118
1.920029852499258
1.9189953065071046
1.9206600964795193
1.9204947873912097
1.9203278727498276
1.9202467191663397
1.9187610807099735
1.9188060329052086
1.9211068138125984
1.9193409227209177
1.9182455752604568
1.9198750113922185
1.9200607790146342
1.9200759695844631
1.9200586659505676
1.920046308840686
1.919011799742866
1.9213738642904128
1.9212084596454835
1.9210414275392116
1.9209602746006735
1.9194736982965375
1.9195186837970486
1.921820864369162
1.920053945396555
1.9189579327546527
1.9205883833759487
1.9207741571335597
1.9207893561309624
1.9207720867408478
1.920759727162686
1.9197245893553505
1.9213011955747061
1.9211357589165583
1.9209687232804238
1.920887489358152
1.9194007338796613
1.9194457180381073
1.9217482485086763
1.9199809973185535
1.9188848164981414
1.9205154830349698
1.9207014317249305
1.9207166341489872
1.9206993006822635
1.9206869322952305
1.91965163630089
1.921798588601636
1.9216333172562732
1.921466488245911
1.9213852454745606
1.9199001253302974
1.9199450506802045
1.9222451483984935
1.920479676596907
1.919384651745843
1.9210135514121136
1.9211995059526685
1.9212146938544916
1.9211972939509525
1.9211849290738532
1.9201507257403714
1.920693008182724
1.9205277019592788
1.9203608283684752
1.920279589699189
1.9187941208116979
1.918839058913236
1.9211396731753028
1.919373825619912
1.9182785553748942
1.9199078312316769
1.920093779779337
1.92010897072849
1.9200915869214683
1.9200792215235418
1.9190447862143882
1.9216014809798387
1.921436147523507
1.9212692251034063
1.9211880214178418
1.9197022273846003
1.9197471803349997
1.9220482444968954
1.9202820988000429
1.9191866155537687
1.920816233656552
1.9210021098625745
1.921017302954979
1.9209999612852673
1.920987598604737
1.9199529616430795
1.9216813576022744
1.9215160375208675
1.9213491929530673
1.9212678499775653
1.9197824186795522
1.9198273455397856
1.922128009767088
1.920362028755157
1.9192667323324661
1.9208959959407805
1.921082167648549
1.921097360595522
1.921079884620351
1.9210675086019555
1.9200330495407993
1.9236725183323886
1.9235068599802143
1.9233396064097272
1.9232582502507232
1.9217695246867754
1.9218145670668585
1.9241201634426706
1.9223505460413235
1.9212529052872402
1.9228857365811804
1.9230719629365027
1.923087185832023
1.9230698166896887
1.923057430413203
1.9220207557071614
1.9211205438045105
1.9209550464678262
1.920787937947243
1.920706700567858
1.9192193559848256
1.9192643606969155
1.9215677742884305
1.919799870971186
1.9187032703632858
1.9203345751991372
1.9205205360171875
1.9205357438214876
1.9205184285020278
1.9205060581675424
1.9194703654393588
1.923308403481435
1.9231429481849929
1.922975986871297
1.9228945326753526
1.9214079607577368
1.9214529174839523
1.923755397918383
1.9219879791956664
1.9208918170203277
1.92252234497822
1.922708764102276
1.9227239698075558
1.9227064379587626
1.9226940474249936
1.921658771144149
1.9228110104545046
1.9226453898452778
1.9224782219058105
1.922396776558944
1.9209085693071
1.9209535848418549
1.9232584980285656
1.921489299917312
1.9203919817726263
1.9220242766010764
1.9222106898745375
1.9222259101020511
1.9222084446900736
1.9221960506463707
1.921159681704667
1.922112927222795
1.921947766724445
1.9217810466812593
1.921699865028275
1.920215729926741
1.9202606261658288
1.922559190931496
1.9207949022355222
1.9197006073512932
1.9213284246390083
1.9215142403468826
1.9215294180129734
1.9215120359472404
1.9214996800148667
1.9204661660372362
1.9218033938727888
1.9216381101018967
1.921471330639826
1.9213899410193611
1.919904943249015
1.919949850310768
1.9222499146716308
1.9204843311816489
1.9193893187606335
1.9210181260409473
1.9212043942042325
1.9212195842935371
1.9212020521352857
1.921189672493695
1.9201554823025442
1.9238339029404172
1.9236686282471538
1.923501865061516
1.92342046377981
1.921935574391381
1.9219804765035138
1.9242803908977668
1.922514906788272
1.9214199653676753
1.9230486585659885
1.9232349508431532
1.923250140218041
1.9232325940140196
1.9232202134666305
1.9221860904929804
1.921714269305479
1.9215489520889366
1.9213821485717144
1.9213007205104145
1.9198154587812764
1.919860371547813
1.9221608691297927
1.92039493165415
1.9192997124469033
1.920928815780239
1.921115168413252
1.9211303617395485
1.9211128055912514
1.9211004212848113
1.9200660360123216
