1.894477899104946
1.8941315489466966
1.8935151476478314
1.8939555500450223
1.894126992060019
1.8958101204842197
1.897016379892728
1.8970500912939596
1.8956512377625268
1.895783731594951
1.8958424713528081
1.8953001407472054
1.8955262025842294
1.895589820542687
1.8950957239737132
1.8957856038383496
1.8952968534855912
1.8955723640019309
1.894968493390086
1.8947043062541764
1.8943263829489896
1.8941169279509533
1.8946307703459973
1.8943843124632758
1.8949127891944597
1.8938642236248586
1.894316198683823
1.89686017053633
1.8937731866535175
1.8938622792967947
1.8961527225691945
1.8958068092108822
1.89519121629022
1.8956311370608152
1.8958023712229901
1.8974831695736467
1.8986879857880279
1.8987217757933033
1.8973245447398897
1.8974568453711265
1.8975155967749395
1.8969739650729363
1.8971998017950005
1.8972632807509264
1.8967698802333985
1.8974590000570095
1.896970852010201
1.8972459458955737
1.8966428384059206
1.8963790495529336
1.8960017094045898
1.895792514089873
1.8963054390758993
1.8960593595416495
1.8965872058578717
1.895540003833696
1.8959915038288955
1.8985321813251534
1.8954490056558937
1.8955381282455523
1.8961329110662823
1.8957869900297617
1.8951713559940517
1.8956112211962446
1.8957824517558117
1.8974634710469607
1.8986682448692391
1.8987019283824975
1.8973047917689272
1.8974371184521246
1.8974957952563354
1.8969541383011552
1.897179926925431
1.8972434593274399
1.8967499832918837
1.897439021013395
1.8969508745999213
1.897226035836885
1.8966229135876898
1.8963590612355594
1.8959816183796168
1.8957724223802486
1.8962855972640473
1.89603945247675
1.8965672785685728
1.8955200168683466
1.8959714428185916
1.8985122528769618
1.8954290839788124
1.895518082545634
1.8954356969641544
1.8950893158446411
1.8944728763040843
1.8949133581977768
1.8950848200856898
1.8967679861831697
1.8979743958855952
1.898008176168335
1.8966091205355111
1.8967416120145626
1.8968004036433086
1.8962580326834064
1.896484147349277
1.8965477390336365
1.896053637952312
1.896743639309355
1.8962548376074881
1.8965303351356975
1.8959264113850136
1.89566223603742
1.8952843368870456
1.8950748607336931
1.895588602568567
1.8953421593777149
1.8958707029690949
1.8948220660412451
1.8952741331373655
1.8978182856213968
1.8947309795912515
1.8948201575885069
1.895520101245737
1.8951737820487515
1.8945574189915781
1.8949977418922674
1.895169164034349
1.8968522547852689
1.8980583638998612
1.8980920064195843
1.8966933549895415
1.8968258511753395
1.8968845390623075
1.8963422488110049
1.8965682578191823
1.8966319020517377
1.896137809995114
1.896827568367344
1.8963388693636936
1.8966143928681625
1.8960105753951588
1.8957463764709326
1.8953684290109336
1.8951589951682124
1.895672938123427
1.8954264655488362
1.895954875419823
1.8949063812084725
1.8953582642302806
1.8979020554512624
1.8948153937157828
1.8949044010050824
1.8946790483532898
1.8943321841161591
1.8937148157256132
1.894155747605598
1.8943274300140327
1.89601340573932
1.897221324145585
1.8972548817217556
1.8958541903892079
1.8959869248199954
1.8960456074744687
1.8955024467503145
1.8957287431644148
1.8957925544693746
1.8952976017881966
1.8959883204744703
1.895498868384216
1.8957749042584446
1.8951701347276448
1.8949054458871575
1.8945267823195548
1.894317023958265
1.8948320824375304
1.8945851450839808
1.8951143455017196
1.8940641543180952
1.8945166404252276
1.897064533021257
1.8939731101724468
1.8940620955316254
1.8945945997758638
1.8942483386623024
1.8936320315309871
1.8940721676544734
1.8942435482494193
1.895926674124025
1.897132461454733
1.897165912965431
1.895767712958091
1.8959002268766159
1.8959587737220043
1.8954165515527133
1.8956424308543027
1.8957061543580955
1.8952120335671585
1.8959015079035257
1.8954129124147594
1.8956884955712838
1.8950847769961892
1.8948205227457589
1.894442475622336
1.894233083747919
1.894747352772361
1.894500818187508
1.8950290842259023
1.8939807028930256
1.8944323648180441
1.896975861057033
1.893889847001773
1.893978621571699
1.8951889319568243
1.8948424040818457
1.8942256251201306
1.894666107409566
1.894837620839645
1.896522023496065
1.8977287472666862
1.8977622361746214
1.8963629453861461
1.8964955588881947
1.896554159067038
1.8960115206012038
1.8962375796790962
1.8963013466345284
1.8958068521698357
1.8964968682398002
1.89600789498273
1.8962836838104407
1.8956795002761049
1.8954150486919015
1.895036720545376
1.894827166925164
1.8953418062883018
1.895095088253755
1.895623764733824
1.8945745796718492
1.8950265986732455
1.8975720461781733
1.894483646487916
1.8945725031099088
1.8950636151019338
1.8947170021455872
1.8941000864645965
1.8945407119268822
1.8947122714366424
1.896396989216755
1.8976040463300652
1.8976376009497535
1.8962378993476454
1.896370533018222
1.8964291882746849
1.8958864236699244
1.896112566722145
1.8961763214384162
1.8956817401748187
1.896371977873699
1.8958828778771937
1.896158701586171
1.8955543704451923
1.8952898848326365
1.8949115143655426
1.8947019071723905
1.8952165450328744
1.8949697984749538
1.8954986218811143
1.894449198747465
1.8949013737967977
1.8974474054426496
1.894358207155171
1.8944471531392713
1.8952311340976153
1.894884637183901
1.8942678964638775
1.8947082992568116
1.8948797928139747
1.8965641577971146
1.897770731273819
1.8978041513002457
1.8964050626131614
1.8965376784685828
1.8965962267765377
1.896053628665003
1.8962796349140487
1.896343428143579
1.895848938191237
1.8965388327687946
1.8960499108608326
1.8963257126766735
1.895721582281178
1.8954571189086582
1.89507876660732
1.8948692341424234
1.895383974065732
1.8951372413393153
1.8956658509591882
1.894616737255463
1.895068664219703
1.8976139310931064
1.8945258535501814
1.894614624818197
1.8952733362384069
1.8949268702859567
1.8943101678076242
1.894750491104057
1.8949219647883047
1.8966062920981641
1.8978127152809525
1.8978460664258707
1.8964471798401767
1.8965797980489716
1.896638294486037
1.8960957367288025
1.8963216901490012
1.8963855096526294
1.8958910242126377
1.896580797297789
1.8960919267389353
1.896367741542906
1.8957636642862505
1.8954991891254147
1.8951208126692642
1.8949113013596828
1.895426141843162
1.8951793944248765
1.8957079371845527
1.894658894839077
1.8951107297661607
1.8976558160080395
1.8945680606124466
1.8946567465264845
1.895054998917961
1.8947083899249346
1.8940914316922173
1.8945319340536495
1.89470347822304
1.8963885085772503
1.8975954269554485
1.8976287873963578
1.8962293285047094
1.896362002429914
1.8964205198515285
1.8958777375441525
1.8961037820352673
1.896167630057712
1.8956729377732473
1.896362991572774
1.8958739197008254
1.8961498509312542
1.8955455242203827
1.8952809374649533
1.8949024008590554
1.8946928032165842
1.8952078662038117
1.8949610144203846
1.895489774059848
1.894440297091248
1.8948923150545707
1.897438455227829
1.8943494281706816
1.8944381454435382
1.8952113225947032
1.894864818002781
1.8942480361677094
1.8946883833922412
1.8948598733467965
1.8965444592704281
1.8977509903550307
1.8977843038894404
1.8963853096421985
1.8965179515495816
1.8965764252579336
1.896033801893222
1.8962597600444793
1.8963236067200926
1.895829041249722
1.8965188537251798
1.896029933450553
1.8963058026179849
1.8957016574629468
1.8954371305912843
1.8950586755823475
1.894849142432799
1.8953641322538797
1.895117334274416
1.895645923669889
1.8945967502901138
1.8950486032093994
1.8975940026449152
1.8945059318731001
1.8945945791182788
1.8946566134195673
1.894310390945478
1.893694163170902
1.894134275366289
1.8943056396909272
1.895988506951761
1.897194186380655
1.897227675501861
1.895829583156069
1.8959620733760056
1.8960206429501085
1.8954784863882934
1.8957043609588247
1.895768057290632
1.895274016530074
1.8959634514761352
1.8954749057031421
1.895750434496205
1.8951467838194924
1.894882581279889
1.8945046127092529
1.8942952426748032
1.894809362361643
1.8945628783379682
1.8950910977405655
1.8940428474419893
1.8944944913748052
1.8970376744201576
1.8939519757411198
1.894040788979905
1.894459377169517
1.8941130271354834
1.8934965627273685
1.8939368142395046
1.8941082391128279
1.8957917905813717
1.8969978900587177
1.897031354035161
1.8956327904341097
1.895765337547142
1.8958239021703494
1.8952815412355433
1.8955074804625673
1.8955712184502398
1.8950769731013841
1.8957666280156171
1.895277906604083
1.8955535583176697
1.8949496847561609
1.8946853647278066
1.894307223930016
1.894097778140334
1.8946121706110082
1.894365574876257
1.8948939777285427
1.8938453284859669
1.8942971094364442
1.8968412560974133
1.8937544468304872
1.893843248751102
1.8944705724884567
1.8941242340959512
1.8935077682511576
1.8939479522308422
1.8941193653664037
1.8958030084685533
1.89700901160289
1.8970423878925706
1.8956439725621363
1.8957765338778352
1.8958350352657964
1.8952926818815525
1.8955185706452586
1.8955823484930219
1.8950880676413275
1.895777620758307
1.8952889258379946
1.8955646177214418
1.8949607633495817
1.8946964056774978
1.8943182014485018
1.8941087658941518
1.8946233335937972
1.8943766978865877
1.8949050571965749
1.893856413795099
1.894308111704521
1.8968522343307839
1.8937655895230794
1.8938542867552872
1.8950932880604583
1.8947473516675213
1.8941316354017153
1.8945713894671046
1.8947426128214557
1.8964240739935883
1.897628763031662
1.8976622335608864
1.896265285827003
1.8963976646141214
1.896456192219126
1.8959144847575928
1.896140177186292
1.8962038164804675
1.8957101894088548
1.8963990629261653
1.8959109197793624
1.8961862157195086
1.895583063951228
1.8953190846008112
1.8949414363296708
1.8947322389610002
1.895245913640344
1.8949996383469516
1.8955274239899744
1.8944800429376474
1.8949313207979845
1.897472395980579
1.89438924062465
1.8944779911457978
1.896790502162586
1.8964450258526417
1.8958301150916819
1.8962692524655722
1.8964402444915784
1.8981195588573785
1.8993226120153057
1.8993559857750497
1.8979609570604188
1.8980931710516833
1.898151583832153
1.897610590375342
1.8978359567624459
1.8978995367742706
1.8974065347484266
1.8980944446302055
1.8976069567717955
1.8978819164206955
1.8972795661539044
1.8970159097989514
1.8966387178222426
1.8964298006075553
1.8969429083358236
1.8966969314459865
1.8972239995894518
1.8961779937647487
1.8966286304792106
1.8991663632361437
1.8960873450122107
1.8961759161029241
1.8968426100548335
1.8964971685452574
1.8958823165835126
1.8963214022451025
1.8964923761994972
1.8981715424217716
1.8993744664818335
1.8994078246060775
1.8980129507729153
1.8981451540915728
1.8982035523009546
1.8976626118250315
1.8978879494321834
1.8979515289950644
1.8974585692405845
1.8981463986810074
1.8976589613550379
1.8979339003162727
1.8973316105680924
1.897067974174395
1.896690809396673
1.8964819136796272
1.8969949970191793
1.8967490380639975
1.8972760494594654
1.8962301448310368
1.8966807265308203
1.8992182123751722
1.8961395129130167
1.8962280606611712
1.8971130995633705
1.8967671708486422
1.8961514956978833
1.8965913053316747
1.8967625322886343
1.8984437725202747
1.8996485039504505
1.8996820809716928
1.8982850387979653
1.8984173915331235
1.8984759937377307
1.8979343115293743
1.8981600520558621
1.898223637903954
1.8977300863503697
1.8984190419697802
1.8979308971896423
1.8982061257781966
1.8976029887694592
1.897339072918186
1.8969615273546443
1.8967523306706249
1.8972657554521954
1.8970195454118515
1.8975473512792733
1.8965000299029973
1.8969513818082882
1.89949232442877
1.8964091623017318
1.8964980368457158
1.8972384164182607
1.8968925727849004
1.8962770343534183
1.8967167008143588
1.8968878816916366
1.898568806799585
1.899773204887072
1.89980671619656
1.898410084836466
1.898542417403096
1.898600964530084
1.898059408460654
1.898285065012813
1.8983486631000668
1.8978551983453864
1.8985439323358813
1.8980559142951785
1.8983311080024665
1.8977281186003716
1.8974642367774512
1.8970867335344779
1.8968775904233977
1.897391016707623
1.8971448351906528
1.8976724941319831
1.896625410827381
1.897076606684736
1.8996169651642942
1.8965346016344766
1.8966233868163533
1.8973637332731514
1.8970179747211589
1.896402573008953
1.8968420962970427
1.8970132310946395
1.8986938410788952
1.8998979058236931
1.899931351421427
1.8985351308749667
1.898667443273069
1.898725935322437
1.8981845053919326
1.8984100779697637
1.8984736882961788
1.8979803103404036
1.8986688227019823
1.8981809314007152
1.8984560902267364
1.897853248431285
1.8975894006367164
1.8972119397143112
1.8970028501761707
1.89751627796305
1.8972701249694537
1.8977976369846927
1.8967507917517654
1.8972018315611838
1.899741605899818
1.8966600409672214
1.8967487367869909
1.8965721648421405
1.8962265454916203
1.8956113789762754
1.8960506954151648
1.896221757926314
1.8979017753364649
1.8991053236898021
1.8991387067455372
1.8977431057249519
1.8978753754326256
1.8979338091976439
1.8973925911906917
1.8976180486487122
1.897681657179353
1.8971884483090364
1.8978766389051902
1.897388949733685
1.897664025809044
1.8970614260880363
1.89679765813849
1.896420306012033
1.8962113024644567
1.8967246326964737
1.896478551441495
1.8970058364647475
1.8959593960169194
1.896410215767621
1.898949002455933
1.8958687125704452
1.895957315019978
1.896551019475901
1.8962060496908457
1.895592001797269
1.8960304032349082
1.8962011341231955
1.8978782451727438
1.8990794370096498
1.8991126106776492
1.8977198041343581
1.8978518568598282
1.8979100770094286
1.8973698580887894
1.8975948191910288
1.89765837933165
1.8971660091200997
1.8978527731277375
1.8973660175813831
1.8976406604212324
1.8970391913641895
1.8967758403222257
1.8963990684077303
1.8961904630799997
1.896703154697449
1.8964574541733634
1.8969837045269757
1.895939180967271
1.8963890384801234
1.8989231578641088
1.89584875999317
1.895937023622483
1.8972693789442685
1.8969242196767406
1.896309858666242
1.8967485584136323
1.896919389596437
1.8985972602002559
1.8997991726734464
1.8998324589597002
1.8984387769583682
1.8985708818701876
1.8986292008106704
1.898088696808441
1.8983138282248666
1.8983773774731565
1.897884793648608
1.8985720206092305
1.8980849867261183
1.8983597265102317
1.8977579282907127
1.8974944833366303
1.8971175875046045
1.896908864111012
1.8974216273919537
1.8971758445405307
1.897702412064225
1.8966573468440209
1.8971075254488476
1.899642969711498
1.8965668169580063
1.8966552399771048
1.8970299405534272
1.8966846227646912
1.8960699868789617
1.8965089054396023
1.8966798170440076
1.8983584095288173
1.8995608923443756
1.8995942223673747
1.8981998670093936
1.8983320264609356
1.8983903923214116
1.8978496435918912
1.898074892493656
1.8981384571237137
1.897645664198517
1.8983332326197182
1.897845971748957
1.8981208214654635
1.8975187472223087
1.8972551965677906
1.8968781526634235
1.8966693323592838
1.8971822678638888
1.8969363879932588
1.8974632058268388
1.8964176703043847
1.896868077964029
1.8994046664738207
1.8963270809851083
1.8964155780400145
1.8972383721224169
1.8968931935351532
1.8962787928462852
1.8967175045577243
1.896888343875683
1.8985663437863878
1.8997683102104854
1.8998015776914847
1.8984078418593793
1.8985399586204927
1.8985982661966183
1.8980577293906506
1.8982828631726052
1.8983464260068879
1.8978538021671505
1.8985410488229257
1.898053990081927
1.898328757047771
1.897726924879061
1.8974634540695645
1.897086518961146
1.8968777846475704
1.8973906225973127
1.8971448144653003
1.8976714053068933
1.8966262745695392
1.897076462170467
1.8996120630299358
1.8965357525883328
1.896624156273002
1.8969679269097237
1.8966225704815158
1.8960078552390474
1.8964467977277866
1.8966177256024999
1.898296576701081
1.8994991674184545
1.8995324598309444
1.898137996811416
1.8982701799615456
1.8983285230933074
1.8977877087563109
1.8980129623891344
1.8980765541911766
1.897583681235602
1.8982712890471087
1.8977839784605746
1.8980588825405424
1.8974567403990048
1.89719313803366
1.8968160155765064
1.8966071734323997
1.8971202582746065
1.8968743278427986
1.897401192312175
1.8963555257554214
1.8968059514072677
1.8993428531106964
1.8962649522457617
1.8963534106318087
1.897280574263208
1.8969354266372085
1.8963210641900314
1.8967596964049698
1.8969305158500127
1.8986084780874373
1.8998102942176183
1.8998434928171095
1.8984499590863948
1.8985820782008809
1.898640333906118
1.8980998374544498
1.8983249184075577
1.8983885075159384
1.8978958881885513
1.8985830133519206
1.89809600596003
1.8983707859140035
1.8977690068841337
1.897505524286321
1.8971285650230907
1.8969198518648296
1.8974327903747428
1.897186967550861
1.8977134915322573
1.8966684321531528
1.8971185277169245
1.8996539479448689
1.8965779596505983
1.8966662779812897
1.8966763363307915
1.8963314516271046
1.8957175404528033
1.8961557987175919
1.896326483526198
1.898003279452054
1.899204137946271
1.8992372459025169
1.8978448501728589
1.8979768827298014
1.8980350478017818
1.8974949550200684
1.8977198321479798
1.897783404527762
1.8972911211151167
1.8979776634938388
1.8974910346869196
1.8977656426455025
1.897164321195102
1.8969010041814915
1.8965242745875637
1.8963157228327727
1.8968284159528763
1.8965827439521648
1.897108847379686
1.896064561891655
1.8965142633565713
1.8990477985996326
1.8959741993259147
1.8960623735931204
1.896187553797653
1.8958423482124456
1.8952278667301592
1.8956665348372463
1.8958373786877507
1.8975157288458337
1.898717706828736
1.8987508490124638
1.8973571537894283
1.897489308451796
1.8975475300639617
1.8970069352010794
1.897232023250775
1.8972956531171332
1.8968029137441778
1.897490097993006
1.8970030160274565
1.8972778775266221
1.8966759966491782
1.8964124364851256
1.8960353593927148
1.895826613474504
1.8963397759908198
1.896093877325171
1.8966204712602628
1.8955752153297079
1.8960253378817828
1.8985612279001822
1.8954847665415782
1.895573026868981
1.8956565691237235
1.895311011695731
1.8946959216637687
1.8951350791096555
1.8953061018749735
1.896986043938564
1.8981892917040681
1.8982225369967867
1.8968273401789826
1.8969596145934025
1.8970179446166429
1.8964768073182905
1.8967021591186177
1.8967658201974538
1.896272620351838
1.8969605679631796
1.896472981489891
1.8967480835415098
1.896145590098182
1.8958817985720036
1.8955043981359219
1.8952954368989758
1.8958089682513337
1.8955628576126167
1.8960900089154757
1.895043711184147
1.895494346860536
1.898032772285799
1.8949531266949764
1.8950415584365536
1.8958960518104082
1.895549987857527
1.8949340349581818
1.8953739283403193
1.8955452122433567
1.897227357623199
1.8984324667097248
1.8984659120941865
1.8970684931050437
1.8972009287852576
1.8972594514393668
1.8967175396048428
1.8969432966900344
1.8970069776400746
1.8965131459801647
1.8972022394656476
1.896713920680303
1.896989339540973
1.8963859648878967
1.8961218680487284
1.895744047550434
1.8955347744265312
1.896048721889708
1.89580233488524
1.8963303039779518
1.8952825239816253
1.8957339388596235
1.8982759776578344
1.8951917117140176
1.8952804509169952
1.8960846718764857
1.8957387394468685
1.8951229806293362
1.8955626115938713
1.8957338196078541
1.897415593354083
1.8986201436570453
1.8986534200074914
1.897256714984067
1.8973891340258129
1.8974475237959694
1.8969057986318214
1.8971313924994144
1.8971951250997634
1.8967013870072833
1.8973900766252407
1.8969019616029938
1.897177365064592
1.8965742177264182
1.8963101372331288
1.8959323228231835
1.8957231350051933
1.8962372348112804
1.8959908542923822
1.8965185761687071
1.8954711412814302
1.8959222620557579
1.8984634457657579
1.8953804616401604
1.8954689834500638
1.8963749285920908
1.896029181681626
1.8954137785327418
1.8958532342883796
1.8960243573482147
1.8977050589660762
1.8989090273678653
1.8989423852788365
1.8975463130029926
1.897678639603762
1.8977370684178847
1.8971956460379418
1.8974211681524547
1.8974848183389608
1.8969914048803467
1.8976798154446723
1.8971919506346262
1.8974671496305087
1.896864327024705
1.8966004415864075
1.8962229172327967
1.8960138379299878
1.8965274409458384
1.8962812479797837
1.8968087164527245
1.8957618770608973
1.8962128338292605
1.8987525841331887
1.895671183659813
1.8957597747911754
1.8974270364843384
1.897081324374242
1.8964659800245727
1.8969053840679104
1.897076489056134
1.8987570425304694
1.8999608818343925
1.8999942241098646
1.8985983067154892
1.8987306226436516
1.8987890368866864
1.898247667487632
1.8984731608221928
1.8985368105597547
1.8980434393725054
1.8987317694954746
1.8982439552178691
1.8985191335260854
1.8979163714388938
1.8976525059618512
1.8972750088072272
1.8970659510020598
1.8975795296291946
1.8973333545977946
1.8978607663227385
1.8968140281271866
1.89726492988087
1.899804433272218
1.8967233515606197
1.8968119193494226
1.8965325418363164
1.8961869071293795
1.895571658383939
1.896010863686024
1.8961819189919582
1.8978623782830923
1.899065841852225
1.8990990119239264
1.8977035997830274
1.8978359215946223
1.8978942061604351
1.89735293764713
1.8975782989095737
1.8976420143323807
1.897148654426007
1.897836680817961
1.897348994913126
1.897624205691667
1.8970215764515748
1.896757681503742
1.8963801239620877
1.8961711190452082
1.8966849490727695
1.8964387373116964
1.8969659818861486
1.8959194220862208
1.8963700937470138
1.8989091455595497
1.8958288692162828
1.8959172236201416
1.8956690983059898
1.8953228952758523
1.8947066440703961
1.895146593416679
1.8953179324644904
1.8970010934627803
1.8982065590096044
1.8982398195112782
1.8968420709266403
1.8969746025778915
1.8970330083817013
1.8964908542944212
1.8967166038894232
1.8967804066644534
1.8962862571392032
1.8969754474397076
1.8964869554658246
1.8967625982744047
1.8961589785972186
1.895894669020585
1.8955165222337378
1.895307172327626
1.895821767421295
1.8955751708261799
1.8961032930319803
1.8950550245775788
1.895506465405807
1.8980496666628026
1.8949643002877627
1.895052842138315
1.8947733140904846
1.8944271806610837
1.8938110470540577
1.8942508929757402
1.8944221958803273
1.8961050605915661
1.8973102679426594
1.897343497173333
1.8959460583516334
1.89607856865767
1.8961369453193044
1.8955948971938013
1.8958205892288975
1.8958843911060403
1.8953903261235197
1.8960793555413116
1.8955909646323104
1.8958665660655587
1.8952630674255952
1.8949987977714715
1.8946207053825992
1.8944113984717694
1.8949259447880071
1.8946793840622007
1.8952073927720081
1.894159326710156
1.8946106575090262
1.8971533649408607
1.8940686360893753
1.894157131254809
1.8963564066566616
1.896010659870413
1.895395193612279
1.8958344984828615
1.8960056044010238
1.897686729063228
1.8988905375338545
1.898923648020038
1.8975278656745753
1.8976602455559526
1.8977184992354255
1.8971770465262796
1.8974024460307923
1.8974662162465132
1.8969726540080176
1.8976608396219403
1.897173003753118
1.897448343946248
1.8968455183907795
1.8965815000600375
1.896203758213823
1.895994688119369
1.896508841210849
1.8962625103927655
1.8967899049868084
1.8957429819220055
1.896193744581882
1.8987336696942725
1.8956524438367832
1.8957407442454832
1.8951565912716453
1.8948107013206046
1.8941950424173353
1.8946346772379725
1.8948058707829505
1.8964872754451627
1.8976917390423618
1.8977251062493234
1.8963284616675258
1.896460843984704
1.8965192937833752
1.895977646853292
1.896203260038721
1.8962669387440432
1.8957733184409562
1.8964620097196574
1.8959739435965164
1.8962492590188573
1.8956461869588372
1.895382189925946
1.8950045054225872
1.8947953397868893
1.8953091653064886
1.8950628679752926
1.8955905533280204
1.894543279313068
1.8949944191176704
1.8975352233529785
1.8944525512180481
1.8945411737082294
1.8946790040574462
1.894332804866413
1.89371657421848
1.8941565513489642
1.8943278921980788
1.896010942726124
1.8972164294689988
1.8972497432166802
1.8958519474121218
1.8959844660373921
1.8960429091410032
1.8955007676803117
1.895726541324208
1.8957903173761965
1.8952962056099603
1.895985436961515
1.895496944170965
1.8957725533037493
1.8951689410063344
1.8949046631792716
1.894526567746224
1.8943172181824381
1.8948316883272216
1.8945851243586296
1.8951132566766304
1.8940650180602536
1.894516495910959
1.897059630886899
1.8939742611263042
1.8940628649882743
1.8947212061982373
1.8943750379684683
1.893758845562227
1.8941987431962097
1.8943700641724086
1.8960530770271733
1.897258413476132
1.8972916583423052
1.895894064639137
1.8960265856177811
1.8960849768505026
1.8955428757441108
1.8957685965591604
1.8958323988852464
1.8953382916313617
1.8960274014905096
1.8955389600490675
1.8958145821699819
1.8952110230114072
1.8949467333960281
1.8945686138081685
1.8943592853996976
1.894873856104651
1.8946272774441903
1.8951553429019945
1.8941071756438674
1.8945585614574167
1.8971015158018318
1.8940164681885694
1.8941049866965622
1.8960015128665424
1.8956561913629184
1.895041471810415
1.895480211701799
1.8956511043632271
1.8973302303626263
1.898532532050971
1.8985655614031733
1.8971715431954954
1.8973037689536258
1.8973619223796503
1.8968211306943383
1.8970462329372093
1.8971099443195227
1.8966169648554312
1.8973042672751785
1.8968170361623091
1.897092060751859
1.8964899761792675
1.896226260882734
1.8958489481319636
1.895640136693853
1.896153747222974
1.8959076968737905
1.8964344307162726
1.895388781682818
1.8958389582114987
1.8983757878108087
1.8952983803235381
1.8953865246443629
1.8970002232990586
1.896654893993011
1.89604019643471
1.8964790316427467
1.8966499378432409
1.8983288617387877
1.8995312809661926
1.8995644512511667
1.8981702375529501
1.8983024360824328
1.8983606900435048
1.8978199034342194
1.898045080189302
1.898108724988484
1.8976158187862453
1.8983032640542956
1.8978160056335371
1.898090956377431
1.8974888599949624
1.8972252140917296
1.8968480161259642
1.8966391947948473
1.897152505146111
1.8969065273959094
1.8974333148928897
1.8963876898563603
1.8968379864485736
1.8993747738015336
1.8962971984694865
1.8963855094901372
1.8964170864370382
1.8960720355339349
1.8954578083693552
1.8958962298789914
1.8960669915065906
1.897744730253929
1.8989461166984123
1.8989791618993863
1.897586187252922
1.8977183004015472
1.8977764377939186
1.8972360750317383
1.8974610215472005
1.897524662754833
1.8970320947235113
1.8977188964607115
1.8972320422994782
1.8975068275420461
1.8969052153084671
1.896641729095278
1.8962647487214097
1.8960560993714204
1.896569214612959
1.8963233803399933
1.8968497138529998
1.8958048983866693
1.8962547548614492
1.8987895669137638
1.8957145416759356
1.8958026659561122
1.8970325196883944
1.896687217504506
1.8960725376303726
1.896511265557707
1.8966821500839812
1.8983611467764938
1.8995633945139316
1.8995964426713887
1.898202478294484
1.8983346922033206
1.8983928569937025
1.8978520981121285
1.89807719798947
1.8981408957857913
1.897647956336889
1.8983352390614832
1.8978480328065
1.8981230302143193
1.8975209795909194
1.897257290149799
1.8968800166754223
1.8966712161572945
1.8971847520176148
1.8969387269490205
1.8974654374736044
1.8964198539572996
1.896870021489879
1.8994066944923707
1.8963294446932113
1.896417608348466
1.896076011396669
1.8957307479764693
1.895116084349824
1.8955546374640049
1.8957254885782977
1.8974046497013821
1.8986066296058428
1.8986394679490202
1.8972459011640448
1.8973781446549016
1.897436157039347
1.8968954334360466
1.8971204059723297
1.8971841966258804
1.8966911884274757
1.8973782068113605
1.8968910792133749
1.8971661634549801
1.8965641777802977
1.8963004071575598
1.8959229947433653
1.8957142252735595
1.8962281618719081
1.8959820495124622
1.8965086395223514
1.8954631033673712
1.8959130587992623
1.898449593416579
1.8953728336095281
1.8954607452109797
1.8957185384715831
1.8953736847291598
1.89475981179655
1.8951979905648373
1.8953686555005282
1.8970454137531032
1.898246121953404
1.8982791610281418
1.8968869673998743
1.8970190023101892
1.8970771155112813
1.896537063083868
1.8967618873829326
1.8968254860368123
1.8963332071365184
1.897019628022833
1.896533050565022
1.8968076715117348
1.8962064032001755
1.8959430743982475
1.895566320649508
1.8953577900500327
1.8958705837303065
1.8956248970377256
1.8961509336050495
1.8951067194752687
1.8955563289030288
1.8980896835145655
1.8950164063881803
1.895104495301408
1.8973266451064499
1.8969815518489856
1.8963671616608935
1.8968054284293723
1.8969761873843027
1.898654718260002
1.8998560314790853
1.8998887383987553
1.898495993241046
1.898628196394847
1.8986860986240535
1.8981456272986053
1.8983704318862313
1.8984342470181055
1.8979414124175098
1.8986279875435625
1.8981411134244477
1.8984161279035197
1.897814437442123
1.8975507348760903
1.8971734071030328
1.8969647447791051
1.897478684382762
1.8972326290700645
1.8977589252277698
1.8967138652161395
1.8971635085521577
1.8996988748876271
1.896623712275018
1.8967114451522544
1.8971604156782513
1.896815214180579
1.8962006270373175
1.8966390211584954
1.8968098325269571
1.898488918303481
1.8996905976201086
1.89972329820027
1.8983301356180753
1.8984623838156787
1.898520292458346
1.8979796495636454
1.8982045164422343
1.8982683596439816
1.8977753604702778
1.8984621358693494
1.8979751109695802
1.8982502211874446
1.897648341790443
1.8973845475910731
1.8970070868672542
1.8967983597080784
1.8973124974267677
1.8970663556835834
1.8975928119730794
1.8965474185345987
1.8969971898921774
1.8995333632464446
1.8964572477340589
1.8965449886275547
1.8966677201468187
1.8963228394064515
1.8957088856804247
1.896147020844359
1.8963176903125956
1.8979947988125492
1.8991955185716543
1.899228432349121
1.897836279329923
1.8979683521414925
1.8980263793786252
1.8974862688942968
1.897711047461102
1.8977747131470577
1.897282318713545
1.897968677192914
1.8974820765105513
1.8977567919905858
1.8971554749702924
1.8968920568138081
1.8965151610810767
1.8963066188769662
1.8968197371238131
1.8965739598975961
1.8970999995584188
1.8960556602354377
1.8965052046143445
1.8990388483848117
1.8959654203414253
1.896053365897387
1.896470483896769
1.8961254755964578
1.8955112852368912
1.8959495597175746
1.8961202897344964
1.8977980824421603
1.898999222249717
1.8990321108824209
1.8976394866079638
1.897771616312629
1.8978296385988658
1.8972893237415467
1.8975141669648445
1.8975778743066654
1.8970852752848555
1.897771853732396
1.8972850774114927
1.8975599158120509
1.8969583759069606
1.8966948402617256
1.8963177723018396
1.8961091543424975
1.8966225453731782
1.8963766564358844
1.8969028795463962
1.8958581412794153
1.8963078226759835
1.8988424300620677
1.8957678914307927
1.895855825668585
1.894149308951
1.893802765719606
1.8931859045277946
1.8936262756804256
1.8937977819052885
1.8954826264426927
1.8966892654291092
1.8967225413530096
1.8953234394442215
1.8954561050501915
1.8955145560298292
1.8949718670576416
1.8951978299399572
1.895261703787556
1.8947670582868066
1.8954569101525707
1.894967940162171
1.8952438636930644
1.8946396506396432
1.8943750720571537
1.8939965384954303
1.8937869835059156
1.8943021226645982
1.894055274123956
1.894583910155226
1.8935346057411502
1.8939864766526382
1.896532189281791
1.8934438031337535
1.8935324117100727
1.8949098705601584
1.894563168807556
1.8939460327405147
1.8943866227063952
1.89455820935286
1.896243775771254
1.8974509851000387
1.897484304760685
1.8960845294952464
1.8962172496409393
1.8962757475405707
1.8957328138410925
1.8959588942087473
1.896022783438113
1.8955279288367155
1.8962181221630583
1.895728925185009
1.8960049586482959
1.895400469571239
1.8951357852883142
1.894757103654249
1.8945474517541867
1.8950627631365324
1.894815817576684
1.895344703917839
1.8942949292015143
1.8947470291678195
1.897293886044113
1.8942040671608555
1.8942927497729822
1.8947126343101086
1.8943658049975618
1.893748432296981
1.8941891615796105
1.89436080877476
1.896047059400865
1.8972546887781014
1.8972879832939848
1.8958877367732871
1.8960205138120756
1.8960790067608118
1.8955358686883423
1.8957620137124898
1.8958259445977206
1.8953308854080257
1.8960212987025404
1.8955319260859504
1.8958080824697605
1.8952033705079077
1.8949385687362317
1.894559714875012
1.8943499872197183
1.8948655713858973
1.894618514114973
1.895147583905817
1.8940974102454917
1.8945496472294585
1.8970974677213692
1.894006538250223
1.8940952095441796
1.894847856916455
1.8945011165243806
1.8938839011006
1.8943245149945795
1.8944961179113515
1.896181942943518
1.8973892601741171
1.897422542224255
1.896022659297269
1.8961554031415488
1.8962138783124667
1.8956708790055121
1.8958969641042258
1.8959608805055763
1.8954659458738001
1.8961561785904488
1.8956669318966268
1.8959430197233749
1.8953384627479355
1.8950737267541837
1.894694966567332
1.894485292827303
1.8950007535472508
1.8947537574262237
1.895282690403176
1.894232784652551
1.8946849026110582
1.8972320726809888
1.8941419384215086
1.8942305823647765
1.8961083520818478
1.8957624507377107
1.89514666705262
1.8955860676355982
1.895757238634992
1.897439397752285
1.8986436378301677
1.8986765978743176
1.8972803848826647
1.8974128595583921
1.89747102232301
1.8969293071839584
1.8971547256127046
1.8972186045163661
1.8967247221563555
1.897413065331503
1.8969250305995886
1.8972005882465637
1.8965974910975651
1.8963332659235155
1.895955209866154
1.8957460524118341
1.8962608028537211
1.8960142697909246
1.896541850928155
1.895494403726152
1.8959452383548365
1.8984864162417745
1.8954039288793958
1.8954920746126591
1.895878819442463
1.8955327634162213
1.8949167254134243
1.8953563725938536
1.895527625816152
1.8972103963441893
1.8984152279604918
1.898448284987395
1.8970513514191716
1.8971838676086412
1.8972421145930536
1.8967001673532995
1.896925727316279
1.8969895948786664
1.896495541177022
1.8971842668637982
1.8966960043275667
1.8969716382311397
1.8963682724382767
1.8961039733133631
1.8957258205374596
1.8955165665149178
1.896031364231582
1.8957847667761027
1.8963126083354178
1.8952647206691908
1.89571582137517
1.898258077228193
1.8951741537450386
1.895262435525528
1.8956703878734735
1.8953241926457594
1.8947079194461012
1.8951477734757314
1.8953190989844768
1.897002462086619
1.8982078100943824
1.8982409296632852
1.8968433765691857
1.896975935449084
1.8970342407178462
1.89649208155454
1.89671775663733
1.8967816259954922
1.896287403208389
1.8969764506605902
1.8964879859945964
1.8967637026488327
1.8961600947815245
1.8958957158115888
1.895517454239737
1.8953081142266315
1.8958230094981579
1.8955763403040606
1.896104408855363
1.8950561164040363
1.8955074371687324
1.8980506806720778
1.894965482141814
1.8950538572925406
1.8966505763705617
1.8963043734646396
1.8956880591499334
1.896127857611161
1.896299179517299
1.8979827635599333
1.8991880691755938
1.8992210822524795
1.8978236235982238
1.8979562085300825
1.8980144391992424
1.8974722547827594
1.8976978817677612
1.8977618045720062
1.897267506266875
1.8979564716169754
1.8974680085843167
1.8977437925901437
1.897140169963294
1.896875727494215
1.8964973632147644
1.8962880225170073
1.8968031676863062
1.8965564332391616
1.897084481566064
1.8960361294386872
1.8964873761584289
1.8990307522238867
1.8959455604647335
1.896033811592623
1.8959210215832543
1.8955749965182767
1.894958996757171
1.895398564441099
1.8955697977904817
1.8972525306452392
1.898457211967625
1.8984902001130195
1.8970934686461867
1.8972259871890298
1.8972841823025528
1.8967422754170986
1.8969677825512314
1.8970316763877173
1.8965376271984227
1.8972262313927926
1.8967380202056698
1.8970136670973725
1.8964103544433493
1.8961460435301194
1.8957678665994038
1.8955586337321775
1.896073532009012
1.895826919861663
1.8963546945607823
1.8953068782528044
1.8957578869216274
1.898299962143126
1.895216360807304
1.895304557233816
1.8954843026465193
1.8951386565464863
1.894523283019224
1.8949622540836504
1.8951332868439996
1.8968145005902153
1.8980177406400311
1.898050503548919
1.8966555229981668
1.8967879371683107
1.896845934700069
1.896304597977796
1.8965297644835573
1.8965936801047034
1.8961000581414065
1.8967877364298067
1.8963000819161984
1.8965755349193738
1.8959728805903031
1.8957087575013112
1.8953308284056543
1.8951218316701532
1.895636586620003
1.895390139127329
1.8959172794862835
1.894870546499304
1.8953209129841797
1.8978603384483461
1.8947802468776307
1.8948681245245722
1.8964110936838763
1.8960653973028432
1.8954499458555198
1.8958890083804967
1.896060069148916
1.8977414498752978
1.8989448941699374
1.8989777071550797
1.8975824706721622
1.8977148943382272
1.8977729323765178
1.8972315224962069
1.8974567441963432
1.8975206471293844
1.8970269806385474
1.8977148001145077
1.8972270693939042
1.8975025365906801
1.8968997951735789
1.8966356580174895
1.8962577138002519
1.8960486849894513
1.8965634140479315
1.8963169559665376
1.8968441865035879
1.895797316641209
1.8962477841593415
1.8987875468518507
1.8957069754456919
1.895794919112181
1.8962026621148866
1.8958568265323814
1.895241139888197
1.8956804092623742
1.8958515423172408
1.8975335156177269
1.8987374763038276
1.8987703518309695
1.8973744958221768
1.89750696217867
1.897565058501311
1.8970234366974474
1.8972487735173944
1.8973126782462104
1.8968188426699149
1.8975069839112997
1.8970190510609337
1.897294601008373
1.8966916175168262
1.8964274005157156
1.8960493475025288
1.8958402327011652
1.8963550593145073
1.8961085294944957
1.896635987023533
1.8955887123760546
1.8960393999529037
1.898580150295736
1.8954983038424678
1.895586340879194
1.8968068557514595
1.8964614222927387
1.8958464221182918
1.8962851106931187
1.8964560368251018
1.898136251239914
1.8993387378985895
1.8993714602404874
1.8979773617586264
1.8981096988671469
1.8981676462721817
1.8976266400618256
1.8978516579367652
1.8979155441412083
1.8974222135651133
1.898109450256426
1.8976220981207932
1.8978973933221788
1.8972951094845474
1.8970311379126592
1.8966534233647248
1.8964445559573946
1.896959039626065
1.896712732367841
1.8972395423510156
1.8961934463797108
1.896643519798988
1.899181397506614
1.896103215121008
1.896191014724012
1.8965984241824698
1.8962528515222772
1.8956376161509692
1.8960765115749962
1.8962475099934266
1.8979283169823435
1.8991313200324804
1.8991641049163774
1.8977693869086407
1.89790176670759
1.8979597723969746
1.8974185542630666
1.8976436872578162
1.897707575258034
1.8972140755964801
1.8979016340532184
1.8974140797878232
1.8976894577398713
1.8970869318277948
1.8968228804108853
1.8964450570670024
1.8962361036691084
1.8967506848926405
1.896504305895799
1.8970313428709606
1.8959848421145562
1.8964351355925502
1.8989740009504992
1.8958945435177834
1.8959824364910247
1.8966927342155087
1.8963472273169475
1.8957320889865465
1.8961708532017727
1.896341813675675
1.8980224348477854
1.8992251585061406
1.8992578588730293
1.8978634978481523
1.8979958693278673
1.8980538085752758
1.8975126837765557
1.897737735162506
1.8978016489878784
1.897308196110039
1.8979955526330143
1.8975081002491685
1.8977834705016805
1.8971810582470559
1.8969170150030852
1.8965391947033774
1.896330283958439
1.8968449413534267
1.8965985655993702
1.8971254789663385
1.8960791507644588
1.8965292971906176
1.8990677350044611
1.8959889184808552
1.896076702757559
1.8962560595746176
1.8959102665949044
1.895294616755733
1.8957337391009572
1.8959048405451462
1.8975868678059578
1.898790581855133
1.898823300814004
1.8974277951772185
1.8975602780897516
1.8976182593062578
1.8970766854072558
1.8973019189350386
1.8973658897980425
1.8968720232312584
1.897559941182984
1.897072086172948
1.8973476892783778
1.8967447781153197
1.8964805116821628
1.896102371082959
1.895893287672242
1.8964083900747264
1.8961618055903873
1.8966891527169292
1.8956419552688009
1.8960924677674382
1.8986330134440395
1.8955516535973251
1.8956395005916662
1.8961531333576063
1.8958072785795805
1.895191489147777
1.8956306196009485
1.8958017436492955
1.8974842693010112
1.8986881240068567
1.898720733303956
1.8973251133947708
1.8974576448811658
1.8975155547047997
1.896973869767995
1.8971990863434707
1.8972631246874945
1.8967691003161282
1.8974570363022627
1.8969691075352346
1.8972448258616519
1.896641805471249
1.8963774297222802
1.8959991199400967
1.8957900034271042
1.896305454784877
1.896058761832247
1.8965861688002852
1.8955387449626808
1.8959892474271447
1.8985303291752569
1.895448499649764
1.8955362266293985
1.896077300964153
1.8957320453463764
1.8951173597255293
1.8955558175230571
1.8957266550982843
1.8974060183252206
1.8986078806906206
1.8986405781010272
1.8972472068065898
1.8973794775260941
1.8974373893754923
1.896896660696165
1.8971215587202368
1.8971854159569195
1.8966923344966617
1.897379210032243
1.8968921097421465
1.8971672678294074
1.8965652939646032
1.896301453948564
1.8959239267493646
1.8957151671725652
1.8962294039487713
1.8959832189903434
1.8965097553457342
1.8954641951938287
1.8959140305621873
1.8984506074258543
1.8953740154635794
1.8954617603652053
1.8962336246408944
1.8958884734242225
1.8952739642010215
1.895712266861649
1.8958830502220407
1.8975619690183987
1.8987634440902028
1.8987960945941096
1.8974031879440794
1.8975354266457622
1.8975932947818972
1.8970527250452347
1.8972775367294483
1.8973413926193006
1.8968484379731365
1.8975350721846487
1.8970481234918746
1.8973232195161382
1.8967214272071677
1.8964576470748944
1.8960802014726568
1.8958715063887799
1.8963856699988393
1.8961395388443745
1.8966659049557753
1.8956206483926943
1.8960703187170154
1.8986061548429405
1.895530519165998
1.8956181940399455
1.8969532736767456
1.896607940780025
1.8959930964457
1.8964316020994254
1.8966024722152692
1.8982823526697488
1.8994844308387773
1.8995170530281669
1.8981234664106343
1.8982557845273136
1.8983136509192846
1.8977727910250046
1.8979976985111924
1.898061610091846
1.8975683685708304
1.8982553228870243
1.8977681231653816
1.8980433899795652
1.897441280317996
1.8971773368803029
1.8967996525755304
1.8965908493187973
1.8971053847702064
1.8968590986894225
1.897385728316407
1.8963399060959019
1.8967897774486644
1.8993269806996047
1.8962497579848858
1.8963374255487933
