1.91677525260298
1.917039901002071
1.917051989051932
1.9171025901658172
1.9168282775895233
1.918848464617133
1.9180530674412957
1.9177937175972186
1.9178148927019583
1.9172903550291587
1.918100718721546
1.9189140051464555
1.9178473184279796
1.9178744217381456
1.917331966504628
1.9181514307830816
1.9189674377478183
1.9179010651771697
1.9173889924300878
1.9181901789477687
1.9179250233152747
1.9165674602965135
1.9168322230022672
1.91684431661243
1.9168949434783267
1.916620513870695
1.9186415550774596
1.9178458181340565
1.9175863583296935
1.9176075429848016
1.917082782324485
1.917893492859117
1.918707127656535
1.9176399857228132
1.9176671016897482
1.9171244148478324
1.9179442299586773
1.9187605874897717
1.9176937590949281
1.9171814683342259
1.9179829976539402
1.9177177290114127
1.913084429002911
1.9133494248185463
1.9133615225320677
1.9134121188053446
1.9131374196146294
1.9151605947768502
1.9143640843157974
1.9141043563724014
1.9141255518773772
1.9136002603178415
1.9144117457790457
1.9152261529099763
1.9141579651765044
1.9141850866845052
1.913641870174132
1.9144624670811783
1.9152795796891664
1.914211720135572
1.9136989173630221
1.9145012149998812
1.914235683562037
1.9150156192561267
1.9152806447725665
1.9152927421218517
1.915343324308971
1.91506858698032
1.9170920820866153
1.916295463188042
1.91603569569996
1.91605689152981
1.9155315229923489
1.9163431154746347
1.917157628595817
1.9160892932162186
1.916116412945294
1.9155731219199057
1.9163938265679046
1.9172110403035272
1.9161430369162933
1.9156301606441866
1.9164325646598235
1.9161669957756586
1.913840868756937
1.9141060189338863
1.9141181286786024
1.9141688116712983
1.9138939737627474
1.9159180574230883
1.915121138520708
1.9148612895184551
1.9148825033119803
1.9143569582222244
1.915168869815215
1.915983708715534
1.9149149796668858
1.914942130935739
1.914398637496107
1.9152196667155543
1.9160372276371722
1.9149688160192844
1.9144557609683857
1.9152584782623674
1.9149928144202593
1.9127734220762682
1.9130385767497733
1.913050679477243
1.9131012803732952
1.9128264069443375
1.914850916201825
1.9140539033169262
1.9137940060962142
1.9138152116388698
1.9132895816249285
1.914101574460001
1.9149164889488166
1.9138476245309095
1.913874756027291
1.9133311961359976
1.9141523054868639
1.9149699203526607
1.9139013892244126
1.9133882581889068
1.9141910581959658
1.9139253575786073
1.91480782694966
1.915072966772763
1.9150850696823503
1.9151356776214816
1.9148608232614919
1.9168851725469422
1.9160882138808035
1.9158283364324347
1.9158495418126533
1.915323950287675
1.916135889612206
1.9169507511058963
1.9158819605110522
1.9159090928968967
1.9153655702631107
1.9161866257435005
1.9170041900454804
1.9159357308340512
1.9154226365483242
1.916225383365995
1.9159597014717966
1.9131435878800505
1.9134085253393502
1.9134206144857213
1.9134711318168163
1.9131964678977533
1.915219517310673
1.9144231164875578
1.914163409933037
1.9141845937329576
1.9136593557266812
1.9144707176316502
1.9152849959016989
1.9142169475758215
1.914244046574866
1.9137009029114762
1.914521373221684
1.9153383386453697
1.9142706313841795
1.91375788654786
1.9145600639814702
1.9142945646436542
1.9141449509461654
1.9144098632012165
1.9144219456945764
1.9144723950151865
1.9141977337136524
1.9162208887796441
1.9154245024115315
1.9151647871832376
1.9151859624074141
1.9146607164548781
1.9154720525808466
1.9162863004491406
1.915218264400131
1.915245345405629
1.9147022098055935
1.915522652506267
1.9163395707464976
1.915271887808586
1.9147591404872162
1.9155612942551266
1.9152957955883811
1.9129481725754578
1.9132132025884538
1.9132252929204927
1.913275793010969
1.9130010201619099
1.9150249408653528
1.9142282279842604
1.913968412277719
1.9139895998566991
1.9134641463950541
1.9142758201194212
1.9150904088290994
1.9140219380802426
1.9140490380368458
1.9135056805597968
1.9143264653392145
1.9151437330190155
1.9140756101214218
1.913562657864708
1.9143651445934222
1.9140995389340068
1.9133234325899424
1.9135888307271762
1.913600944393132
1.913651589750129
1.9133764631895265
1.9154028407773611
1.914605094138571
1.9143449572249427
1.914366182030772
1.9138400675528346
1.9146528075829383
1.9154684718118955
1.9143986231404337
1.9144257790608905
1.9138817186952937
1.9147035835814183
1.9155219501437475
1.914452435450289
1.9139388316377646
1.9147423704382793
1.9144764250776942
1.9154596890173954
1.915725052957269
1.915737174004707
1.9157879155445048
1.9155128626422462
1.917538494688859
1.916740950470108
1.9164809013196253
1.9165021340514499
1.9159761814756229
1.916788733242563
1.9176042158927724
1.9165346502366958
1.91656182770855
1.9160179083096294
1.9168395853233824
1.9176577968138988
1.9165885454644398
1.9160750911360793
1.9168784408447386
1.9166125697057246
1.9152863015843213
1.9155517649804548
1.9155638917703137
1.9156146661052016
1.9153395152405734
1.9173658414943024
1.9165680117267467
1.9163078723883213
1.9163291145080765
1.9158029774336944
1.9166158225323395
1.9174316005599321
1.9163616535116719
1.9163888445297586
1.9158447307799473
1.9166667047556156
1.9174852162486724
1.916415580991837
1.9159019453996344
1.916705584720939
1.9164396192950521
1.9136853105901959
1.9139504376534442
1.913962522153904
1.9140129229071188
1.9137380056076558
1.9157632231987691
1.9149661042771817
1.9147061312001596
1.9147273143073307
1.914201560466131
1.915013627251978
1.9158286019897823
1.9147595734486869
1.9147866545903782
1.9142430168480076
1.9150641962280537
1.9158818201081484
1.9148131620637912
1.9142999264020764
1.9151028051389722
1.9148370563827068
1.9136000346431934
1.913865288772959
1.9138773972428489
1.9139280309339914
1.913653059542664
1.9156782630072688
1.914880964573565
1.9146209771649096
1.914642192095496
1.9141163775830012
1.9149286637497775
1.9157438736159755
1.914674627805886
1.9147017728484992
1.9141580186063154
1.9149794249190963
1.9157973397874337
1.9147284247518097
1.914215112452462
1.915018202072166
1.9147524071679343
1.9135669928359162
1.9138322366118359
1.9138443382465968
1.9138948968841756
1.9136199090414088
1.9156453781311231
1.914848039933661
1.9145880240788893
1.914609230596169
1.9140833696484516
1.914895683546769
1.9157109160063375
1.914641608650052
1.914668734809657
1.914124951373319
1.9149463839470424
1.9157643021957418
1.914695339566577
1.9141819880324005
1.9149851071757933
1.9147192942194717
1.91541007160306
1.9156753174695278
1.915687400513043
1.9157377449216264
1.9154626750704182
1.9174891724378322
1.9166916197661616
1.9164314885103932
1.9164526729170632
1.9159266111641624
1.9167391060343357
1.9175545047331446
1.916484885607544
1.9165119596335327
1.9159680238311034
1.9167896341749593
1.9176076625655902
1.9165384291866776
1.9160248995267355
1.916828203778742
1.9165623052371938
1.9152366841699853
1.9155020294927134
1.9155141182786493
1.915564495482323
1.9152893276687453
1.917316519243276
1.9165186810228003
1.9162584595790888
1.9162796533736897
1.9157534071222346
1.9165661953241122
1.9173818894003039
1.9163118888825208
1.916338976454741
1.9157948463014212
1.9166167536071916
1.9174350820003634
1.9163654647140744
1.9158517537902904
1.9166553476549426
1.9163893548265207
1.9150632967369103
1.915328741515899
1.9153408360442552
1.9153912460430196
1.915115980267072
1.91714386604872
1.916345742279439
1.9160854306477844
1.9161066338303168
1.915580203080307
1.916393284613889
1.9172092740674629
1.9161388921574973
1.9161659932759492
1.915621668771739
1.9164438730394244
1.9172625014351363
1.9161925002414721
1.915678608053846
1.916482491531142
1.9162164044158483
1.9137068710011167
1.9139724860370955
1.9139845831189053
1.9140349656795115
1.9137595011125403
1.9157889695031962
1.9149902758367217
1.914729765673369
1.914750976251583
1.914224153079798
1.9150378047416354
1.915854362079344
1.9147832091464814
1.914810313069515
1.9142655981954924
1.9150883775311212
1.9159075598752464
1.9148367993255955
1.914322529046959
1.9151269779250737
1.914860696889742
1.9138802584341912
1.9141457740139098
1.9141578653532993
1.9142082151188144
1.913932848514213
1.915961622697752
1.9151632145800825
1.914902794604674
1.9149239957949562
1.9143973571217259
1.915210715451859
1.9160269774121845
1.9149562058715048
1.9149832962483067
1.9144387757251744
1.9152612580988884
1.9160801404404733
1.915009763798198
1.9144956747834034
1.9152998340488738
1.9150336473004144
1.9142761131629158
1.9145404058821631
1.9145524588419898
1.9146027755139239
1.9143287510921712
1.91634724388798
1.9155527057593902
1.9152935901675192
1.9153147143481064
1.914790683321637
1.915600133948604
1.9164124885001033
1.9153469294811132
1.915373943576819
1.9148320680599105
1.9156506037408478
1.9164656185846265
1.915400414653636
1.9148888545714269
1.9156891446022326
1.9154242611377708
1.9163077919040779
1.91657212018142
1.916584186629386
1.9166346463653692
1.916360635777527
1.918378757295155
1.9175842444753202
1.917325166003339
1.9173463071729773
1.916822330527989
1.9176317792024151
1.9184441415622993
1.9173786318126373
1.9174056827848978
1.91686382839879
1.9176823654283182
1.9184974240751909
1.917432243414462
1.916920725052132
1.9177210092249488
1.9174561431415067
1.9150632266457468
1.9153270483332137
1.9153390699383264
1.9153891835307948
1.9151156052991425
1.9171310355451454
1.9163378034684728
1.916079089789593
1.9161001645509645
1.9155769635609343
1.9163850637943072
1.917196054980269
1.9161322347606677
1.9161591730519514
1.9156181850430969
1.9164353524090598
1.9172489694945571
1.9161855254022933
1.9156747850614606
1.9164737432490506
1.9162092877552683
1.914753582785219
1.915017538126307
1.9150295580923575
1.9150796082971158
1.9148058584447494
1.9168227284390924
1.9160290083935747
1.9157701167636059
1.9157911929869136
1.915267645596219
1.9160762274244592
1.9168876955665508
1.9158232109393827
1.9158501412255005
1.9153088178990791
1.916126470099328
1.916940542259179
1.9158764509155397
1.9153653798267019
1.9161648167187917
1.9159001927165655
1.915608142948719
1.915871622761471
1.9158836183900538
1.91593354761199
1.9156602794701305
1.9176736613175211
1.9168813413064394
1.9166228998079213
1.9166439348628825
1.9161213024328116
1.9169284526253765
1.917738481813434
1.916675871354913
1.9167027456090817
1.916162376242375
1.9169785799962307
1.9177912004536213
1.9167289884590692
1.9162188130962146
1.9170168354320112
1.916752676175715
1.9163562948992157
1.9166198752135024
1.9166318672888822
1.9166817221914116
1.9164083150829618
1.9184229052763193
1.9176301924793286
1.9173716030923686
1.9173926364799556
1.9168697191487385
1.9176772531589361
1.918487660843996
1.9174245131086354
1.9174513748422275
1.9169107349415846
1.9177273245424211
1.9185403000733185
1.917477568796517
1.916967123106937
1.9177655276096852
1.9175012312739028
1.9152145862073031
1.9154783015359453
1.9154903128418854
1.9155403436035545
1.915266852366645
1.917281765488938
1.916488792451898
1.9162301499968843
1.916251209761453
1.9157281623131628
1.9165359877025245
1.917346698573351
1.9162832187151362
1.9163101308715151
1.9157693177507815
1.9165862056621246
1.9173995249986564
1.9163364330847408
1.9158258478511978
1.9166245361086023
1.9163601628669662
1.9153893367064931
1.915652927374626
1.9156649262851349
1.915714856241228
1.9154414655842174
1.9174557901524654
1.9166631171192325
1.916404556178389
1.916425597979283
1.9159027270832876
1.9167102333619448
1.917520618453634
1.9164575322644686
1.91648441288107
1.9159438021745807
1.9167603655144752
1.9175733376650108
1.9165106539817498
1.9160002475269984
1.9167986225060583
1.9165343442223657
1.9178457834696359
1.9181096908082351
1.9181217090422629
1.9181717553584037
1.9178980572291284
1.9199145358490612
1.91912096520524
1.9188621234102614
1.9188831963418218
1.9183597489396076
1.9191681794800723
1.9199794961679109
1.918915212494533
1.9189421391547037
1.9184009178694204
1.9192184172118876
1.9200323388070746
1.91896844734938
1.9184574734316007
1.9192567605967537
1.9189921867466455
1.9161829074661412
1.916446587236688
1.916458585054489
1.9165084727521084
1.9162349676812886
1.9182502520817626
1.917457253735967
1.917198574161064
1.9172196169365823
1.9166965151068107
1.9175043424487128
1.918315045511155
1.917251516383612
1.917278391663436
1.9167375574119025
1.917554443974654
1.918367719508092
1.917304604323914
1.9167939773704925
1.917592671485885
1.91732828086323
1.9160095200330665
1.9162732992598737
1.9162853028200952
1.916335223312805
1.9160616202796157
1.9180775988872065
1.917284314992606
1.9170255452297595
1.9170465973932087
1.9165233110648832
1.9173314317384897
1.918142430178314
1.917078519658588
1.9171054084846442
1.9165643798822203
1.9173815634068867
1.9181951389428649
1.9171316398513112
1.9166208316340476
1.9174198153620852
1.9171553304525573
1.9154966405250138
1.9157601110291929
1.9157720905270248
1.915821837580899
1.91554851198338
1.9175626735947298
1.9167702065827854
1.9165116789376524
1.916532694524002
1.9160099152561172
1.916817183666151
1.917627318567199
1.9165644906778254
1.9165913199821774
1.9160508452382703
1.9168671641381352
1.9176798430468536
1.916617448083887
1.9161071444233204
1.9169052888371125
1.916641068736113
1.9161454184067623
1.9164098495916468
1.9164219240604092
1.9164724416093377
1.9161983385429389
1.9182170657259807
1.9174222806119272
1.9171631214340412
1.9171842747960466
1.9166601291309104
1.9174698618931945
1.9182825120993374
1.9172166414728917
1.9172437122857204
1.916701673280106
1.9175204985179022
1.918335856040528
1.9172703073369366
1.9167586207890408
1.9175591847332731
1.9172942303803215
1.9159266121645366
1.9161911542048022
1.9162032319554905
1.916253750238576
1.915979524657026
1.9179991945609254
1.9172040564247204
1.9169447778045092
1.916965937912447
1.9164415537813868
1.917251642629763
1.9180646487395379
1.9169983023824475
1.9170253795577088
1.9164830992123123
1.9173022840361467
1.9181179932519175
1.9170519728596171
1.916540055219825
1.91734097180732
1.9170758984269722
1.914011888111539
1.9142763030852874
1.914288356866546
1.914338642211703
1.9140644707220182
1.9160841547524259
1.9152891961283374
1.9150299318397594
1.9150510601242814
1.9145267366645176
1.915336606131964
1.9161493771133444
1.9150832480252484
1.9151102612995872
1.9145680974540042
1.915387055345104
1.9162024735726322
1.9151367101715995
1.9146248691694392
1.9154255748741262
1.9151605476417444
1.9145568044145114
1.9148208775135442
1.9148329053182733
1.9148830062928979
1.9146091448930063
1.9166267805248005
1.9158327339663037
1.9155737418580878
1.9155948304361992
1.9150710755363944
1.915879994963033
1.9166918039465095
1.9156268846194937
1.9156538338567173
1.9151122886532823
1.915930282932275
1.9167447045316965
1.9156801732283755
1.9151688972041936
1.915968667057087
1.915703936062191
1.9143820539153216
1.9146462516748644
1.914658291875024
1.9147084936552243
1.914434531675434
1.9164527558612736
1.9156584092989692
1.9153993356765826
1.9154204422183692
1.9148965107662697
1.9157057493036131
1.916517884066227
1.9154525710701606
1.9154795518471626
1.9149378042294836
1.9157561230799245
1.9165708918653417
1.9155059523313664
1.9149944975283923
1.9157945806596306
1.9155297547067915
1.9164535897943349
1.9167177074445751
1.91672973470295
1.9167798145483381
1.9165058959415424
1.9185240114894493
1.9177298022746712
1.9174707508494249
1.9174918399148488
1.9169679695481558
1.917777049506417
1.9185890174752702
1.917523876679065
1.9175508232479002
1.917009166271943
1.9178273221623647
1.9186418954532367
1.9175771483994575
1.9170657621259402
1.9178656915470007
1.9176009043826239
1.9160737731209083
1.9163380793298235
1.9163501112379102
1.9164001816199154
1.9161260506369409
1.9181458202241906
1.9173510001480443
1.9170917399007958
1.9171128393287749
1.916588553529751
1.9173982478829614
1.9182108291999511
1.9171448640731845
1.9171718188514741
1.9166297439795825
1.917448520054776
1.9182636967310909
1.9171981342690194
1.9166863462329893
1.9174868844030275
1.9172218906128153
1.9162925793631338
1.9165567747166685
1.9165688033428288
1.916618872990677
1.9163448645228536
1.9183636913892463
1.9175692243352513
1.9173100835303276
1.917331176212374
1.9168071288792745
1.9176164671463933
1.918428692559751
1.9173632031636285
1.9173901515794858
1.9168483180473763
1.9176667345365312
1.9184815595197018
1.9174164687463389
1.9169049118022057
1.9177050973289809
1.917440222566165
1.9147008811848965
1.914965455016515
1.9149775138117213
1.9150278037796538
1.9147534580517258
1.9167744761774013
1.9159790151294662
1.9157195815635724
1.9157407198857737
1.9152160579716049
1.916026434812919
1.9168397131521848
1.9157729073796539
1.915799930642373
1.9152574234158701
1.9160768937507893
1.9168928142361261
1.9158263792604395
1.915314209995324
1.916115418070211
1.9158502216583149
1.9145385076875805
1.9148031844267415
1.9148152512427448
1.9148655990236223
1.9145911608171382
1.9166127846082264
1.915817051266073
1.9155575369942741
1.9155786875088427
1.915053856574527
1.915864517503699
1.916678083689223
1.9156109170399083
1.9156379601431957
1.9150952682971862
1.9159150268403733
1.916731246201463
1.9156644431829142
1.9151521057322332
1.9159535935785357
1.9156883088971297
1.9133981620617833
1.913662948611051
1.9136750280046033
1.9137254836341357
1.9134509639167205
1.9154730162898164
1.9146770371626158
1.9144174611489901
1.9144386294647968
1.913913660467148
1.914724586996484
1.9155384259660202
1.9144709394707178
1.9144980150032465
1.9139551580005005
1.9147751872446594
1.9155917032279284
1.9145245638955448
1.91401208441585
1.9148138323511084
1.9145484714349197
1.9132605425682156
1.9135253885190924
1.9135374671841727
1.9135878946413891
1.9133132986481014
1.9153359909093488
1.9145397949071055
1.9142801398041074
1.9143013087696632
1.913776185816163
1.9145873263876625
1.9154013773377014
1.9143335955501466
1.9143606675248235
1.9138176614920481
1.9146379062181123
1.915454624456649
1.9143871974569875
1.9138745709781793
1.9146765316709933
1.9144110958621627
1.9136224205684687
1.9138869954453606
1.913899044944945
1.9139492277983794
1.913674841066231
1.915696373330756
1.9149008050457164
1.9146413137793246
1.9146624410462212
1.9141376787294606
1.9149481460567026
1.915761507515588
1.9146945458584002
1.9147215430543112
1.914178959644762
1.9149985188647478
1.9158144944210502
1.91474792407049
1.9142356657424915
1.915036966371686
1.914771727167176
1.913471061006912
1.9137357422426289
1.9137478020413856
1.9137980677256201
1.9135235939987278
1.9155456433869635
1.914749816062291
1.9144902535720334
1.9145113958357325
1.9139864799772317
1.9147972221484848
1.9156108639225058
1.9145435619039315
1.9145705852347474
1.9140278269370772
1.9148476656116826
1.9156639389169514
1.9145970163880426
1.9140846029527538
1.914886173512134
1.9146208520554777
1.913494451944545
1.9137591148785769
1.9137711725810758
1.9138214202905346
1.9135469601487975
1.9155689381066987
1.9147731517462008
1.9145135995462472
1.9145347388430736
1.9140098459951285
1.914820543899687
1.9156341402097061
1.9145668914987968
1.914593909424739
1.9140511786531915
1.9148709722109682
1.9156871960792072
1.914620329602604
1.9141079398388183
1.9149094670500388
1.9146441582991798
1.9133430923829882
1.9136078616758456
1.9136199296775163
1.9136702602177749
1.9133957130812949
1.9154182081629063
1.9146221627627753
1.9143625393389563
1.9143836936325844
1.9138586472428996
1.9146696199914695
1.9154834966166239
1.914415907544329
1.9144429516051755
1.9139000459455067
1.914720118957903
1.9155366405751086
1.9144694219201568
1.9139568770490807
1.914758674190487
1.9144932831874821
1.914055476393978
1.914320386243021
1.914332457162382
1.91438277435064
1.914108066561072
1.9161318243076166
1.9153353174478138
1.9150755350369828
1.9150966964014187
1.9145713345678839
1.9153827704236275
1.9161971089426646
1.9151288964935989
1.915155945137953
1.9146127236234864
1.9154332639628742
1.9162502384008575
1.9151824042235581
1.9146695547610295
1.9154718109244764
1.9152062634477542
1.9153581955170915
1.9156228926484844
1.9156349429695
1.9156850944961583
1.9154105606960778
1.9174332841952013
1.9166372954146638
1.9163776554515644
1.916398786822396
1.9158737320723402
1.9166846182400623
1.9174983961288292
1.9164308644025345
1.9164578607770795
1.915914989038856
1.916734970469004
1.9175513494090557
1.9164842195884528
1.9159716803405034
1.9167733966435798
1.9165080136711499
1.913925139691582
1.9141895018508244
1.9142015307520628
1.9142515479438975
1.9139773352012364
1.9159978332183405
1.9152027830125669
1.9149434341939058
1.9149645314671984
1.9144400762339175
1.9152499938731378
1.916062794701753
1.9149965137673357
1.9150234586934376
1.9144812250601317
1.9153002253708777
1.9161156054292476
1.915049739435385
1.9145377913219654
1.9153385520907886
1.915073477390571
1.9159237766254664
1.916188163988958
1.9162001995432063
1.9162502847455265
1.915976069385337
1.9179964617493694
1.9172013970885928
1.916942056943705
1.916963162792742
1.9164387155057196
1.9172486589239404
1.9180614901543107
1.916995196943026
1.917022159862674
1.9164799181660146
1.9172989460862941
1.9181143733281198
1.9170484830109782
1.9165365373826087
1.9173373218171326
1.9170722464458443
1.915726998254759
1.9159915033761954
1.9160035467691225
1.9160536827413086
1.9157793558335945
1.9178005138350775
1.9170051226613223
1.9167456820381867
1.9167668002420273
1.916242145445895
1.9170524264625148
1.9178655985342692
1.9167988706231374
1.916825852493891
1.916283388920218
1.9171027589192413
1.9179185356006372
1.9168522053238142
1.9163400547601
1.917141172155428
1.91687598979147
1.9137393752566332
1.9140038586251025
1.914015897643396
1.9140659906229518
1.9137916718165788
1.9158128469294313
1.9150174834652638
1.9147580436503941
1.9147791560829261
1.9142545088189424
1.9150647548127147
1.9158778889515908
1.914811193832725
1.9148381640042687
1.9142957182253335
1.915115051861176
1.9159307802323293
1.9148644901432983
1.9143523501728104
1.9151534340612084
1.914888258385684
1.9155315829501662
1.9157961806252986
1.915808225203894
1.9158583439354613
1.9155839080977508
1.9176059373897574
1.916810234158025
1.9165506843828688
1.9165718063657693
1.9160469361142685
1.9168575289502858
1.91767101146167
1.916603861127558
1.9166308439558712
1.916088166568538
1.9169078510367712
1.9177239299742825
1.916657184061056
1.9161448260769478
1.9169462527673797
1.916680964081822
1.91448752720713
1.9147521110771342
1.9147641465422245
1.9148141652023734
1.9145397074294102
1.9165620908882297
1.9157663346381533
1.9155067469348417
1.9155278576999997
1.9150029255348695
1.9158135553462747
1.9166270679821529
1.9155598355864472
1.9155867932374144
1.9150440769245434
1.9158637964073668
1.9166798798520261
1.9156130704807455
1.9151006601835328
1.9159021262388822
1.9156368134838722
1.9138466790751538
1.91411104227967
1.9141230618852858
1.9141729719626228
1.9138987182157416
1.9159197303716955
1.9151245729288169
1.9148651664096579
1.9148862526276453
1.9143616969917725
1.9151717051169208
1.915984589065156
1.9149181522460814
1.9149450711053757
1.9144027612890233
1.9152218504848355
1.9160372856141723
1.9149712842454352
1.9144592470691324
1.915260100392263
1.9149949828994317
1.9147200735173446
1.9149844995747527
1.9149965207302717
1.9150464276531485
1.9147721031142073
1.9167936666166094
1.915998305553275
1.9157388294267816
1.9157599190989538
1.9152352249856375
1.9160454379091028
1.916858526306716
1.9157918147107877
1.9158187363065673
1.9152762871915698
1.9160955831156397
1.9169112193734568
1.9158449462019558
1.9153327751048153
1.9161338313442722
1.9158686449761624
1.9150012322295373
1.9152649575965652
1.9152769455723893
1.915326705026274
1.9150531017443295
1.9170693801997667
1.916276111960585
1.916017315368154
1.9160383475756788
1.9155150298764276
1.9163231082358805
1.9171340534033194
1.916070146921929
1.9160969934665568
1.915555971259455
1.916373108318702
1.9171865906145567
1.916123124305047
1.9156122980394066
1.9164112442772734
1.9161467546925233
1.9128636127359686
1.9131273975046066
1.9131393847519578
1.9131891160335277
1.9129154364757104
1.914932354819298
1.9141388697050743
1.9138799940232702
1.913901026880545
1.9133775552254426
1.9141858476270588
1.914997004775
1.913932803001358
1.9139596459881334
1.9134184747510026
1.9142358272921542
1.915049511843277
1.9139857578664894
1.913474784601736
1.914273943597158
1.914009379119766
1.9166393542292834
1.9169033506702968
1.9169153678116169
1.9169653718692838
1.9166915593262
1.9187089977783587
1.9179151018219738
1.917656141392937
1.917677215299121
1.9171535369631305
1.9179622885668397
1.9187739232254326
1.9177091966136757
1.917736117937069
1.9171946731067413
1.918012495672066
1.9188267206501557
1.9177623976915439
1.9172512032750944
1.918050809576581
1.9177861233875102
1.9146654712991467
1.914929399029978
1.9149414007690186
1.9149912508309397
1.9147174571080685
1.9167350354360364
1.9159412093538306
1.9156822418675516
1.9157032956553743
1.9151796244374213
1.9159882802164365
1.916799808607517
1.9157351598571601
1.9157620397885873
1.9152206386110893
1.9160383608405185
1.9168524420146669
1.9157882237549189
1.9152770480398713
1.9160765636617978
1.9158118915206657
1.9167975291214145
1.9170612931823598
1.9170732667594537
1.9171228479338953
1.9168491354731996
1.9188665850670061
1.9180730204252663
1.9178140878512298
1.9178351038818906
1.9173115393563447
1.9181198872210417
1.918931089555725
1.9178667646896908
1.917893569910449
1.9173523402850106
1.9181697453480469
1.9189834366598928
1.9179195874960238
1.917408535761613
1.9182077538044129
1.9179431532228413
1.916611764686466
1.916875649956638
1.9168876336507867
1.9169372906129496
1.916663472088542
1.9186815987780965
1.9178877208779632
1.9176286973077181
1.9176497284976186
1.91712597194137
1.9179346481606183
1.9187461838055628
1.9176814447550798
1.9177082752212802
1.9171668334502123
1.917984571838345
1.9187986114629743
1.9177343382039371
1.9172230946124582
1.9180226357748327
1.9177579342179545
1.9133448135028597
1.9136088714360302
1.9136208692576326
1.9136706309139884
1.9133966600865904
1.9154157667046006
1.9146214393989645
1.9143622844795576
1.914383336924881
1.9138593038278569
1.9146684504455855
1.9154804633239202
1.914415129650597
1.9144419952825225
1.913900249056073
1.9147184648734354
1.9155330022487242
1.914468120873088
1.9139566013317586
1.9147566054994145
1.9144917588324748
1.915055834447735
1.9153200581413399
1.9153320655336428
1.9153818818484827
1.915107747750468
1.9171280113803395
1.9163332081600293
1.9160739029273837
1.9160949710192585
1.9155706304246432
1.9163802659285467
1.9171927711025178
1.916126801775557
1.916153689984536
1.9156116198399358
1.9164303305938228
1.9172453679733463
1.9161798467520832
1.9156680251043505
1.9164685119597475
1.91620350814802
1.9140324435101028
1.9142966855053911
1.9143086949939523
1.9143585292835685
1.9140843816003992
1.916104716660605
1.91530987247612
1.9150505569531695
1.9150716280119173
1.914547264406747
1.915356944177344
1.916169494815318
1.9151034721806923
1.9151303657945447
1.9145882681238215
1.9154070239945375
1.9162221108110908
1.915156533537522
1.9146446882182866
1.9154452184218431
1.9151802019043187
1.9164039723799993
1.916667971956834
1.9166799612112855
1.9167296439254597
1.916455708369714
1.9184746892384235
1.917680471570725
1.9174213380401928
1.9174423787804615
1.916918399236696
1.9177274222981897
1.9185393063156424
1.9174741120499135
1.917500955172883
1.9169592817934171
1.9177773710139407
1.9185917612049281
1.9175270321216953
1.917015570516596
1.9178154544810035
1.9175506399140927
1.9162539758845576
1.9165180566159685
1.9165300495165822
1.916579747051071
1.9163057271181105
1.9183253307636021
1.917530868511273
1.9172716550831026
1.9172927022444293
1.9167685612126644
1.9175778333391686
1.9183899672700018
1.9173244449197548
1.9173512961840826
1.916809455979849
1.917627797045459
1.918442437801957
1.917377380863654
1.9168657616662153
1.9176658918951084
1.9174009957471216
1.9158507682734978
1.9161150558652682
1.916127055511852
1.9161767615577336
1.9159025156634393
1.9179238447786082
1.917128730700737
1.9168692981602595
1.916890358651014
1.9163657791763633
1.9171757099645108
1.9179885027074821
1.9169221027190095
1.916948967597665
1.9164066819713739
1.9172256883385848
1.9180409819175552
1.9169750535186545
1.9164630088872008
1.917263791213231
1.916998675733612
1.9160461835780906
1.9163103786161648
1.9163223770770805
1.9163721003635807
1.9160979633992827
1.9181184212239284
1.9173236192040344
1.917064295815577
1.9170853525272724
1.9165609885079904
1.91737060747674
1.9181830897800816
1.9171171122145887
1.9171439761356852
1.916601904323054
1.9174205962210549
1.91823558754391
1.917170074781412
1.916658237570353
1.9174587106012795
1.9171937014432596
1.913544318005797
1.9138082077725254
1.9138201844494276
1.913869759314947
1.913595905270132
1.915614457556834
1.914820485674182
1.9145614138854772
1.9145824368245083
1.9140585953440752
1.914867352805405
1.9156789640388452
1.9146140896191042
1.9146409003128322
1.914099392090103
1.9149172106096548
1.9157313041784627
1.9146669114090655
1.9141555918329793
1.9149552157084313
1.9146904773763027
1.9136034768829366
1.9138673082933295
1.9138792764030812
1.913928772326419
1.9136549535532554
1.9156733800906571
1.914879517845943
1.9146204674461125
1.9146414786800887
1.914117690752915
1.9149263246580095
1.9157378070305675
1.9146730720184213
1.9146998602031926
1.9141584248274477
1.91497611675016
1.915790063134666
1.9147258226576729
1.9142145610178174
1.9150140646900207
1.91474935845792
1.914211820759397
1.9144770045027864
1.9144890465355302
1.9145389406227291
1.9142637720628857
1.9162918631809562
1.9154940719267364
1.9152337699942716
1.9152549039211
1.9147285635568676
1.9155412248162837
1.916356759075318
1.9152867706725434
1.915313731400478
1.914769620433126
1.9155913883426368
1.9164094370154376
1.9153399180752801
1.9148261530063664
1.915629634400506
1.915363627546418
1.9149770157775496
1.9152419266718665
1.9152539882956048
1.9153041983693653
1.9150294495755769
1.9170537214609713
1.9162571073640635
1.9159972672527346
1.9160184175618653
1.9154929553257387
1.9163044816674104
1.917118903306068
1.9160505349723447
1.9160775575498903
1.9155342598523784
1.9163548890768323
1.9171719185857823
1.9161039490336087
1.9155910105081964
1.916393359225951
1.916127768956615
1.9151958220197758
1.9154606220587118
1.9154726804005238
1.915522889740127
1.9152482634614898
1.917271592626027
1.9164753315512704
1.9162156108822666
1.9162367544454653
1.9157115306752623
1.9165227009308416
1.9173367666658678
1.9162688740627887
1.916295890277902
1.9157528339201726
1.9165731035585878
1.9173897813743928
1.9163222835109281
1.9158095760774125
1.9166115721519037
1.9163461009099645
1.914792614408716
1.915057621308011
1.9150696863957934
1.9151199042467897
1.9148450520068188
1.9168701066410332
1.9160731937407343
1.915813253959424
1.9158344108520498
1.9153087486389613
1.9161205775561838
1.916935302103348
1.9158665318620434
1.9158935616914847
1.9153500599116975
1.9161709948517138
1.9169883254899915
1.9159199561659284
1.915406823298398
1.9162094714700268
1.915943780896455
1.9146068499737672
1.91487197808229
1.9148840532871267
1.914934346925844
1.914659388622161
1.9166851203521238
1.9158878941934316
1.9156278634159118
1.9156490354677775
1.9151231812239862
1.915935338495761
1.9167503963531856
1.9156812119274325
1.9157082670023153
1.9151645530768995
1.915985821342012
1.9168035002930723
1.915734706873842
1.9152213821492432
1.9160243534404462
1.9157585618915676
1.9122163774183387
1.912481004478816
1.9124930185279305
1.9125427768119927
1.9122681743398704
1.9142921545342062
1.9134960078990533
1.9132362359956765
1.9132573223331013
1.9127320584174918
1.9135430389762225
1.9143568843678411
1.9132890982182327
1.913315994772859
1.9127730045899898
1.913593072208021
1.914409418612851
1.913342106876851
1.9128293951262605
1.9136312156996211
1.9133657551725385
1.9151351906696805
1.9153998691839293
1.9154118872434418
1.9154616744339767
1.9151870257225765
1.917211308749619
1.9164150259673562
1.916155213711028
1.9161763061446357
1.9156509577189524
1.9164620803216117
1.9172760696363602
1.9162081030483595
1.91623500952327
1.9156919270306476
1.916512138752813
1.91732863459552
1.9162611388380881
1.9157483429947146
1.9165503034537825
1.9162847987919458
1.9153306059742738
1.9155951919348257
1.9156072088086702
1.9156570132398238
1.91538247345842
1.9174058851949394
1.9166099144706532
1.9163502113663458
1.9163713000208937
1.9158461670505798
1.916656977833841
1.9174706567089597
1.9164031125439387
1.9164300180612905
1.9158871493823273
1.9167070466352831
1.9175232402218751
1.9164561601008463
1.915943571677867
1.9167452228418314
1.916479824501594
1.9121058800069919
1.9123711587100853
1.9123832135024967
1.912433222481429
1.9121579914796227
1.9141863512076633
1.913388368387157
1.913128024485208
1.913149176050837
1.9126227361122352
1.9134356094612746
1.9142513635091947
1.9131811290834964
1.9132081231301346
1.9126638842635526
1.9134858690035597
1.914304163734723
1.9132343803975496
1.9127205100494011
1.9135241983431075
1.913258133977397
1.912079762937129
1.9123451103504048
1.9123571805450952
1.912407343519774
1.9121320936977544
1.914160313549986
1.913362260855301
1.913101924010593
1.9131230956945837
1.9125966486379449
1.9134096178116784
1.9142254781271102
1.913155165840012
1.9131822012786164
1.9126379187592046
1.9134600038351077
1.9142784423702117
1.9132085543341755
1.9126946652846246
1.9134984442578906
1.913232365844242
1.9149273983632142
1.9151921911841256
1.9152042148039399
1.9152540277464867
1.9149792620037485
1.9170043992099453
1.9162077766601173
1.9159478544435031
1.9159689564274784
1.915443385014279
1.916254854459183
1.9170691921464396
1.9160007703431932
1.916027689474873
1.9154843753738522
1.9163049379284085
1.9171217843374735
1.916053832755846
1.9155408188988525
1.9163431221599536
1.9160775044880838
1.9126494332438488
1.9129143952764767
1.9129264307453682
1.9129763233642534
1.9127013998347118
1.914727605511067
1.9139305203011499
1.9136704572533354
1.9136915776882988
1.9131657142559153
1.9139776633431471
1.9147924857949172
1.9137234488534318
1.9137503968565008
1.913206768568714
1.9140278173061478
1.9148451625926595
1.9137765870299197
1.913263284144799
1.9140660602524115
1.913800291453117
1.9145916374328238
1.914856632617538
1.91486867000057
1.9149185735511518
1.9146436173674874
1.916670054446215
1.9158728740533628
1.9156127809429007
1.915633904507174
1.9151079795752726
1.915920026439739
1.9167349473506372
1.9156657832784239
1.915692735796904
1.9151490427254867
1.915970190450225
1.9167876357375835
1.9157189322057184
1.915205568899317
1.9160084415444785
1.9157426413162262
1.9147884158035313
1.9150532932303006
1.915065322774654
1.9151151755553697
1.9148403309192303
1.9168660023605062
1.9160691484806336
1.915809155848419
1.9158302670578884
1.9153045496350969
1.9161162589011647
1.9169308389706785
1.9158621095983124
1.915889043165687
1.915345571971283
1.916166377617278
1.9169834734650661
1.9159152098928829
1.9154020515218257
1.9162045912061831
1.9159388979706005
1.91440723606399
1.914672327253683
1.9146843681007586
1.9147342794285767
1.9144592197987291
1.9164864396262764
1.9156889604300336
1.9154287676495894
1.9154498977973584
1.914923772888495
1.9157361223285128
1.9165513461479173
1.9154817801681225
1.9155087399384978
1.9149648427848056
1.9157862962251064
1.9166040426417925
1.915534939338038
1.9150213816895185
1.915824553788554
1.9155586532560658
1.9154929794715891
1.9157574625245986
1.9157694713776465
1.9158192179958555
1.915544770693008
1.9175675767641138
1.9167718783340466
1.9165122559356438
1.9165333323978249
1.9160083684476579
1.9168188951430611
1.917632286171921
1.9165651028836845
1.9165919885604679
1.9160493045010107
1.9168689135456989
1.917684808256538
1.916618096178371
1.9161056759409578
1.916907047333507
1.9166417372627784
1.9156883947761822
1.9159527852754954
1.9159647929428754
1.9160145568017026
1.9157402184288512
1.9177621532094338
1.9169667668373436
1.9167072535909613
1.916728326274083
1.9162035777792852
1.9170137926552908
1.9178268732445205
1.9167601123792637
1.9167869970984879
1.9162445268526902
1.9170638214281688
1.9178794138828923
1.9168131174411294
1.91630090462411
1.9171019667215554
1.9168367629724268
1.912126902866152
1.9123915275206207
1.912403529995736
1.9124531561474456
1.91217850718729
1.9142030900621791
1.9134068229353351
1.913146983849422
1.9131680563271056
1.9126426765304976
1.9134537568190026
1.914267692861365
1.9131997303117008
1.9132265945051832
1.9126835184078828
1.913503683664628
1.9143200862672118
1.913252623291824
1.9127398094000736
1.9135417323689712
1.9132762230319116
1.9140150423886892
1.9142803438900238
1.914292393761446
1.9143423386185114
1.9140670585111428
1.9160959152666643
1.9152977974994658
1.9150373950887527
1.9150585413703856
1.9145319934970435
1.9153449923548578
1.9161608674552768
1.9150904443526546
1.9151174240316948
1.9145730911873289
1.9153952011755842
1.9162135992879554
1.915143640388116
1.9146296703838581
1.915433484738801
1.9151673708920436
1.9138526688913735
1.9141180733002505
1.9141301311924694
1.9141801338624802
1.9139047612765547
1.9159342236974901
1.9151358336360722
1.914875350519455
1.9148965089934544
1.9143697920999652
1.9151830750456373
1.915999237992315
1.9149284540129092
1.914955453532517
1.9144109360686454
1.9152333342651673
1.9160520312532923
1.9149817043105908
1.914467566120767
1.9152716602471254
1.9150054581308584
