1.8793255950144006
1.879312584549879
1.880151483193411
1.8806207990122679
1.8782318355791954
1.8790398160821493
1.8792846072047154
1.87930660111168
1.880610937232215
1.8789965349467508
1.877935440251115
1.8797629427048288
1.8792653459421822
1.879261438038724
1.8789753558143993
1.8792485033427766
1.8814656427664285
1.8830820209856323
1.881994165735472
1.8819788994282296
1.8822542724914262
1.8827765248516395
1.8819686133866866
1.8822198041062368
1.8814423862244598
1.8819556948985703
1.8827378345629955
1.8821963401620345
1.8816657807629447
1.882700758020897
1.8819259968983018
1.8814016805520055
1.8792820436249942
1.8792689772799254
1.88010945020495
1.8805796030848314
1.8781861477168513
1.8789956605201148
1.8792408569060561
1.8792628998600693
1.880569585189651
1.8789521931989595
1.877889079412618
1.879720022713692
1.8792214899397424
1.8792175195219436
1.8789308771151827
1.8792045290681418
1.8814261147502394
1.8830454689721021
1.881955615704342
1.8819403064475941
1.8822161710096597
1.882739351811283
1.8819299083066456
1.8821815544639091
1.8814026903383987
1.881916934253627
1.8827004950824788
1.8821579668583608
1.8816263979893928
1.8826633269373705
1.881887062951625
1.881361786729368
1.8793233993644956
1.8793103316315307
1.8801507427769069
1.8806208578393573
1.878227577747948
1.8790370322444316
1.879282206568374
1.8793042484822409
1.8806108304103404
1.8789935602845278
1.8779305225658107
1.8797613321287623
1.8792628358342833
1.8792588615899977
1.878972238512735
1.8792458697412666
1.8814673134364979
1.88308654434983
1.8819967744359845
1.8819814652372462
1.8822573076358484
1.8827804461280515
1.881971060934883
1.8822226874044286
1.8814438814750192
1.88195808549786
1.8827415852522948
1.8821990955897259
1.8816675647627712
1.8827044181954586
1.8819282076168804
1.8814029718010734
1.8791846592050436
1.8791716320815979
1.8800107448781351
1.8804801619966718
1.8780905849843592
1.878898778546707
1.8791436092214815
1.8791656120379703
1.8804702393686494
1.8788554418695906
1.877794064500132
1.8796220382862086
1.8791243135572122
1.879120381265736
1.8788342161260405
1.8791074299219424
1.8813252563808032
1.8829420229378777
1.8818539084023025
1.8818386321360225
1.8821140647854877
1.882636428584559
1.8818283041333945
1.882079552216414
1.8813019412438976
1.8818153690704664
1.8825976886441729
1.88205604852874
1.8815253478312415
1.8825605933011131
1.8817856136523772
1.881261173657464
1.8786630874447479
1.8786500457421353
1.879489943115543
1.8799597958143337
1.8775679838588792
1.8783769343111683
1.878621989779248
1.8786440137611187
1.879949853418131
1.8783335491120872
1.877271177224714
1.8791008610452546
1.8786026707706982
1.8785987305958491
1.8783122961118566
1.878585764742257
1.8808056866554246
1.8824239605332878
1.8813348319152274
1.881319540275324
1.8815952285301654
1.8821180768081722
1.881309195541678
1.8815606773277866
1.8807823402483994
1.881296245996565
1.8820792934923203
1.8815371455935619
1.881005947633352
1.8820421617857783
1.8812664537940735
1.8807415252778596
1.8787955889586787
1.8787825535036842
1.8796222511311167
1.8800919964539207
1.8777007542029422
1.8785095106653649
1.8787545132643415
1.8787765312312308
1.8800820701809478
1.8784661462790198
1.877404029829994
1.8792332773771696
1.8787352058049953
1.878731272084424
1.8784449080523655
1.8787183124623608
1.8809376778776257
1.8825555726237566
1.8814666986792765
1.8814514121059052
1.8817270373224175
1.8822497664168663
1.88144107911068
1.8816925026834768
1.8809143494436116
1.881428135776966
1.8822110017064553
1.8816689845072565
1.8811379142592706
1.882173881032802
1.881398362414919
1.8808735563326886
1.8789859069341475
1.8789728704392745
1.8798122828547745
1.8802818610372916
1.877891429468264
1.8786999140154128
1.878944823993841
1.8789668358328022
1.8802719142244242
1.8786565461191918
1.8775947855922117
1.8794234137883365
1.878925511005767
1.878921569032873
1.8786352982152779
1.8789086083417865
1.8811272695475019
1.8827446048021748
1.8816561082562295
1.8816408243901512
1.8819163515971096
1.8824388941715184
1.8816304787798919
1.8818818141828786
1.8811039274510797
1.881617534399865
1.8824001263229706
1.8818582901581982
1.8813273978923635
1.8823630144305774
1.881587750721109
1.8810631270752203
1.8789361168992198
1.8789230713809366
1.8797625599831156
1.8802321699067563
1.8778415191863944
1.8786500811098505
1.8788949998333833
1.8789170156070338
1.8802221879029866
1.878606683123396
1.8775448192933168
1.8793736162865613
1.8788756677605525
1.8788717116804061
1.8785854090698748
1.8788587419679315
1.881077675697818
1.8826951434671615
1.881606558955466
1.8815912701388742
1.8818668160572345
1.8823893931963622
1.8815809004673638
1.881832254708227
1.8810543005291087
1.8815679471079296
1.8823505984484672
1.8818087087072337
1.8812777648132013
1.8823134776997292
1.8815381314307742
1.8810134661638018
1.8787871546632522
1.8787741087969516
1.8796138208314148
1.8800835600779113
1.877692273952169
1.8785010494841188
1.878746038766201
1.878768059627634
1.8800735890801987
1.8784576503687929
1.8773955066842911
1.8792247892904643
1.8787267084543218
1.8787227568000104
1.878436380304515
1.8787097867616303
1.8809292827142008
1.8825471866664714
1.8814583081101557
1.8814430166442797
1.8817186384087312
1.8822413597584784
1.881432653426389
1.8816840761493434
1.8809059136582613
1.8814196997292634
1.8822025640017679
1.8816605317876562
1.8811294479534857
1.8821654355600415
1.8813898877898403
1.8808650804929763
1.8784892301913163
1.8784761836289812
1.8793163425280124
1.879786340420221
1.877393783483719
1.8782029862326555
1.8784481166318372
1.8784701476688346
1.8797763914346246
1.8781595848595856
1.8770968814662412
1.8789271352982702
1.8784287898418606
1.87842484703922
1.8781383227737956
1.8784118763490283
1.8806324967469652
1.8822512730650909
1.881161806419536
1.8811465096550912
1.8814222831117247
1.8819452928827103
1.8811361593444391
1.8813877190315773
1.880609139916567
1.881123204971931
1.881906495108369
1.8813641779485022
1.8808328142340554
1.8818693512806663
1.8810934005079725
1.8805683091513243
1.8773647551039971
1.8773516859831365
1.8781920353488641
1.8786621125938834
1.8762690077790447
1.8770784039687487
1.8773235562306918
1.8773455971044128
1.87865207563103
1.8770349273700966
1.8759719657190033
1.877802641543832
1.8773041817288245
1.8773002036580517
1.8770135999102884
1.8772872104143907
1.8795085121227568
1.8811276197275582
1.8800379331676276
1.8800226240268982
1.880298444262037
1.8808215404448203
1.8800122135631203
1.8802638203449475
1.8794850726116403
1.879999236742093
1.8807826754221109
1.8802402243210907
1.8797087315361491
1.8807455094535461
1.8799693522821366
1.8794441568727793
1.8801864469861331
1.8801734504089171
1.881011055831362
1.8814796396068219
1.8790943572042227
1.8799010952934687
1.8801454984436308
1.880167459969503
1.8814697660489974
1.87985786029903
1.878798395897776
1.8806230833530468
1.8801262532356977
1.8801223405374563
1.879836694756855
1.8801094196081884
1.882323197145301
1.883937072369331
1.8828509026448097
1.8828356570677685
1.8831106006699438
1.8836320378205638
1.88282536868859
1.8830761690531488
1.8822999520982737
1.8828124639740367
1.883593388778063
1.8830527256677312
1.8825229814536426
1.8835563650736953
1.8827827887037287
1.8822592853449678
1.8799712339931998
1.8799582339441576
1.880796162671874
1.8812649294581836
1.878878726797966
1.8796857754906386
1.8799302756339022
1.879952245255047
1.881255058844802
1.87964252896096
1.8785826569861104
1.8804080481909926
1.8799110264123189
1.8799071149127728
1.8796213600212417
1.8798941905418358
1.8821088085505828
1.883723309523406
1.8826367184174755
1.8826214676578843
1.8828965186253142
1.8834181595783324
1.8826111798631144
1.8828620778164211
1.8820855606298201
1.88259827170517
1.883379500224296
1.882838629291307
1.8823086812809677
1.883342463310496
1.8825685907523722
1.882044884146727
1.8796564409304113
1.879643419362722
1.8804818237690673
1.8809508370484742
1.87856327582797
1.8793707898766836
1.8796154045032574
1.8796373900890537
1.8809408989977299
1.8793274716312989
1.8782669854766552
1.8800934180253879
1.8795961130985106
1.8795921745831554
1.8793062469948212
1.8795792287277728
1.881795232256498
1.8834106240074553
1.8823234355886143
1.8823081697454445
1.8825833655009352
1.8831052793857892
1.8822978344125834
1.882548867630389
1.8817719153174253
1.8822849048524324
1.8830665559215227
1.8825253700129534
1.8819951149499683
1.8830294880855998
1.8822551542203463
1.8817311611256506
1.879507478694443
1.8794944567787366
1.8803330846173667
1.8808022272196292
1.8784140305937442
1.8792217582509516
1.8794664434360748
1.8794884341096543
1.8807923001749431
1.8791784388766952
1.8781176728676299
1.8799445910292907
1.8794471537922801
1.87944321970276
1.8791572182294616
1.8794302735214716
1.88164683927288
1.8832626672067652
1.8821751847433044
1.8821599162508502
1.8824351878524317
1.8829572459479051
1.8821495873716083
1.882400689071506
1.8816235284465774
1.8821366574737666
1.8829185214748232
1.882377193093376
1.8818467980902533
1.8828814459459122
1.8821069105794124
1.8815827754548247
1.8799792604198111
1.879966244059861
1.880804163508299
1.881272902271432
1.878886721437355
1.8796937695809282
1.8799382387178503
1.8799602121607373
1.8812629598040234
1.8796504686384035
1.878590593844153
1.8804159707684696
1.8799189533335794
1.8799150130201798
1.8796292490982418
1.8799020723273026
1.8821168151485745
1.883731268276342
1.8826447119296164
1.8826294538602715
1.8829044885678792
1.8834260967491359
1.8826191176507971
1.882870004485481
1.8820935025201049
1.8826061932557325
1.8833873887521728
1.8828465145775897
1.8823165652089802
1.883350340730399
1.8825764511473815
1.8820527629230113
1.8798551932013068
1.8798421810050452
1.8806802857924276
1.8811491380078549
1.8787624313440647
1.8795696544079779
1.879814189730897
1.8798361662942222
1.8811392241419558
1.8795263673816978
1.878466264384575
1.88029204252326
1.8797949156499558
1.879790986816018
1.8795051649055838
1.8797780503079287
1.8819932190897988
1.8836080421431587
1.8825212357346879
1.8825059774913158
1.8827810786893129
1.8833028137988297
1.8824956597660858
1.8827466056639235
1.8819699291102432
1.882482739523034
1.8832641182427254
1.8827231283834946
1.8821930648888459
1.8832270669561355
1.882453017151615
1.881929207707894
1.8798054031663791
1.879792381946707
1.8806305629207687
1.8810994468773197
1.8787125210621947
1.8795198215024154
1.8797643655704388
1.8797863460684534
1.8810894978205177
1.879476504385902
1.8784162980856802
1.880242245021485
1.879745072404741
1.8797411294635509
1.8794552757601808
1.8797281839340738
1.8819436252401156
1.8835585808081454
1.8824716864339244
1.8824564232400385
1.8827315431494382
1.8832533128236741
1.8824460814535584
1.8826970461892722
1.8819203021882724
1.8824331522310989
1.8832145903682218
1.8826735469325302
1.8821434318096835
1.8831775302252878
1.8824033978612806
1.8818795467964762
1.8798383246104537
1.8798252915915798
1.8806634251930232
1.881132265255836
1.8787454708425186
1.8795527320454861
1.8797972407346164
1.879819223087028
1.8811222619404582
1.8795093755612435
1.8784492180931702
1.8802750663498495
1.8797779209486092
1.8797739562471913
1.8794881094098834
1.8797609989064679
1.881976428762949
1.8835912702285882
1.8825044545964469
1.8824891865680649
1.8827642808619405
1.8832860004820549
1.882478808397505
1.8827297525956577
1.881953057539543
1.8824658674276291
1.8832472428333502
1.8827062229442952
1.882176132277277
1.8832101760106148
1.882436067901457
1.881912256028469
1.8800948933428885
1.880081862407945
1.8809196109244677
1.8813882301590004
1.8790025312798724
1.8798094235726328
1.8800538132066633
1.8800757864236555
1.8813782143653435
1.8797660739848816
1.8787064001580283
1.880531410926974
1.8800344936665287
1.8800305239399282
1.8797448055430506
1.8800175686459457
1.882232016043926
1.8838461084522407
1.8827597975554242
1.8827445347676015
1.8830194995327585
1.8835409730410548
1.882734149851218
1.8829849767729052
1.8822086401446168
1.8827212109407288
1.8835022215569333
1.8829614480520842
1.8824315992233296
1.8834651690319026
1.8826914105180692
1.8821678422984154
1.880309698467006
1.8802966442816755
1.8811340746206782
1.881602476744879
1.8792176760747454
1.8800242762845059
1.8802685246021995
1.8802904964402047
1.881592341428012
1.8799808490901677
1.8789215527820335
1.8807458805797999
1.8802491500604945
1.8802451323876044
1.879959501607815
1.880232153797035
1.882446016073211
1.8840594440938159
1.8829735847257791
1.8829583149182483
1.8832331526062662
1.8837543817957019
1.8829478507800859
1.8831985681445598
1.8824225377180046
1.8829348887124553
1.8837155609338894
1.8831749769951915
1.882645317018232
1.883678502742245
1.8829049942393565
1.8823816464332268
1.8785564529917402
1.8785433866550174
1.8793819485624716
1.8798509912246442
1.8774629696528464
1.878270656974602
1.8785152447681492
1.8785372449396096
1.879840866213328
1.8782271894069238
1.877166466591205
1.8789932575126094
1.8784958561786693
1.8784918427012147
1.878205830033166
1.8784788520647993
1.8806956559916979
1.8823112741330796
1.8812239399301083
1.8812086519836517
1.8814838654500632
1.8820058079478943
1.8811981898909205
1.8814492488160117
1.8806721675784182
1.881185215771422
1.8819669509957053
1.8814256396777063
1.8808952664138712
1.881929846571047
1.8811553014096083
1.880631242239386
1.880713441654319
1.880700359354706
1.8815386885505971
1.8820075738667381
1.8796202095264607
1.8804276826906228
1.8806721689192791
1.8806941678246996
1.8819973659953366
1.8803841618389703
1.8793237160582723
1.881150007086183
1.8806527424061596
1.8806486956890172
1.880362747875527
1.8806356890565672
1.8828520555733077
1.8844671896867058
1.8833801842875588
1.8833648916806336
1.8836400130411315
1.8841617785565816
1.8833543747195787
1.8836053540439546
1.8828284963395507
1.8833413847006506
1.8841228739702813
1.8835817018835659
1.8830514672015988
1.8840857661306378
1.8833114054455509
1.882787506686495
1.8785404001385184
1.8785273664236097
1.8793659468896216
1.8798350455981465
1.8774469803740683
1.878254668794023
1.8784993186002528
1.8785213111282293
1.8798250642948844
1.8782113100520366
1.87715059287512
1.8789774123576553
1.878480002336148
1.8784760464864008
1.8781900518791643
1.878463088493866
1.8806796427957135
1.8822953566272078
1.881207952905827
1.881192679578877
1.881467925564934
1.8819899336062873
1.8811823143155553
1.881433395477892
1.8806562837978482
1.8811693726702967
1.881951173939952
1.8814098691051415
1.880879498557847
1.88191409173124
1.8811395806195892
1.8806154846868175
1.88023363350234
1.8802205619578776
1.88105960882324
1.881528926001686
1.879139524043461
1.8799476772703567
1.8801924105535557
1.8802144228679263
1.8815188054070342
1.879904192399819
1.8788428582237064
1.880670704769527
1.8801730159436
1.8801690042641903
1.8798828279297448
1.88015600846527
1.882374073099621
1.8839906298641926
1.8829026635891064
1.8828873678688245
1.8831627423831196
1.8836849905845476
1.8828769066527067
1.8831281119609193
1.882350580375738
1.882863927368122
1.8836461181650546
1.8831044951130698
1.8825738161548593
1.8836089939262477
1.8828340044825729
1.8823096404420243
1.8786636516193918
1.8786505602963683
1.879488965678938
1.8799578827362036
1.877570299244591
1.87837784978506
1.8786223447588215
1.878644347598931
1.8799476396738988
1.8783342988431748
1.8772737497593777
1.8791002095844083
1.8786028991609454
1.8785988383365497
1.8783128587301237
1.8785858226827126
1.8808024617236243
1.8824177283516925
1.8813306349867955
1.881315337429356
1.8815904775012566
1.8821122775814256
1.881304796407051
1.881555794569303
1.88077886941758
1.881291797408715
1.8820733460957777
1.8815321204326012
1.881001834122436
1.8820362293997899
1.8812617861552168
1.8807378457750772
1.880359080633118
1.8803460087489845
1.88118336802906
1.8816517043126537
1.879267100745231
1.8800736420991122
1.880317837348466
1.8803398119680672
1.881641487607923
1.8800301558531793
1.8789709327932684
1.8807951125723468
1.8802984228762964
1.8802943725630654
1.8800087520823687
1.8802813762556265
1.882495221357462
1.88410847822448
1.8830227369695625
1.8830074599102877
1.8832822591750196
1.8838034132832742
1.882996941196006
1.883247627754139
1.8824716707449105
1.8829839615072503
1.883764539631582
1.8832239910128392
1.8826943677196217
1.883727471420236
1.8829539992996218
1.8824307102812163
1.8802848034495423
1.8802717447525066
1.8811092131848481
1.8815776311796115
1.8791927209338106
1.8799993598317246
1.8802436125219708
1.8802655863273208
1.881567478267293
1.8799559175922698
1.8788965696325857
1.8807209818289126
1.8802242284378874
1.880220203711371
1.8799345570351136
1.8802072206101077
1.8824212191483694
1.8840347134263091
1.8829488100753973
1.8829335377926093
1.8832083848363288
1.8837296313081242
1.8829230616238222
1.883173788407234
1.8823977242570193
1.8829100950664874
1.8836907969966379
1.8831501862697086
1.882620500478651
1.8836537343768207
1.8828801845941894
1.8823568159775181
1.880036669012534
1.8800236186428743
1.8808614577531062
1.8813301026524567
1.8789441407472294
1.879751129485824
1.8799955145480647
1.8800174945942902
1.8813200069431566
1.8797077150788588
1.8786479107134304
1.880473125338493
1.8799761530706407
1.8799721513030474
1.8796863886497972
1.8799591765713606
1.8821740270308176
1.8837882611599421
1.8827018576855403
1.8826865850546983
1.8829615650791973
1.8834830654075119
1.8826761458544001
1.8829269907641197
1.8821505774372955
1.8826631876010904
1.8834442559777422
1.8829034138815195
1.8823734998383825
1.8834071868282938
1.8826333166026556
1.8821097055472844
1.8800780247520357
1.8800649729944796
1.880902750325063
1.8813713574069821
1.8789855707783265
1.879792501210141
1.8800368642103824
1.8800588432164618
1.8813612521638456
1.8797490821644272
1.8786893538666234
1.8805144347535632
1.880017498965182
1.8800134933711015
1.87972775004735
1.8800005172444847
1.8822152257170763
1.8838293365376697
1.8827430164171832
1.8827277438443502
1.883002701705386
1.8835241597242804
1.8827172984826368
1.8829681237046387
1.8821917685739162
1.8827043388453233
1.883485346147558
1.8829445426128848
1.8824146666117607
1.8834482780863817
1.8826744612679114
1.8821508906189899
1.880845535299434
1.8808324325252255
1.8816705671028937
1.882139310943565
1.8797524942591401
1.8805597919538621
1.8808041809901808
1.8808261805969053
1.8821290026166266
1.880516202773119
1.8794559823758927
1.8812818579088695
1.8807847070110435
1.8807806200005854
1.880494721145186
1.8807675928614078
1.8829836582300756
1.8845983745728254
1.8835116539946277
1.8834963542519765
1.8837713928622624
1.8842929986776913
1.8834857703919723
1.8837366795345714
1.8829600116396976
1.8834727599839116
1.8842540330076056
1.8837129733639433
1.883182851449745
1.8842169173248051
1.8834426998363274
1.8829189406778957
1.8802510662678362
1.8802379659255761
1.881075491986039
1.8815438856755744
1.8791587999307187
1.879965515106741
1.880209714529409
1.8802316999129323
1.8815335538642983
1.879921933951361
1.8788624770497757
1.8806870294820914
1.880190239035194
1.8801861425737179
1.8799004460437128
1.880173117807186
1.88238763849467
1.884001169597168
1.8829152477989153
1.8828999559461073
1.8831747891815835
1.883696004674575
1.8828893588866604
1.883140082270702
1.8823639811156183
1.8828763508756772
1.8836570461778879
1.8831163753913094
1.8825866352555125
1.8836199524857797
1.8828462860938737
1.8823229126186676
1.8800852354410156
1.8800721139281258
1.8809098922349337
1.881378403094711
1.878992594194947
1.8797995611185174
1.8800438044659462
1.8800658007263387
1.881367992840014
1.879755909376303
1.8786961181493456
1.8805212263125832
1.8800242850276163
1.8800201571244954
1.8797343617826525
1.880007111199424
1.8822224551842026
1.8838364408819077
1.8827502158153646
1.8827349115282617
1.8830098137057074
1.8835311579199165
1.8827242604771042
1.8829750506435528
1.8821987226740706
1.882711231401606
1.8834921363218138
1.882951293032533
1.8824213857842282
1.8834550194005715
1.8826810932027818
1.8821575752684165
1.8793612762830236
1.8793482616673327
1.8801841084455637
1.8806516454855642
1.8782713585764783
1.8790764259368298
1.8793202379848073
1.8793421645975055
1.8806415944297983
1.8790331305154018
1.8779758504785717
1.8797967231484132
1.879300932984195
1.8792969490117917
1.879011869384032
1.8792840098571362
1.8814935506873922
1.8831039548602815
1.8820201282690492
1.8820048941012713
1.8822792240305972
1.8827994920068625
1.88199449364781
1.882244744455947
1.8814701754943512
1.8819815709079606
1.8827607889422826
1.8822212355851469
1.8816925837197953
1.882723811245675
1.8819517885810426
1.881429419032149
1.880360868414208
1.8803478270763039
1.881183678982287
1.8816511819228041
1.879270872965095
1.8800759588458733
1.8803197265706153
1.8803416598996
1.8816410142882716
1.8800325742826183
1.878975264190912
1.8807961576391847
1.8803003625547825
1.8802963318347856
1.8800112307131833
1.880283365941873
1.8824931621219596
1.8841035276559326
1.8830197312120698
1.8830044848420338
1.8832787950594756
1.8837990225192793
1.8829940057512018
1.883244244590874
1.8824696815992863
1.8829810564108211
1.883760239765472
1.88322066815183
1.8826920013420232
1.883723243192819
1.882951174350973
1.8824288219687204
1.8818561652447652
1.8818431301503065
1.8826797378190998
1.8831476884924843
1.8807652323411603
1.8815710369728258
1.8818150561246623
1.881837004829941
1.8831375905392502
1.881527673345569
1.8804694232068988
1.8822919565716416
1.8817957144696158
1.8817917117337253
1.8815063661947
1.8817787521636482
1.8839903827234308
1.8856022371659125
1.8845174358632357
1.884502183904586
1.8847767566315259
1.8852974840596668
1.8844917485280668
1.8847422227705126
1.8839669521744888
1.8844788054323243
1.8852587200229936
1.8847186706558514
1.8841895337557024
1.885221702623004
1.8844489637428274
1.8839261252685406
1.8798473230805235
1.8798342508525456
1.8806708780561203
1.881138788553715
1.8787562664790036
1.879562108700624
1.8798060702123303
1.8798280285284374
1.8811285292969744
1.8795186212025585
1.8784603137735365
1.8802829029757082
1.8797866466895292
1.879782579272305
1.8794971997760008
1.8797695825476537
1.8819815989945734
1.883593424004278
1.8825086482371358
1.8824933791837226
1.8827679287467183
1.883288607913696
1.8824828349471685
1.8827332963713068
1.8819580224940733
1.882469854887482
1.8832497331414957
1.8827096505029346
1.8821804850721457
1.8832126890973875
1.882439874887679
1.8819170523653996
1.880805967341022
1.88079289650094
1.8816295854841631
1.8820975337991894
1.8797148364479066
1.8805207369763068
1.880764720550012
1.880786679906266
1.882087284076285
1.88047725411699
1.8794188706203439
1.8812415935606381
1.8807453007949877
1.8807412372042516
1.880455838378448
1.8807282418745295
1.8829404003083148
1.8845523486265505
1.8834674895054924
1.8834522203940698
1.8837267921205296
1.884247513596927
1.883441682318931
1.8836921634307882
1.8829168313574522
1.8834287036432489
1.8842086429716798
1.88366852177157
1.8831393182987677
1.884171597839299
1.8833987302224235
1.8828758672936938
1.881741096496331
1.8817280263564562
1.8825633129663257
1.8830304475267858
1.8806517378843546
1.8814562984550138
1.8816998366154227
1.8817217644048354
1.8830201222336977
1.8814128177301788
1.8803561894276875
1.8821758649522906
1.8816804025269123
1.881676308554677
1.8813913723681597
1.8816633137854604
1.8838719568962794
1.8854811648084193
1.884398153308996
1.8843829001512875
1.884656994637738
1.8851768085410008
1.884372317193019
1.884622367724605
1.8838483437191569
1.8843593391594786
1.8851379398216916
1.8845987120203964
1.8840703862304375
1.8851009419355127
1.884329336733283
1.8838073663903538
1.8814676591730437
1.881454566126626
1.8822902666354764
1.8827576098716026
1.8803777169454552
1.8811826845653754
1.8814263151470956
1.8814482578610139
1.8827472076073155
1.8811391274860858
1.8800819610714248
1.881902544201756
1.8814068351076452
1.881402710293114
1.8811176207392921
1.8813896926445224
1.8835995792884532
1.885209554670196
1.8841260292117776
1.8841107610284995
1.8843849781395474
1.8849050226652269
1.8841001243707243
1.8843502904790923
1.8835758895433823
1.8840871235509737
1.8848660856887343
1.8843265814734078
1.8837979866728156
1.8848290579687044
1.8840570448665126
1.883534828440983
1.881972362342486
1.8819592630526232
1.882794207798663
1.8832611033019222
1.88088335756939
1.8816876064384225
1.881930985593048
1.8819529129306716
1.8832506313563364
1.8816440284231355
1.8805878020554383
1.882406745269299
1.881911483192812
1.881907330394174
1.8816224852577752
1.8818943064227467
1.8841023586869816
1.885710845160216
1.884628324560612
1.8846130619659471
1.8848870165674971
1.8854065611248387
1.88460238159386
1.8848523122994534
1.8840786189681797
1.8845893745294702
1.8853676054312118
1.8848285789693862
1.8843004542591362
1.8853305985385185
1.8845592554746584
1.8840375251411625
1.881823400106518
1.881810300468638
1.8826454686469627
1.8831124934730772
1.880734112335164
1.8815385748126907
1.881782024525866
1.881803956951272
1.8831020325335495
1.8814949956685318
1.8804384894464128
1.8822579182732018
1.8817625238865812
1.881758375513779
1.8814734564924156
1.881745351216446
1.8839539657033642
1.8855628883595257
1.8844800737153014
1.8844648084713527
1.8847388389189934
1.8852585276869545
1.884454134552885
1.8847041337405699
1.8839302320973326
1.8844411271508046
1.8852195709845125
1.8846804020498091
1.884152137399421
1.8851825563988311
1.8844110118337243
1.8838891394703365
1.879615649365553
1.87960257956535
1.8804395537605052
1.8809076692158182
1.878524161182585
1.8793303336262586
1.8795744098205125
1.8795963753046945
1.8808974400328087
1.879286854276818
1.8782281148581261
1.8800514571494713
1.8795549955942166
1.8795509402558022
1.8792654482155353
1.8795379459951036
1.8817508086384387
1.8833633164481323
1.8822780799285397
1.8822628081098243
1.8825374778458377
1.8830583858422743
1.8822522826497192
1.882502851931386
1.8817272533499847
1.88223930502035
1.8830195183551646
1.882479216120628
1.8819498346656744
1.8829824644415238
1.882209341916234
1.8816862965511623
1.880590754348089
1.8805776800361802
1.8814146923246753
1.8818828236505507
1.8794992060416498
1.8803054171734774
1.8805494977402835
1.88057146519181
1.8818725768720892
1.8802619227789201
1.8792031317086784
1.8810265583985835
1.8805300739716089
1.8805260115795683
1.880240503642834
1.8805130128081764
1.8827260117135967
1.8843385857806256
1.883253305278158
1.8832380309841854
1.8835127100759002
1.884033635354696
1.8832274934934552
1.88347807219406
1.882702439888999
1.8832145113743823
1.8839947544179132
1.8834544253951455
1.8829250181260933
1.8839576960760995
1.8831845322710663
1.8826614660954535
1.8808055594722064
1.8807924619099112
1.8816291560208858
1.882097070236429
1.8797143508365226
1.8805202698853507
1.8807642091358199
1.880786175208359
1.8820867039347577
1.880476697884206
1.8794182843326839
1.8812410280514094
1.8807447303655747
1.880740620027245
1.8804551997075987
1.8807275979592657
1.8829400117428823
1.8845519214222006
1.883467092448513
1.8834518111348322
1.8837263631494081
1.884247044109343
1.8834411944223233
1.8836916635657153
1.8829163374623872
1.883428189146109
1.8842080937948693
1.8836679543382526
1.8831387359209957
1.8841710297864422
1.8833981159923538
1.8828752702302651
1.8806397286453858
1.8806266099124611
1.88146355626978
1.8819315876555653
1.8795481451007514
1.880354315897127
1.8805982990723573
1.8806202760217656
1.8819211429104734
1.8803106733091481
1.8792519254322537
1.8810752248819023
1.8805787763579975
1.8805746345780228
1.8802891154465387
1.8805615913515044
1.8827748284324146
1.8843871927069404
1.8833020604649622
1.8832867667169868
1.883561387673532
1.8840821973546846
1.8832760960127675
1.8835266319385657
1.8827510790208393
1.8832630696720374
1.8840431839387952
1.8835028719794757
1.882973486449711
1.884006096701234
1.8832329231012623
1.8827099328800136
1.8804494106699166
1.8804362929768703
1.8812735245461223
1.8817417230721944
1.8793574698354296
1.8801639125470786
1.8804079883428573
1.8804299714201942
1.8817312988669967
1.8801202734689768
1.8790611696700361
1.8808850884707349
1.8803884711572254
1.8803843376295737
1.880098725283626
1.8803712954720786
1.8825852367625384
1.8841981605285223
1.8831126508880087
1.8830973544327407
1.8833720733988402
1.8838930696000313
1.883086696343555
1.8833373204391637
1.8825615010133716
1.8830736710491387
1.88385405932228
1.8833135663285339
1.8827840028166178
1.8838169633034585
1.8830435347950725
1.882520362137483
1.8802671191210585
1.8802539861569836
1.8810914936588894
1.8815598313020727
1.8791747892094965
1.87998150328732
1.8802256406973057
1.8802476337243132
1.8815493557827419
1.8799378133062479
1.8788783507658604
1.8807028746370453
1.8802060928777147
1.8802019387885316
1.879916224197715
1.88018888137812
1.8824036516906542
1.8840170871030397
1.8829312348231966
1.8829159283508823
1.8831907290667131
1.8837118790161818
1.882905234462026
1.8831559356088219
1.8823798648961882
1.8828921939768022
1.8836728232336415
1.8831321459638748
1.882602403111537
1.8836357073255865
1.8828620068838924
1.8823386701712355
1.8809541138393593
1.880940989902867
1.8817774657093096
1.8822452165025139
1.879863110459364
1.8806688344201257
1.8809126587888103
1.880934626489852
1.8822347226160183
1.8806251744060256
1.8795670106540492
1.8813892895382782
1.880893119242392
1.880888957730634
1.8806035898021094
1.8808759092503036
1.883088016161067
1.884699451018542
1.8836149462368432
1.8835996553701884
1.8838741118267894
1.884394608059643
1.8835889535666908
1.883839342259525
1.8830642304381688
1.883575922027635
1.884355579064758
1.8838155638245122
1.8832864704029386
1.8843185038732728
1.8835457454032187
1.8830230588376622
1.88076379586389
1.880750672967277
1.8815874339856518
1.8820553519191427
1.879672435194042
1.8804784310700775
1.8807223480593103
1.8807443218882807
1.8820448785725417
1.8804347745658536
1.8793762548918314
1.8811991531271113
1.8807028140416207
1.8806986607821847
1.8804131996391968
1.880685613370878
1.8828984244911906
1.8845104188401238
1.8834255366598907
1.8834102430859423
1.8836847975520976
1.8842054803049908
1.8833995538974786
1.883650030760123
1.8828746524307012
1.8833865234047364
1.8841664544482426
1.8836262581735703
1.883096986769845
1.8841293704754978
1.8833563570970289
1.882833488095131
1.880838073047466
1.8808249369637549
1.8816615888298633
1.8821294250521854
1.8797468150054626
1.880552713337465
1.8807965728858054
1.880818547529027
1.8821188879131718
1.8805090128267634
1.879450618052514
1.881273283870546
1.8807770084800295
1.880772829633879
1.880487394686452
1.8807597690163969
1.8829724267002832
1.8845841836382944
1.8834994635540556
1.8834841652036205
1.8837586718907886
1.884279262280141
1.8834734334696623
1.883723870107028
1.8829485989185926
1.8834603898454991
1.8842401970831872
1.8837000629167002
1.8831708540108167
1.884203107518913
1.883430171802461
1.8829073823988292
1.881608187113585
1.8815950840038789
1.8824305754874746
1.8828977833244382
1.8805184819289074
1.881323255009861
1.8815668017161373
1.8815887422368163
1.8828873253293537
1.881279664330462
1.8802227505347473
1.8820428831111473
1.8815472970632021
1.881543149889096
1.8812581217568014
1.8815301221500926
1.883739577108646
1.8853491255136008
1.884265889487967
1.8842506190614683
1.8845247568743642
1.8850446494447237
1.8842399457274088
1.8844900425038418
1.8837158406288796
1.884226934881938
1.885005682430746
1.8844663056733848
1.8839378372267463
1.884968654635632
1.8841968138823677
1.8836747382720962
1.8811115103707536
1.8810983971935855
1.881934635160713
1.882402262707368
1.8800208359443618
1.880826327227103
1.8810700943541325
1.8810920540728484
1.8823918025395538
1.8807827030708564
1.8797248464087768
1.881546604621081
1.8810505758992961
1.8810464278954426
1.8807611463153193
1.8810333901573348
1.8832448043081091
1.8848557937765174
1.8837715876512735
1.8837563043264085
1.8840306883889795
1.884551048155915
1.8837456262919565
1.883995947352541
1.8832210530943665
1.883732605454004
1.8845120512161446
1.883972193463689
1.8834432535684382
1.8844749914857208
1.883702463669231
1.8831799203482005
1.8813018283462228
1.8812887141291756
1.8821246668843707
1.8825921272907393
1.880211511209684
1.881016730577152
1.8812604050836326
1.88128235867442
1.8825816465830307
1.8809731029110281
1.8799156021709944
1.881736741032248
1.881240881100068
1.881236724843892
1.8809515364782317
1.8812236860367606
1.8834343959779858
1.8850448259549353
1.8839609972282267
1.8839457166106546
1.8842200026636713
1.8847401759105675
1.8839350259611682
1.884185258851943
1.8834106311018344
1.8839220040769031
1.8847011758326597
1.8841614991146314
1.8836327372015313
1.8846641248834965
1.883891851975421
1.883369491090732
1.8802765254599434
1.8802633800089783
1.8810993759852634
1.8815668181627112
1.8791860704573653
1.879991347033414
1.8802349815892114
1.880256943863629
1.8815562032807853
1.8799476151803467
1.8788900327338873
1.880711276772132
1.8802153890480482
1.8802111789906517
1.8799259532346813
1.8801981089345696
1.8824092104877113
1.8840196680830794
1.8829358255208655
1.8829205302257777
1.8831948059226122
1.8837149559354063
1.882909748908297
1.8831599792495437
1.8823853237457842
1.8828966959337952
1.8836758627185974
1.8831361409558314
1.8826073382841781
1.8836387884652155
1.8828664281001843
1.8823440635715942
1.8801359975194023
1.8801228621317254
1.8809590671332654
1.8814266447098755
1.879045305473913
1.8798507765889285
1.8800944950201701
1.8801164594878266
1.8814160855587465
1.8798070783359704
1.8787492432705644
1.8805709378627398
1.8800749270924904
1.8800707393946696
1.8797854522171715
1.8800576794289985
1.8822692126675182
1.8838800972396743
1.8827959652446757
1.882780672192809
1.883055027187795
1.8835753291559092
1.8827699275516128
1.8830202272247938
1.882245372660287
1.8827568846028317
1.8835362659765853
1.8829964167558542
1.882467487730247
1.8834991917982882
1.8827266590843292
1.882204153740481
1.8803756976609836
1.8803625435346254
1.881198392265305
1.881665736861021
1.879285405409721
1.880090545753583
1.880334118495936
1.8803560796172605
1.8816550757821346
1.8800467849391538
1.8789893790440169
1.8808103062664538
1.8803145051090642
1.88031027651858
1.880025092854638
1.8802971977670153
1.8825080096216453
1.8841181635487565
1.8830345270654119
1.8830192294690944
1.8832934480312402
1.8838134883981346
1.8830084176367448
1.8832585983337748
1.8824840836946606
1.882995356020526
1.8837743692907933
1.883234736424444
1.8827060220647305
1.8837372938740549
1.8829650524507835
1.8824427883310022
1.8791330813890261
1.8791200146959404
1.8799607110532495
1.8804309932559868
1.8780369024826258
1.8788466288943833
1.8790918958388745
1.8791139438806692
1.880420986366864
1.878803160444356
1.877739766803593
1.879571195717595
1.879072530633512
1.8790685646415484
1.8787818483498226
1.879055573861841
1.881277721766622
1.8828975121714124
1.8818073648590319
1.881792052953
1.8820679933611566
1.8825913183733987
1.881781661265671
1.8820333759050265
1.881254303467551
1.881768686874961
1.8825524606357795
1.882009789938784
1.8814780811296778
1.882515284797683
1.881738819310691
1.881213401058542
1.8790005798750957
1.8789875069343913
1.8798284030376757
1.8802987926163997
1.8779041321385623
1.8787140525401869
1.8789593723537807
1.878981426410557
1.880288769604047
1.878670563277423
1.8776069141983127
1.8794387793856804
1.878939995599215
1.8789360231529735
1.8786492364093146
1.8789230261417373
1.8811457305444208
1.8827659000809434
1.881675498094983
1.881660181122419
1.8819361845689044
1.882459628764705
1.881649777696669
1.8819015505493364
1.8811222942723396
1.8816367970945598
1.8824207524216447
1.8818779510250896
1.8813461145037593
1.882383565550659
1.8816069106898454
1.8810813700037126
1.8780170405971335
1.878003961756828
1.878844834173803
1.879315201805658
1.8769206070287245
1.8777305078117228
1.8779758099358697
1.877997864919845
1.8793051516640173
1.8776869988650942
1.8766233742020577
1.8784551900498627
1.8779564198711491
1.877952436544794
1.8776656532341658
1.8779394336279343
1.880162132305838
1.8817822447911647
1.8806918821762444
1.880676562786432
1.8809525534251557
1.8814759725938954
1.8806661411686427
1.8809179037525297
1.8801386719479742
1.880653154692825
1.881437078654209
1.8808942890309723
1.880362464737556
1.8813998884433225
1.8806232457099339
1.8800977246197095
1.8784386244187574
1.8784255153885856
1.8792657607297987
1.8797357221641655
1.8773429019790815
1.8781522191451796
1.8783972696429947
1.8784193180472526
1.8797255048301327
1.8781086093982224
1.8770457425920262
1.8788762067780382
1.8783778057378195
1.87837375533274
1.878087156286694
1.8783607221446461
1.880582125766416
1.8822009573213794
1.8811114630048134
1.8810961368853376
1.8813718896296063
1.8818948529323862
1.881085605238696
1.8813371598267796
1.8805585252044654
1.8810725886857158
1.8818558688802445
1.881313461630903
1.8807820163993485
1.8818186784441047
1.881042552757499
1.8805174541130492
1.879379992219588
1.8793668370324863
1.8802071780951604
1.8806771310948607
1.8782840258350546
1.8790934579674146
1.8793384595702045
1.8793605215199798
1.8806667172664195
1.879049694259416
1.877986666859768
1.8798173556803293
1.8793188947125188
1.8793147655188525
1.8790281007225917
1.8793016861547978
1.8815237481878753
1.8831426828247313
1.8820531260779496
1.8820377779131972
1.882313526204923
1.8828364758112597
1.8820271133452704
1.8822786739529214
1.8814999686020795
1.882014050848938
1.882797354124243
1.8822548600270212
1.8817233346366287
1.882760128187639
1.8819838446120163
1.8814587202984896
1.87832299149568
1.878309897040502
1.87915031331363
1.8796203942765972
1.8772270921365641
1.8780365651534754
1.878281695154182
1.8783037437843344
1.8796102502688132
1.8779930040517445
1.876929936278151
1.878760766619534
1.8782622654048704
1.8782582444129916
1.8779715998418862
1.8782452258260034
1.880466924871065
1.882086117145481
1.8809963773790053
1.8809810559780078
1.881256878664727
1.8817799766404675
1.8809705730382758
1.8812221875393558
1.880443387579954
1.8809575710007196
1.8817410360754845
1.8811985281564085
1.880666982384999
1.8817038501426016
1.8809275933868113
1.8804023747376453
1.8784217558279046
1.8784086259751205
1.8792489001303943
1.879718849412147
1.8773259414775356
1.8781352967826876
1.8783803206467142
1.8784023748400585
1.8797085426286357
1.8780916175777682
1.877028696300621
1.878859230604628
1.8783608110364733
1.8783567247639132
1.8780701007909941
1.878343670743186
1.8805653354395668
1.8821841854068087
1.8810946818665721
1.8810793459620867
1.8813550918022337
1.8818780396156116
1.8810687538701152
1.8813203067585136
1.880541653633765
1.8810557165903106
1.8818389934708697
1.8812965561917037
1.8807650837877794
1.8818017874985842
1.881025603507341
1.8805005024336239
1.879379992219588
1.8793668370324863
1.8802071780951604
1.8806771310948607
1.8782840258350546
1.8790934579674146
1.8793384595702045
1.8793605215199798
1.8806667172664195
1.879049694259416
1.877986666859768
1.8798173556803293
1.8793188947125188
1.8793147655188525
1.8790281007225917
1.8793016861547978
1.8815237481878753
1.8831426828247313
1.8820531260779496
1.8820377779131972
1.882313526204923
1.8828364758112597
1.8820271133452704
1.8822786739529214
1.8814999686020795
1.882014050848938
1.882797354124243
1.8822548600270212
1.8817233346366287
1.882760128187639
1.8819838446120163
1.8814587202984896
1.8794293743856998
1.879416201499795
1.8802564715035421
1.8807263586626357
1.87833345050554
1.8791428237820207
1.8793877723164707
1.879409837047842
1.8807158634463306
1.8790990010224278
1.8780360468710033
1.8798665876728764
1.8793681675283207
1.8793640056943135
1.8790773511971455
1.8793509086133888
1.8815729534721257
1.8831917169553956
1.882102278321733
1.8820869229052362
1.8823626327736767
1.8828855072988315
1.8820762037611904
1.8823277335625002
1.8815491016289847
1.8820631236437333
1.8828463328219356
1.8823038740446685
1.881772385338019
1.8828090968656306
1.882032849672281
1.8815077841464791
1.880032277712724
1.8800191128061776
1.8808599769200982
1.8813302203066349
1.8789356250847342
1.8797455618103887
1.879990713275382
1.8800127893354122
1.8813197932994072
1.8797017657544133
1.878638075342823
1.8804699041863602
1.8799711328548439
1.879966998405595
1.879680154046469
1.8799539093683406
1.882177368370956
1.8837973078883377
1.8827070750865662
1.8826917166727308
1.8829676353680416
1.8834909079603348
1.8826810409507928
1.8829327573605028
1.8821535679384134
1.8826679687996701
1.8834517573563407
1.8829089247369024
1.8823770678380358
1.883414507177416
1.8826377380398132
1.8821122880454197
1.8782555171322681
1.8782423393866408
1.879082870916011
1.879552903268523
1.8771592501303804
1.877968875703508
1.8782138991690593
1.8782359709555585
1.8795424014628246
1.8779250367699265
1.8768617511125307
1.8786928619258918
1.8781942865994827
1.8781901221376849
1.8779033778590846
1.8781770202201606
1.8803997635636667
1.8820190294871986
1.8809292528260413
1.8809138922850033
1.8811896873552363
1.8817127233733693
1.8809031675639516
1.8811547752662912
1.880375901297152
1.8808900826190997
1.8816735344379851
1.8811309063996098
1.8805992519387227
1.881636286360519
1.8808597963861795
1.8803345680199441
1.8791145813229113
1.8791013869183597
1.8799421326007353
1.8804122662529268
1.878017999535544
1.8788278381680654
1.8790729011858254
1.8790949818818488
1.880401703599259
1.8787839436927667
1.877720375361548
1.8795519575072708
1.8790532542145126
1.879049065364696
1.8787622381707254
1.879035946799326
1.8812593771780408
1.8828790314394444
1.8817889954928722
1.8817736249927965
1.8820494796492973
1.8825726271062884
1.881762858310659
1.882014523376468
1.8812354563165898
1.8817497567909958
1.882533388519162
1.8819906147663148
1.8814588190070194
1.8824961216407343
1.881719413140255
1.8811940611254023
1.8804893864971435
1.8804762635921848
1.88131493562813
1.8817839637793305
1.8793956132580465
1.8802034346155905
1.880447960197218
1.8804699768087403
1.8817735975488652
1.8801597783578894
1.8790988677132443
1.8809259183281948
1.8804284478026942
1.880424337602914
1.880138246721213
1.8804112903742205
1.882628883249732
1.8842446136791464
1.883157212434124
1.8831418975498848
1.883417103111694
1.8839390241683796
1.8831312723132043
1.8833823364080202
1.8826051751906818
1.8831182418869412
1.8838999985350158
1.8833585853542247
1.882828118345367
1.8838628508418211
1.8830881186390456
1.8825640325851136
1.8792986606528588
1.8792855120655658
1.8801244744411947
1.880593635633199
1.8782044523813408
1.8790125641745858
1.8792571380535257
1.8792791675092624
1.8805831733638616
1.8789688222849343
1.8779075256633673
1.8797352164078
1.8792375721725092
1.8792334234774586
1.878947217887452
1.879220350579531
1.881438903014423
1.8830551542963794
1.8819674058001918
1.8819520760064006
1.8822273598658803
1.8827494269261424
1.8819413847473845
1.8821925250435458
1.8814151032881483
1.8819283287669024
1.8827103247416905
1.8821687122699653
1.8816380523345018
1.8826731493911888
1.881898116102787
1.8813738647791531
1.8797361410218778
1.8797230059655268
1.8805628095699234
1.8810324782590953
1.8786409068361474
1.8794498153056862
1.879694680363167
1.879716725308145
1.8810221223341808
1.8794061186746456
1.8783437815224164
1.8801732952610035
1.879675153920868
1.879671047916524
1.879384575146564
1.879657988641985
1.8818785231682187
1.8834964437184103
1.8824075676384533
1.882392234615288
1.8826678159554913
1.883190450320571
1.8823816114240386
1.882633017079472
1.8818548050510953
1.882368568945908
1.883151388596832
1.8826092480367398
1.8820780677410065
1.8831141946706231
1.8823384258092972
1.8818136283912719
1.8791248033994272
1.8791116499524116
1.8799508738536643
1.8804201802390867
1.8780302520061807
1.8788386160960728
1.8790832649061149
1.879105301416978
1.8804097113803555
1.8787948580324327
1.8777332299048948
1.8795614906608151
1.8790636912436716
1.8790595399208299
1.8787732445493908
1.8790464621863026
1.8812657131059638
1.8828824668281825
1.8817943803045003
1.881779045386168
1.8820544144474398
1.8825766430006798
1.8817683485501453
1.8820195667473365
1.8812419029563157
1.8817552877422687
1.88253752635774
1.8819957446249063
1.8814649189352053
1.882500338886077
1.8817250628166862
1.8812006486526185
1.878942511850569
1.878929343132525
1.8797688429664314
1.8802382884689643
1.8778475713802476
1.878656206836314
1.8789009172605633
1.8789229637210967
1.8802277682961008
1.8786123978697045
1.8775504110007193
1.8793792768271251
1.8788813129641602
1.8788771410797873
1.8785907434634792
1.878864048092344
1.8810841280340795
1.8827013934027004
1.881612964239688
1.8815976193043094
1.881873070115313
1.8823954524168305
1.8815868866686158
1.8818381819169947
1.8810602668391327
1.8815738106699327
1.8823562902691011
1.8818143242602472
1.8812833192301242
1.882319082908205
1.8815435349055059
1.881018956686371
1.8799358653362321
1.8799227167531116
1.8807607236199557
1.8812293297031053
1.8788428633493381
1.8796500624018293
1.879894331984572
1.8799163400490329
1.8812188138756998
1.8796063203889164
1.8785462192526605
1.8803718338072577
1.8798747552919726
1.879870585067094
1.8795846943464436
1.8798575120778596
1.882073673635152
1.8836880568768677
1.8826015679130748
1.8825862487744294
1.8828612070860826
1.8833826549944481
1.8825755255395216
1.8828263722195966
1.8820498419081582
1.8825624695258
1.8833435526983038
1.8828025486796383
1.8822724865467404
1.883306409208027
1.8825322353317784
1.8820085925341619
1.8796299144376851
1.8796167814694376
1.8804552444801286
1.880924137232166
1.878536378241499
1.8793440050600767
1.8795884467662594
1.879610461184543
1.880913715270904
1.8793003152022658
1.8782396571765672
1.8800662572375868
1.8795689097582513
1.879564777198896
1.8792787477387232
1.879551719879791
1.8817688810699245
1.8833841845225514
1.882297072710314
1.8822817555828537
1.8825568818465115
1.883078650947876
1.8822710936698888
1.882522088432771
1.8817451262761788
1.8822580532179052
1.8830395952770285
1.882498309554202
1.8819679688992976
1.8830024475087481
1.8822278876549012
1.8817039424162267
1.8784560571842535
1.8784429193562837
1.8792816438925979
1.8797506818380534
1.8773621778663392
1.8781700569815631
1.8784145736188484
1.878436595092259
1.8797402532873977
1.8781263509497645
1.8770653614180948
1.878892531490602
1.878395028829414
1.8783908936422673
1.8781047744006623
1.8783778314865627
1.8805956911614654
1.8822114970543546
1.881124047214622
1.8811087249626208
1.88138393642807
1.8819058670224142
1.88109805747265
1.8813491301365621
1.880571925944346
1.8810850121932714
1.8818667968930773
1.8813253419091431
1.8807948355000015
1.881829637003637
1.8810548343688003
1.880530726289692
1.8794476228888273
1.879434474649551
1.880273213592896
1.8807422454620444
1.878353697615566
1.8791615958003178
1.8794060991207082
1.8794281234886618
1.880731772186649
1.8791178550395373
1.8780568382723923
1.8798840434038968
1.87938653147874
1.8793823783578538
1.8790962466528116
1.8793693057858323
1.881587295998041
1.8832031110970693
1.8821156566455017
1.8821003295009953
1.8823755375143838
1.8828974603640265
1.8820896317883595
1.8823407036024284
1.881563490158996
1.8820765761455687
1.88285835918839
1.8823168891895428
1.8817863691942167
1.8828211915308761
1.8820463597437211
1.8815222504499793
1.8797704423782264
1.8797572993466902
1.8805955533321275
1.8810643106850022
1.8786771432249514
1.8794845755045622
1.8797289333353016
1.8797509455603452
1.8810538329929427
1.8794408520466421
1.8783804466398903
1.8802065961469792
1.8797093717138083
1.8797052167948782
1.8794192487562325
1.8796921493853622
1.8819088788901177
1.8835237553659565
1.8824369329865036
1.8824216136158223
1.8826966605813287
1.883218277727373
1.882410915026573
1.8826618404575206
1.8818850773616755
1.8823978645488686
1.8831791920190402
1.882638033754179
1.8821078194532286
1.8831420441756754
1.8823676566707561
1.88184385224734
1.878579716533942
1.878566547820071
1.879405092145192
1.8798739825388706
1.8774859823482453
1.8782937050635578
1.8785381111916097
1.878560136260868
1.879863408807939
1.8782498959736866
1.8771891045900124
1.8790158942265835
1.8785184960836243
1.8785143026694222
1.8782282199224711
1.8785012095906728
1.8807188986548087
1.8823342959831888
1.881247126352571
1.881231792072338
1.8815069173355148
1.8820286804851367
1.8812210274607535
1.8814720290930453
1.880695005459143
1.8812079514288294
1.8819895182257138
1.8814481606699205
1.8809177534423631
1.8819523427250437
1.8811776541344971
1.8806536844413797
1.8786869151615935
1.878673721461422
1.8795121092616585
1.87998087405043
1.8775933119399897
1.878400897874016
1.8786452111822822
1.878667238920189
1.8799701822685104
1.8783570054099372
1.8772963877581852
1.879122846298382
1.8786255390659004
1.8786212983047574
1.8783352486194287
1.8786081802085857
1.880825704386735
1.8824407502018017
1.8813538214092584
1.8813384775180424
1.8816135293867076
1.882135150118668
1.8813276339768836
1.881578574846337
1.8808017072983043
1.881314533066123
1.8820959133257869
1.881554641424815
1.8810243211509279
1.8820587255537866
1.8812841388801063
1.8807602879770715
1.8789669989992175
1.8789538080706654
1.8797932749389836
1.880262670471472
1.8778720409097986
1.8786806561981388
1.8789253179266
1.8789473691360747
1.880252051315293
1.8786367731348186
1.877574807862507
1.879403610068784
1.8789056641573545
1.8789014525790144
1.8786150493653313
1.8788883373640077
1.8811085363934879
1.8827256968658574
1.88163734183309
1.8816219871707098
1.8818974089141287
1.8824197334168251
1.8816111879282722
1.8818624617892477
1.8810845864050525
1.88159808981876
1.8823805050295421
1.8818385475524124
1.8813075533919332
1.8823432832207725
1.8815677303206035
1.8810431900786517
1.8788015760412122
1.8787883906642437
1.8796281046511554
1.8800976514533683
1.8777063207854117
1.8785151693008717
1.8787599192773294
1.878781974647388
1.8800870704325352
1.8784713047925445
1.8774090352497366
1.8792383724085049
1.8787402805791902
1.8787360843067988
1.8784496037751204
1.87872297467151
1.8809437416484538
1.8825613953549463
1.8814727069065187
1.8814573520121025
1.8817328624093743
1.8822553561497501
1.881446577415324
1.8816979300271715
1.8809198218585703
1.8814334848418284
1.8822161443502785
1.881674032626953
1.8811428862984212
1.882178918188421
1.881403151659581
1.8808784497918292
1.8796610481006706
1.879647872786991
1.8804877957991566
1.8809574780005325
1.8785655558019592
1.8793745988563861
1.8796194327082882
1.879641490271585
1.880946952710497
1.879330767948168
1.8782682457864135
1.880098033499113
1.8795998186236336
1.8795956447108164
1.8793091027576108
1.879582545165939
1.8818037438282604
1.8834218245115413
1.882332846630329
1.8823174939791343
1.8825930836745575
1.8831157293702534
1.8823067560586393
1.882558178002421
1.8817798707730733
1.882293673510865
1.8830765476082665
1.8825343084269752
1.8820030357444906
1.8830393215214938
1.8822633826437258
1.881738539960716
1.8795699023262418
1.8795567193770475
1.8803967803555401
1.8808665321154714
1.8784742154889924
1.879283394226506
1.8795282588855122
1.8795503214236444
1.8808559811683694
1.879239537866804
1.878176836334326
1.8800069265822679
1.8795086294838779
1.8795044452902956
1.879217852214655
1.8794913381189595
1.8817129512923185
1.8833312877988
1.8822421385979229
1.8822267809382047
1.8825024115084934
1.8830251340783286
1.8822160251178748
1.8824674855872505
1.8816890527144823
1.882202934974697
1.8829859295639473
1.8824435982446457
1.8819122358919498
1.8829486935325577
1.8821726186881358
1.8816476939775924
1.8797602203017107
1.8797470363126383
1.8805868120791986
1.8810563966988425
1.8786648907543144
1.8794737975765547
1.8797185696150118
1.8797406260252156
1.881045825211846
1.8794299377069759
1.8783675920965437
1.8801970629934344
1.8796989346846493
1.8796947422387447
1.8794082423775678
1.8796816339983853
1.8819025429621947
1.8835203199772181
1.8824315481748757
1.8824161932224508
1.8826917257831852
1.8832142618329815
1.8824054247870867
1.8826567970866523
1.8818786307219502
1.8823923335975958
1.8831750541804622
1.8826329038955876
1.8821017195250431
1.8831378269303334
1.8823620069943252
1.8818372647201234
1.8794125057948474
1.8793993120863297
1.8802396109041373
1.880709485910617
1.8783164900039946
1.879125901419529
1.8793708233201893
1.8793928938406483
1.8806989012448339
1.8790820092019735
1.8780190005795985
1.8798496114994658
1.8793511728269738
1.8793469751254865
1.879060295701445
1.8793338572119285
1.881556163145276
1.8831749450408244
1.8820854971834924
1.882070131981985
1.8823458349463036
1.8828686939820567
1.8820593523926095
1.8823108804942341
1.8815322300582844
1.882046251548328
1.8828294574125608
1.882286968605469
1.8817554527264497
1.88279220592011
1.8820159004221229
1.8814908324670538
1.8790163811653302
1.8790031725379743
1.8798425683473654
1.8803118980392466
1.8779214655802845
1.8787300220127452
1.8789746306728663
1.8789966846639368
1.8803011974952035
1.8786860798978304
1.8776241878737416
1.879452842061331
1.878954936973156
1.8789506927544752
1.878664299839885
1.8789375598225992
1.881157741677739
1.8827747309965217
1.8816864940768734
1.8816711321627497
1.881946515482882
1.882468764904397
1.881660278344192
1.8819115213988262
1.8811337194319586
1.8816471626135558
1.8824294837272348
1.8818875615700599
1.8813566040933236
1.8823922518987637
1.8816167353808684
1.8810922539266413
1.8794134778383054
1.8794002612315919
1.8802390629308094
1.880708036395247
1.8783192910010904
1.8791272839843771
1.8793716897139547
1.8793937323763668
1.8806972676421272
1.8790833151658453
1.878022159401922
1.8798495255478471
1.8793519716466331
1.8793477000431942
1.8790614969905612
1.8793345590676471
1.8815533267789084
1.8831691400635788
1.8820816973120398
1.8820663383952547
1.8823415128885168
1.8828633642428936
1.8820554411545898
1.8823064976008232
1.8815292531225294
1.8820423174576184
1.8828240591928291
1.882282510877826
1.8817519215933067
1.8827868415869784
1.882011847013336
1.8814877500277
1.8783640956721934
1.8783508967642828
1.879189769522427
1.879658808827472
1.8772698663306047
1.8780779181697715
1.878322376967689
1.8783444168485053
1.8796481214622165
1.8780340084028326
1.8769727793906874
1.8788002935553
1.878302698830832
1.8782984598677335
1.8780122465160076
1.8782853366090564
1.8805041214946578
1.882120105932915
1.8810325450682566
1.8810171934032156
1.8812924063197634
1.8818143327553216
1.8810063507386698
1.8812574379912443
1.8804801200956243
1.8809932446628228
1.8817750804951365
1.8812334968601787
1.8807028708919165
1.881737872908987
1.8809628419530708
1.8804386861797109
1.8793640956721933
1.8793508967642822
1.880189769522427
1.8806588088274718
1.8782698663306046
1.8790779181697712
1.879322376967689
1.879344416848505
1.8806481214622166
1.879034008402833
1.8779727793906873
1.8798002935553002
1.8793026988308317
1.8792984598677327
1.8790122465160073
1.8792853366090563
1.8815041214946577
1.883120105932915
1.8820325450682567
1.8820171934032153
1.882292406319764
1.8828143327553215
1.88200635073867
1.8822574379912445
1.8814801200956237
1.881993244662823
1.8827750804951366
1.8822334968601784
1.8817028708919163
1.882737872908987
1.8819628419530705
1.8814386861797108
1.8795291107613834
1.879515879579675
1.8803545103469783
1.880823364282815
1.8784351008436075
1.8792429379760818
1.8794872642027673
1.8795093066392854
1.880812522203447
1.8791989205123232
1.8781379657157975
1.8799649657063517
1.879467511979583
1.8794632109629426
1.8791770534353693
1.8794500553862907
1.8816685276742595
1.883283980239477
1.8821967829378483
1.8821814193025843
1.8824565238533963
1.8829782405348128
1.8821704733550102
1.8824214698882473
1.8816443907470408
1.8821573351426142
1.8829388919975893
1.882397444352321
1.881866955607656
1.8829016698884815
1.8821268063840237
1.8816028294031046
1.8779163932266585
1.8779031398302695
1.8787426931407698
1.879212052215416
1.8768211594051607
1.877629889110663
1.8778744709377582
1.877896539514493
1.8792011647108018
1.8775857976734551
1.8765236689882918
1.8783526815485523
1.877854680053314
1.8778503608725343
1.87756388287823
1.8778371831596259
1.880058165412939
1.8816753811221458
1.8805869984183672
1.8805716144009565
1.88084701543201
1.8813692934665018
1.8805606338225291
1.8808119025844496
1.880033971692952
1.8805474735325445
1.8813298788014174
1.8807878312348132
1.8802567555572263
1.8812926103842107
1.8805168825701304
1.879992335040376
1.8795371371879943
1.8795238896953788
1.880362511183403
1.880831337096064
1.8784430954829967
1.8792509320663715
1.8794952272867156
1.879517273544975
1.8808204231626686
1.8792068601897667
1.8781459025738398
1.8799728882838285
1.8794754389008432
1.8794711090703493
1.8791849425123706
1.8794579371717572
1.8816765342722517
1.883291938992413
1.8822047764499887
1.8821894055049722
1.8824644937959611
1.8829861777056158
1.8821784111426927
1.8824293965573076
1.881652332637326
1.8821652566931772
1.8829467805254663
1.8824053296386036
1.8818748395356684
1.882909547308385
1.8821346667790333
1.8816107081793882
1.8774379649869541
1.8774247261697317
1.8782634949033614
1.8787324183977538
1.8763437605306408
1.8771517333462022
1.877396090379992
1.8774181377913441
1.8787215506613193
1.8771076904309585
1.8760465562637094
1.8778738587895059
1.877376322839827
1.8773720115424208
1.8770858028924136
1.877358848339311
1.8795777351383174
1.881193443526736
1.8801060749054417
1.8800907062616552
1.8803658516873325
1.8808876452428878
1.8800797424142457
1.8803307774730762
1.8795535726884496
1.880066596606446
1.8808482739532706
1.8803067341699908
1.8797761557551151
1.8808110418995456
1.8800360424284333
1.8795119834199805
1.8789515103206387
1.8789383023934907
1.8797762958295283
1.8802448117668433
1.8778583670167324
1.878665583491452
1.8789097467382774
1.8789317691625067
1.8802340356526166
1.8786216435110195
1.8775615066810856
1.8793871134529836
1.8788900387050809
1.8788857641049015
1.8785998338295966
1.8788726317335298
1.8810892982657037
1.8827035471783906
1.8816171578803766
1.881601811919967
1.8818767180000906
1.8823980598484715
1.8815909132182795
1.8818417256926439
1.8810652317936631
1.881577798129785
1.8823587805772461
1.8818177518188868
1.8812876720249931
1.8823215959949775
1.8815473418917281
1.8810237530233014
1.8814001848096318
1.881387008472765
1.8822228242378576
1.8826901188635286
1.8803098749392717
1.881114995115408
1.8813585191619726
1.881380485032238
1.8826793588013262
1.8810711602042685
1.8800137759058044
1.8818346395081131
1.881338856302258
1.881334588017807
1.8810493987564905
1.8813214870386794
1.8835324179810544
1.8851424670119137
1.8840589046588136
1.884043597335495
1.884317786830056
1.8848377693981284
1.8840327188964003
1.884282878206028
1.8835084032605807
1.8840196351693537
1.8847985840512345
1.8842589597166088
1.8837302562265397
1.884761494186622
1.8839892478658813
1.8834670217232823
1.881383316218779
1.8813701190592997
1.882205963638453
1.8826732461115103
1.8802929144377258
1.8810980727529159
1.881341570165692
1.8813635418250438
1.882662396599829
1.8810541683838136
1.8799967296143993
1.8818176633347028
1.8813218616009106
1.8813175574489798
1.8810323432607898
1.8813044356372184
1.8835156276542047
1.8851256950973432
1.8840421235205729
1.8840268064122436
1.8843009890026836
1.8848209560813536
1.8840158675278196
1.884266025137762
1.8834915316898801
1.8840027630739486
1.8847817086418595
1.884242054277409
1.8837133236149708
1.8847446032411013
1.8839722986157232
1.8834500700438572
1.881109471026676
1.881096224238441
1.8819324878443264
1.8823999448935667
1.8800184078874422
1.8808239917723213
1.8810675372831722
1.8810895305833149
1.8823889018319195
1.8807799219069372
1.8797219149704767
1.8815437770749392
1.8810477237522312
1.8810433420104105
1.880757952961073
1.8810301705810168
1.8832428614809453
1.8848536577547705
1.8837696023663748
1.883754258030218
1.8840285435333712
1.8845487007179955
1.8837431868089178
1.8839934480271754
1.88321858361904
1.8837300329683042
1.8845093053320914
1.8839693562971032
1.8834403416795764
1.8844721512214364
1.8836993925188839
1.8831769350310574
1.8802486190549434
1.8802353583794034
1.8810729152063757
1.881541104299013
1.8791558862624147
1.8799627125610021
1.8802066460442572
1.8802286717254928
1.8815300730151372
1.8799185965546585
1.878858959323816
1.880683636426721
1.8801868164587157
1.880182439511679
1.8798966140186173
1.8801692543156048
1.8823853071020733
1.8839986063710723
1.882912865457037
1.8828975003906792
1.8831722153548538
1.8836931877490721
1.8828864315070142
1.883137083080264
1.8823610177452272
1.8828732638928372
1.8836537511170237
1.8831129707914065
1.882583140988879
1.8836165441686383
1.8828426007134569
1.8823193302380958
1.879033813930826
1.879020576505673
1.8798584515101655
1.8803268577131345
1.877940741467542
1.878747859849129
1.8789919346487205
1.8790139617089434
1.8803159459524688
1.8787038214493725
1.8776438066998105
1.8794691667738945
1.8789721600647498
1.8789678310640026
1.878681917953853
1.8789546691645156
1.8811713070727882
1.882785270729497
1.8816990782866825
1.8816837202400325
1.881958562281346
1.882479778994425
1.881672730578146
1.8819234917086087
1.881147120171839
1.8816595861211105
1.8824404117400675
1.8818994418482993
1.8813694231939766
1.8824032104582962
1.8816290169921694
1.881105526103284
1.8799093388435062
1.8798960788598273
1.8807341443310166
1.8812026298867968
1.8788159657628678
1.879623277585222
1.8798673742475749
1.8798894111445212
1.8811916301488731
1.8795791639598836
1.878518890952573
1.880344673019457
1.8798475519517133
1.8798431876828343
1.8795571950903451
1.8798300032298785
1.8820473224485794
1.8836616173919638
1.8825752050347744
1.8825598346118386
1.8828347234316585
1.8833560265565348
1.8825487847968267
1.8827995930219787
1.8820230528669117
1.8825356178912722
1.8833165920538093
1.8827754882208874
1.88224534049607
1.8832793686311753
1.8825049687663327
1.8819813738247386
1.8796776651285358
1.8796644075726316
1.8805028200354017
1.8809715105489
1.878583860466449
1.879391502510857
1.8796357138557573
1.8796577579207783
1.8809605408847074
1.8793473970341428
1.8782866920371626
1.8801132271932202
1.8796159008564004
1.879611548666331
1.87932544352988
1.8795983666773282
1.8818165320924445
1.8834315098358183
1.8823446367261782
1.8823292635379407
1.8826042725307781
1.8831258044851131
1.882318232499378
1.8825691485820573
1.8817922837228231
1.8823050680241407
1.8830863772674782
1.8825450538385806
1.8820146900895993
1.883049143975312
1.8822744357948882
1.8817506180105015
1.8797354815900744
1.8797222167466732
1.880560543743486
1.8810291744926841
1.8786417653877077
1.8794493295067092
1.8796935011001636
1.8797155450522376
1.881018168165367
1.879405199707382
1.8783445951941002
1.8801709472724721
1.8796736710228752
1.8796693041262051
1.8793832217522843
1.8796561148366502
1.88187413254012
1.8834889299237676
1.8824021795390824
1.8823868039916056
1.8826617780132173
1.8831832426310722
1.882375748599588
1.8826266347257694
1.881849852535079
1.8823625768666385
1.8831437936698583
1.882602520575828
1.8820722070967735
1.8831065581260638
1.882331915480232
1.8818081576982033
1.8798181930690772
1.8798049254498836
1.8806431288874004
1.881111684001736
1.878724625449901
1.8795320729553429
1.8797762004247993
1.879798242296581
1.881100658606746
1.8794879338785189
1.8784274815004853
1.8802535661026116
1.8797563628119576
1.8797519882623133
1.8794659445473898
1.8797387961828989
1.8819565299126368
1.8835710806792227
1.8824844970023682
1.8824691215709095
1.8827440512655949
1.8832654312646098
1.882458053856062
1.8827089006068078
1.8819322348083203
1.882444879355104
1.8832259740094903
1.882684778038558
1.8821545406435296
1.8831887406422396
1.8824142048107433
1.8818905278416147
1.8795616243366422
1.8795483546335192
1.8803869431559557
1.8808557190985717
1.8784675650125473
1.8792753814281962
1.8795196279527524
1.879541678959953
1.8808447061818607
1.8792312354548808
1.8781702994356275
1.8799972215254876
1.8794997900940378
1.8794954205695764
1.8792092484142229
1.8794822264434212
1.8817009426316607
1.88331624245557
1.8822291540433909
1.882213773371373
1.8824888325947768
1.88301045870561
1.8822027124023493
1.882453676429561
1.8816766522032464
1.8821895358420047
1.882970995285907
1.8824295529307686
1.881899073697477
1.8829337476209522
1.882158862194131
1.8816349415716684
1.879074761801512
1.879061496266249
1.8798993146188447
1.8803676489049004
1.8779816858872551
1.8787887644824892
1.879032772896846
1.8790548056332086
1.8803566110316312
1.8787446323021573
1.8776846635653432
1.8795099106797362
1.8790129355298781
1.87900855595505
1.8787226406805568
1.8789953659223766
1.881212117193614
1.8828259189028758
1.8817398399613456
1.8817244697704463
1.8819992699364125
1.8825204038236103
1.8817133953097753
1.8819641247840548
1.881187817413394
1.881700222868204
1.8824809527330726
1.8819400031463471
1.881410007589582
1.8824437336635271
1.8816695474273557
1.8811461141115609
1.8800747618015117
1.8800614962662487
1.8808993146188449
1.8813676489049003
1.8789816858872548
1.879788764482489
1.8800327728968458
1.8800548056332087
1.8813566110316309
1.8797446323021576
1.8786846635653434
1.8805099106797367
1.8800129355298776
1.8800085559550497
1.8797226406805563
1.8799953659223765
1.882212117193614
1.8838259189028754
1.8827398399613455
1.8827244697704457
1.8829992699364129
1.8835204038236093
1.8827133953097752
1.8829641247840545
1.882187817413394
1.8827002228682035
1.883480952733073
1.882940003146347
1.8824100075895822
1.8834437336635268
1.8826695474273556
1.8821461141115607
1.879801324478224
1.879788036036419
1.8806262682879957
1.8810948112497172
1.878707664948355
1.8795151505928507
1.8797592514285184
1.8797812990893867
1.8810836964052484
1.8794709420580646
1.8784104352090802
1.880236589929201
1.8797393681106107
1.879734957693486
1.879448889051689
1.879721744781438
1.8819397395857873
1.8835543087646522
1.882467715864127
1.8824523306476584
1.882727253438222
1.8832486179478354
1.8824412024874813
1.882692047538542
1.88191536323762
1.8824280072596988
1.8832090986001155
1.8826678725993582
1.8821376080319605
1.8831718496967191
1.8823972555605852
1.8818735761621894
1.8808942580337429
1.8808810077736815
1.8817175946848386
1.8821852347449286
1.8798027774811852
1.8806086719694914
1.8808523144734437
1.8808743158688594
1.882174194627724
1.880564590568868
1.8795061760588114
1.8813287419128846
1.880832496928852
1.8808281163857274
1.8805426182254597
1.880814941514664
1.8830284728862272
1.884639894908846
1.8835554181390404
1.8835400686203332
1.883814461488742
1.8843348224757646
1.883528997983442
1.8837793567904477
1.8830041921505871
1.8835158406994377
1.8842954167783241
1.883755259920679
1.883226041506902
1.8842582494582372
1.8834851945675266
1.882962533832817
1.8807452957977748
1.880732045189696
1.881568855533138
1.8820366249160831
1.8796535322469605
1.8804596403437597
1.8807033534062612
1.8807253598894602
1.8820255958049372
1.880415557814264
1.8793568634497861
1.8811799149167874
1.8806835376226214
1.880679161505332
1.8803935894600996
1.8806659863083632
1.8828800799026102
1.8844919381081557
1.8834071672937305
1.8833918151257392
1.8836662838402385
1.8841867890378807
1.8833807509424667
1.883631178231565
1.8828558052797397
1.8833675933207712
1.884147382331625
1.883607083001102
1.8830777246471868
1.8841102073185494
1.8833369509265931
1.8828141481619916
1.8803726862734478
1.8803594214342192
1.8811967929222466
1.8816648685625903
1.879280176355705
1.8800868277339524
1.88033069503121
1.8803527175920076
1.8816538086772054
1.880042697811364
1.8789832887833937
1.8808075646719304
1.880310854142339
1.8803064657158408
1.8800206982112757
1.8802932763349787
1.8825089031608497
1.8841218325042555
1.8830363416519655
1.8830209767596344
1.8832956252334196
1.8838164706993776
1.883009889391725
1.8832604819018208
1.8824845911550891
1.8829967176255358
1.883777021626471
1.883236356985501
1.8827066413090128
1.8837398179429021
1.8829660347092236
1.8824428854532127
1.8805714385443433
1.8805581830765423
1.8813952549456072
1.8818631695219705
1.8794793318718006
1.880285692265247
1.8805294802588504
1.8805514937971766
1.881852133821431
1.8802415935617633
1.8791825676913136
1.881006189169803
1.880509656693784
1.880505277948703
1.8802196161220384
1.8804920979151347
1.8827068899941504
1.884319250639959
1.883234141798039
1.8832187845055062
1.883493338421798
1.8840140051124188
1.8832077147452284
1.8834582199353556
1.882682604947907
1.8831945522961375
1.8839745839476743
1.883434115356043
1.8829045912478903
1.8839373968134379
1.8831638976404919
1.8826409320354562
1.879404227805248
1.8793909473428017
1.8802297737045526
1.880698672893717
1.8783098395275495
1.8791178886212188
1.8793621923874302
1.8793842513769567
1.8806876262583252
1.8790737067900505
1.8780124636809
1.8798399064426854
1.8793423334371337
1.8793379504047678
1.8790516919010127
1.8793247455363902
1.8815441544846183
1.8831598996975951
1.8820725126289606
1.8820571244151527
1.8823322560325875
1.8828540186093385
1.882046039677084
1.8822970713365446
1.881519829547049
1.882032852415636
1.8828145231345206
1.8822729232915918
1.8817422905319774
1.8827772600085042
1.882002143928118
1.8814780800611306
1.87902359185431
1.8790103134716203
1.8798497102572362
1.8803189437269754
1.8779284889969052
1.8787370819211222
1.8789815709284308
1.879003642173814
1.8803079381713723
1.8786929071097063
1.8776309521564645
1.879459633620351
1.8789617230355904
1.878957356507869
1.8786709115751876
1.878944153777539
1.8811649711448652
1.882781835340759
1.8816936934750548
1.8816782998466608
1.8819536274832036
1.8824757631000326
1.8816672403386594
1.881918448337741
1.881140673532113
1.881654055169838
1.8824362739014902
1.8818943119897082
1.8813633232657911
1.8823989932129535
1.8816233673157388
1.8810989385760675
1.878891090340379
1.8788778057100715
1.879717402241663
1.8801867430873886
1.8777957186528422
1.8786045055669256
1.878849047443337
1.8788711247037018
1.8801757214085548
1.878560309942774
1.877498099551184
1.879327217288436
1.8788291880012935
1.8788248150192939
1.8785382996346793
1.8788116060574347
1.8810329799226648
1.8826502232502902
1.8815618267110055
1.88154642801608
1.881821818690951
1.8823440734913393
1.8815353567696576
1.8817866229820501
1.8810086643369008
1.881522165389437
1.8823045656873554
1.8817624730760136
1.8812313566398726
1.8822672739659294
1.881491458694893
1.8809669075212385
1.879040052576347
1.879026768294057
1.8798661413933633
1.8803353529162334
1.877944963887067
1.8787535371926574
1.8789980085105191
1.8790200806831012
1.8803243202313422
1.878709342697377
1.8776474121602096
1.8794760442845333
1.8789781473075244
1.8789737698996896
1.878687328400039
1.8789605612637363
1.881181372906282
1.8827981800509799
1.8817100775563156
1.881694681510674
1.8819699963394545
1.8824921069292238
1.8816836038106328
1.8819348015409334
1.881157051207748
1.8816704127681032
1.8824526001340545
1.8819106499955907
1.8813796734995878
1.8824153161056172
1.8816397023358273
1.8811152931920645
1.87922193625639
1.8792086405229145
1.8800477428173192
1.8805167811235954
1.8781271589016164
1.8789354793614599
1.8791798447418788
1.8792019136810756
1.8805056831740705
1.8788912466273213
1.8778296447767242
1.8796576926089952
1.8791599551576221
1.8791555515637253
1.8788691908151016
1.8791423314424311
1.8813625694127338
1.882978826272113
1.8818910965641482
1.8818756983332943
1.8821509117004602
1.8826728280254894
1.8818645777955547
1.8821156865062025
1.881338193429866
1.8818513753432997
1.8826332870458822
1.8820915029269327
1.8815606908268965
1.8825960040306322
1.881820616016938
1.8812963880948828
1.8812875632740904
1.8812745122250876
1.8821089761647474
1.882575659274391
1.88019929415077
1.881003059143334
1.8812463681378855
1.881268272794572
1.8825653713449353
1.8809596419855799
1.8799040598525532
1.8817219409441324
1.881226966936033
1.8812228879007977
1.8809382369550445
1.8812099121520731
1.8834163235464993
1.8850239578805161
1.8839420044464525
1.883926769137625
1.8842005986629977
1.8847199108049657
1.8839162149409987
1.8841660223505583
1.8833927581756402
1.883903255879348
1.8846810989107958
1.884142405681057
1.883614602967908
1.8846441418162716
1.8838733062367539
1.8833518452256677
1.8823365375713867
1.8823234421013677
1.8831578401098523
1.8836244232794057
1.8812482332098717
1.8820519578669836
1.8822951694699592
1.882317083624527
1.8836139373833196
1.8820083925158084
1.8809528535761288
1.8827706074274504
1.8822756693224216
1.8822715108992523
1.881986848758749
1.882258490695401
1.8844651402653172
1.886072564806831
1.8849907596332565
1.8849755048704262
1.8852492762606292
1.8857684728049537
1.8849648174603109
1.885214582095064
1.884441397307481
1.8849518141770034
1.885729528431678
1.8851908522653873
1.884663071291526
1.885692542441406
1.8849216970669491
1.8844003120102286
1.8821377853004915
1.8821246804590448
1.8829593780864917
1.883426122320026
1.8810490776937767
1.8818530933356898
1.882096384242319
1.8821183074193588
1.8834156122390942
1.8818094967654093
1.880753574668208
1.8825719829295786
1.8820768667709764
1.8820726986663896
1.8817879308479863
1.8820596691152451
1.8842671534320166
1.8858751466711272
1.884792959487183
1.884777697124555
1.8850515630722513
1.8855709383919137
1.8847669921068082
1.8850168440615296
1.8842433835146624
1.8847539795064017
1.8855319661104757
1.8849930938948456
1.8844651213526482
1.8854949635708702
1.8847238341356807
1.8842022654279846
1.881738649283438
1.8817254188102832
1.8825607361866614
1.883027666150224
1.880648824216051
1.8814534959092752
1.8816967681302705
1.8817187362173953
1.8830166413845364
1.8814094803334762
1.8803526717017276
1.8821724718969204
1.8816769799504338
1.8816726054926387
1.8813875403430638
1.881659450293879
1.8838696255036829
1.8854786015823235
1.8843957709671173
1.8843804445958592
1.8846544208110083
1.885173991615498
1.8843693898133722
1.884619368534167
1.8838453803487654
1.8843562521766388
1.8851346447608277
1.8845953074204935
1.8840668919638033
1.885097533618371
1.884325651352866
1.8838037840097819
1.881432698384891
1.8814194835266091
1.882255257046835
1.8827224736792851
1.8803423391082112
1.8811474385675224
1.8813908829119579
1.8814128573529059
1.88271154277974
1.8811034751468259
1.880046109625635
1.8818668953272488
1.881371134416712
1.881366797624441
1.8810815937353436
1.8813536580958103
1.8835648329384551
1.885174729228007
1.8840912757643564
1.884075951404283
1.8843500955714367
1.8848699875689257
1.8840649579437394
1.8843150847473413
1.8835406647167858
1.884051835868744
1.8848306873395524
1.8842910682950562
1.8837623743163605
1.8847935719190927
1.8840213036759883
1.8834991338918465
1.8814158297940384
1.881402594113144
1.8822383964474303
1.8827056009272665
1.8803253786066656
1.8811305162050302
1.8813739339156772
1.881395914145712
1.882694580578243
1.8810864833263714
1.88002906333423
1.8818499191538387
1.8813541397153655
1.8813497670556143
1.881064538239643
1.881336606694349
1.883548042611606
1.8851579573134365
1.8840744946261159
1.8840591604810322
1.8843332977440639
1.8848531742521515
1.8840481065751584
1.8842982316790748
1.8835237931460849
1.8840349637733391
1.8848138119301772
1.8842741628558566
1.8837454417047916
1.8847766809735718
1.8840043544258305
1.883482182212421
1.881564792030006
1.8815515566971288
1.8823871355991308
1.8828542107561117
1.8804746238408911
1.8812795478307622
1.881522894982859
1.8815448701251114
1.8828431794010299
1.881235516080975
1.8801783759432549
1.881998746149936
1.881503099021596
1.8814987219360098
1.881213567005003
1.8814855619006505
1.8836964355952235
1.8853059141141264
1.884222745471426
1.8842074139756262
1.8844814753925674
1.8850012076900353
1.8841963536161332
1.884446410237958
1.8836721800169325
1.8841832111520052
1.8849618463768762
1.8844223397754338
1.8838937585645072
1.8849247231132598
1.8841525980667648
1.8836305678832472
