1.4263490077011565
1.4259099481246533
1.4246255886084278
1.4245876750948954
1.4246070098849708
1.4258721106693222
1.4254277693299835
1.4260696756609903
1.425226843945341
1.4242187290353356
1.4243137635671443
1.4236175809703269
1.4235339132396019
1.424462341314766
1.424519650919232
1.424436172792738
1.423549402044262
1.4244022386435191
1.4243644251875318
1.4236555970903837
1.4239638500752934
1.4234161873502198
1.4238348379551438
1.423378263112379
1.4237551623648677
1.4232450204189866
1.424203932922053
1.4234770308877396
1.4238540840282
1.4228737157801834
1.4228356627541396
1.42280150287574
1.4225842147271328
1.4227634893440924
1.4222734382202513
1.4217738891502036
1.421907627672649
1.4225959212101582
1.4238799674667002
1.4235223294430666
1.4224624224151905
1.4234844286942596
1.4225073962247776
1.4220392033360258
1.422360329020086
1.4216401216179744
1.421663482727768
1.4216058958166224
1.4219248338371195
1.4212637420638665
1.4210877248443574
1.4208999711587897
1.4216662033637208
1.4215297239066866
1.421034940372217
1.4210559368963787
1.4210138778327928
1.4266723767784166
1.4262334951755793
1.4249495579565736
1.4249116434920017
1.4249309403688566
1.426195656767088
1.4257514394770514
1.4263931347838399
1.4255505368675996
1.4245428186943232
1.4246378124364458
1.4239418754018414
1.4238582209461674
1.4247863247739179
1.4248436022189068
1.4247601373166905
1.423873679370432
1.424726194585411
1.4246883801337042
1.4239798061253286
1.4242879823335637
1.4237404997573953
1.4241590024282385
1.423702574541921
1.4240793324699867
1.42356936693024
1.4245279712827088
1.423801293950564
1.4241782057183519
1.423198256227664
1.4231602022498693
1.4231260338038407
1.422908794092869
1.4230880193032875
1.4225981671873227
1.4220987720808527
1.4222324753717466
1.4229204777183884
1.4242041082161565
1.4238465735622605
1.4227870140701488
1.4238086718176184
1.4228319690325555
1.4223640068363028
1.4226850325215405
1.4219650397853019
1.4219883551244268
1.4219308053904052
1.4222496344438935
1.421588785437779
1.421412810173408
1.4212251213721971
1.4219910636504736
1.42185463152316
1.421360038887185
1.4213810015676012
1.4213389491664126
1.42804267832874
1.4276038510898243
1.4263203669765339
1.4262825060177622
1.4263018904577447
1.4275660660918452
1.4271220715117863
1.4277635402590219
1.4269213692642955
1.4259138115217245
1.4260088002781395
1.4253130590251992
1.425229476663149
1.4261573097238667
1.4262146067793269
1.4261312138692426
1.4252450052589
1.4260973421508847
1.426059581204916
1.425351194372482
1.425659188323303
1.4251118987238351
1.4255302844531184
1.4250740271080338
1.425450704114448
1.4249408926096263
1.425899137315049
1.425172759205481
1.4255495899903023
1.424569697990486
1.4245316977070404
1.4244976005323944
1.4242805062911543
1.4244596397247256
1.4239698471956255
1.4234706590954946
1.4236042890587466
1.4242922426411686
1.4255754008952408
1.4252180349484418
1.4241588522539483
1.4251801868265275
1.4242038034930702
1.4237357769069463
1.4240566725915773
1.4233370001510162
1.4233604211748918
1.4233028371931047
1.4236215659931613
1.4229608742393494
1.4227850086864198
1.4225973766977276
1.42336316228641
1.4232267709634974
1.4227322684932373
1.4227533043444733
1.4227112882166209
1.4268848273317187
1.4264460726186419
1.4251624148772164
1.4251244961481624
1.4251437593844474
1.4264082299504648
1.4259640887825855
1.4266056444422504
1.4257631895174763
1.4247557515890872
1.4248507157511543
1.4241549457433946
1.424071296216516
1.424999180313966
1.4250564328679742
1.4249729728640854
1.424086727683725
1.4249390191051
1.42490120035615
1.4241928002011444
1.4245009322569788
1.4239535689248948
1.4243719709068496
1.4239156394191776
1.42429229910411
1.4237824526598672
1.4247408550117
1.424014322512974
1.424391136006333
1.4234114897716283
1.4233734315162594
1.4233392520358772
1.4231220381478566
1.4233012332452684
1.4228115230959548
1.422312227095686
1.422445909438618
1.4231337014962384
1.4244170585871523
1.424059588490591
1.4230002587381982
1.4240216824408205
1.4230452001275589
1.422577411398463
1.4228983724179383
1.4221785157502946
1.4222017904786124
1.4221442702909988
1.4224630261189097
1.4218023446585428
1.4216263928471775
1.4214387478403274
1.4222044879516968
1.4220680878125511
1.4215736291577583
1.4215945621413728
1.42155251220772
1.4261988099143657
1.4257602578969042
1.4244770162909997
1.424439085719538
1.424458285947333
1.425722403402832
1.4252783665521203
1.4259197142946338
1.4250774545448484
1.4240704606143921
1.4241653768259774
1.4234698623365405
1.4233862143209979
1.424313763474959
1.4243709735155008
1.424287514982318
1.4234015952974357
1.4242535367222753
1.4242157060773153
1.4235075733936475
1.4238156497689551
1.4232684640202178
1.4236867118695877
1.423230522621406
1.4236070289013611
1.4230973633374948
1.4240554678380186
1.42332914513738
1.4237058051801252
1.422726649956041
1.4226885798197018
1.4226543758038872
1.4224371909470837
1.4226163451120146
1.4221268618547802
1.4216277092095368
1.4217613639401345
1.4224488163215587
1.4237317689506832
1.4233743891563877
1.4223154010873882
1.4233364711870697
1.4223603206047901
1.4218928215846671
1.4222136886056767
1.4214940254779453
1.4215172241445104
1.421459755418998
1.4217784005371852
1.4211179789469233
1.420942055539436
1.4207544770313103
1.421519900568613
1.421383549064252
1.4208893014545096
1.4209101791914656
1.4208681299980226
1.4269675863718378
1.426528956908514
1.4252454235016312
1.4252074754119155
1.4252266590897416
1.4264910849286578
1.4260469324915195
1.4266884260952897
1.4258459461051967
1.4248387664522628
1.4249336979223126
1.4242380363182499
1.424154359846482
1.4250821073385924
1.4251393215621357
1.4250558346234836
1.4241697275592229
1.4250218355531536
1.424983987404854
1.4242757076329486
1.424583870352952
1.4240365602290128
1.4244548963702628
1.423998601289521
1.4243751816515013
1.4238654059406148
1.4248237330403537
1.4240972356981327
1.4244739698594249
1.4234946558859403
1.4234565681687343
1.4234223432516688
1.4232050937590763
1.4233842949851367
1.4228947255296553
1.4223954525611067
1.4225291434781022
1.4232167091778885
1.4244999578078366
1.4241424873212627
1.4230832578078025
1.4241045518096473
1.4231281848486925
1.4226606303943605
1.4229815740818461
1.4222617326335978
1.4222849113288025
1.4222274416268375
1.4225461564851711
1.4218856015550956
1.4217096275920824
1.4215220085183309
1.422287580927717
1.4221512000453145
1.4216568587475031
1.4216777233754345
1.4216356598700797
1.4275315654862384
1.4270931667204936
1.4258103535735083
1.4257724329423749
1.4257916203522192
1.4270553221459958
1.4266114290767211
1.4272525626879493
1.4264105753619944
1.425403930907062
1.4254988134897568
1.4248035346064236
1.424719911629646
1.4256471472322705
1.4257043354673247
1.4256209019119908
1.4247352823360648
1.4255869309888838
1.4255491102484954
1.4248412182710342
1.4251491967735193
1.424602193739246
1.425020299853039
1.4245642622782617
1.4249406393143482
1.4244311456823746
1.425388931733011
1.424662848638623
1.425039379386637
1.4240605706665896
1.4240225105077193
1.423988313892078
1.4237711968793294
1.4239502931636583
1.4234609810300978
1.4229619929569846
1.4230956048368124
1.4237828145126987
1.4250653400860651
1.4247080767289788
1.4236494420481147
1.4246701686875383
1.4236943457431155
1.4232270183990172
1.423547779420848
1.4228283520849496
1.4228515352719304
1.4227940894385642
1.4231126273324577
1.4224524314063667
1.422276563505279
1.4220890482671422
1.4228542085252023
1.422717903045498
1.4222238261876947
1.422244691483818
1.42220265487496
1.4273003419437105
1.4268618657321037
1.4255787607841397
1.425540822634753
1.425559993494628
1.4268240036718214
1.4263799950161207
1.427021274488606
1.4261790669223429
1.4251722367449329
1.4252671345860926
1.424571708588133
1.4244880571551308
1.4254154910959038
1.4254726835139597
1.425389221553156
1.4245034145978526
1.425355229819762
1.4253173915760342
1.4246093525103352
1.424917417357516
1.4243702899480413
1.4247884843537146
1.4243323409463773
1.4247087920644885
1.4241991882854952
1.425157196935346
1.424430939199376
1.4248075440659367
1.423828576596489
1.4237904988567525
1.42375628133986
1.4235390996913226
1.4237182430367805
1.423228844704973
1.4227297363085545
1.42286338437478
1.4235507073690288
1.4248335289432186
1.4244761748938541
1.4234172987685292
1.4244382493101158
1.423462209987018
1.4229948272087105
1.4233156648970176
1.4225960592406026
1.4226192224562224
1.4225617756464033
1.4228803832804442
1.4222200540145393
1.422044135557925
1.4218565797541631
1.4226218888843063
1.4224855540265609
1.421991383480688
1.4220122356677867
1.4219701847470174
1.4275127924970128
1.427074443175166
1.4257916177047825
1.4257536752909135
1.4257728125102183
1.4270365768551991
1.426592644321655
1.4272337841470164
1.4263917195722196
1.4253851696396969
1.4254800379008004
1.4247847789296861
1.4247011324254795
1.4256283466359516
1.4256855141630267
1.4256020571005514
1.4247164629111457
1.425568054339451
1.4255302117984798
1.424822346586151
1.4251303672809317
1.4245833591155403
1.4250014528323256
1.424545405823634
1.424921758698612
1.4244122740151222
1.425370080664337
1.424643967761786
1.4250204743539177
1.4240418101404533
1.4240037281231428
1.4239694995718968
1.42375234374631
1.4239314569787611
1.4234422006136052
1.4229431913233876
1.4230768184416511
1.4237639311468788
1.4250464793142141
1.424689189822184
1.4236305434365784
1.4246512599333185
1.4236754410820212
1.4232082317708705
1.4235290047934153
1.4228095352055954
1.422832657810408
1.4227752405469973
1.4230937749554604
1.4224336132353033
1.4222577182316944
1.4220702062222932
1.4228353131855296
1.422699010315952
1.4222049737512612
1.4222257962415585
1.4221837477883248
1.428039211759976
1.4276013040313624
1.4263203906715858
1.4262825893547848
1.4263018968870627
1.4275635785508283
1.4271204466593927
1.4277606306189181
1.4269200941671736
1.4259146332777455
1.4260094202608187
1.425315092644497
1.4252316605150395
1.4261576122677333
1.426214778490272
1.4261315354472774
1.4252471274906775
1.426097707750534
1.4260600062319981
1.4253530636368001
1.4256604703506868
1.4251142770380045
1.425531812353829
1.4250764650491705
1.4254523665923722
1.4249435866789073
1.425899920685003
1.4251749802129388
1.4255510352293717
1.4245732222537795
1.4245352818351482
1.4245012290615415
1.4242845418846306
1.4244633280345886
1.4239745622475315
1.4234763615801809
1.423609734438814
1.42429623178801
1.4255768277075327
1.4252201603839894
1.4241630980183073
1.4251823718293395
1.4242079543230222
1.423740957793047
1.4240612174826042
1.4233429597930451
1.4233662879394136
1.4233088413105008
1.4236269267647979
1.4229675889960116
1.4227920564814767
1.4226048041127193
1.423369010025946
1.423232894850975
1.4227394168923468
1.4227603780985878
1.4227184374782467
1.4261049310952514
1.4256667383051373
1.4243846515797485
1.4243467692985654
1.4243659855356974
1.4256289320087323
1.425185318039457
1.4258260885510765
1.4249846325136795
1.4239784759955452
1.4240733168516808
1.4233784107329657
1.4232948530148937
1.4242215874241075
1.4242787600246625
1.424195391606218
1.4233102468253673
1.4241614647493304
1.424123682317145
1.4234161647515617
1.4237239379403803
1.4231772445613324
1.423595126846173
1.4231393514943171
1.423515537285064
1.4230063212577613
1.4239635559600055
1.4232379020175319
1.4236142414302089
1.4226358657103075
1.4225978440389926
1.4225636916925781
1.4223467265660923
1.4225257094346286
1.4220366267387867
1.4215379341696612
1.4216714593931035
1.4223583615304194
1.4236401527502198
1.4232831095900929
1.4222250755941954
1.42324523994254
1.4222699589680858
1.4218027997177471
1.422123372073566
1.421404379975979
1.4214275979458197
1.421370161696074
1.4216885243682433
1.4210286703431698
1.420852922055268
1.4206655090383782
1.4214302837925252
1.4212940524104536
1.420800219846103
1.420821107213332
1.4207791034231578
1.4281612500629286
1.42772290894112
1.4264408591859252
1.4264030422529497
1.4264224090616993
1.4276851678811229
1.4272416723046562
1.4278824241738748
1.4270411998830037
1.4260347597976406
1.4261296436185502
1.4254346777631772
1.4253511906273932
1.4262779892130626
1.4263352239375562
1.426251926040537
1.4253667051001249
1.4262180946976284
1.426180377667191
1.4254727798062115
1.425780426418143
1.4252337484324482
1.4256516679083142
1.4251959208582015
1.4255721791322742
1.4250629362595195
1.4260201091660267
1.4252945446480425
1.4256709565283667
1.4246921472887168
1.4246541911927213
1.4246201346531222
1.4244032859651505
1.4245822179893202
1.424092967988264
1.4235943390704517
1.4237278185785869
1.4244150116278795
1.4256967350657728
1.4253397703104764
1.424281771428805
1.4253019662051993
1.4243266729513684
1.4238591596021861
1.4241796959558641
1.4234608306140426
1.423484230330387
1.4234267083707746
1.4237450814992356
1.4230851248563599
1.4229094578760213
1.422722035172925
1.423486969811544
1.4233507305990907
1.4228567771554037
1.422877792940111
1.4228358246830637
1.428373700616231
1.4279354863841829
1.4266537161065682
1.4266158949091103
1.42663522807729
1.4278977410645006
1.4274543216101905
1.4280949338322857
1.4272538525328806
1.4262476926924048
1.4263425469332587
1.4256477481047312
1.425564265897742
1.426490844753111
1.4265480545866231
1.4264647615879325
1.4255797534134185
1.4264309192173175
1.4263931978896374
1.4256857738820274
1.4259933763415589
1.425446817599948
1.4258646363869254
1.4254089857354582
1.4257851457663973
1.4252760219891465
1.426232992895018
1.425507573210453
1.4258838868163484
1.4249053808326815
1.4248674204591119
1.424833352885159
1.4246165300201383
1.424795431931301
1.424306323896896
1.4238077940852851
1.4239412526454582
1.4246282354057294
1.4259096854367683
1.4255527852388066
1.4244950160968544
1.425514976828402
1.4245399040463713
1.4240725641643468
1.424393035852262
1.4236743065790352
1.4236976656845726
1.4236401732713684
1.4239584731742523
1.4232986840771242
1.4231230405497912
1.4229356616410551
1.423700394112767
1.423564186888482
1.423070367425977
1.4230913535138827
1.423049387724371
1.4282440091030475
1.4278057932309918
1.4265238678103396
1.426486021516703
1.4265053087669934
1.4277680228593155
1.4273245160135901
1.427965205826914
1.4271239564707237
1.426117774660816
1.4262126257897085
1.4255177683380322
1.4254342542573595
1.4263609162376887
1.4264181126317172
1.426334787799935
1.4254497049756225
1.4263009111456821
1.426263164715895
1.425555687238015
1.4258633645141163
1.4253167397365665
1.4257345933717271
1.4252788827285447
1.4256550616796648
1.4251458895402667
1.4261029871946802
1.4253774578332015
1.4257537903814583
1.4247753134030285
1.4247373278451962
1.424703225868914
1.4244863415763698
1.4246652797291888
1.4241761704219644
1.4236775645358726
1.423811052618071
1.4244980193095291
1.4257796342864568
1.425422669141148
1.4243647704984093
1.4253848355740255
1.4244096576725018
1.4239423785980836
1.424262897619772
1.4235440474973458
1.4235673511805766
1.423509879706613
1.4238282118654972
1.4231683817529126
1.4229926926209255
1.4228052958509285
1.4235700627875643
1.4234338428318545
1.4229400067451485
1.4229609541741721
1.4229189723454234
1.4280127855605196
1.427574492242602
1.426292275020971
1.4262544112090811
1.4262736819094024
1.4275367043851415
1.4270930819529897
1.4277339176275703
1.4268924480310723
1.4258860804986868
1.4259809468860436
1.4252859423197421
1.4252023997828438
1.4261292601013222
1.4261864606783525
1.4261031074411004
1.42521783723741
1.4260692099765602
1.4260314460434336
1.4253238214773158
1.4256315850981134
1.4250848359453614
1.4255027778724025
1.4250469613966599
1.425423214429805
1.4249139321433872
1.4258712523970152
1.4251455483939544
1.4255219550607579
1.4245433193329278
1.4245053161942294
1.4244711933166958
1.4242542443883632
1.4244332296023112
1.4239440340968395
1.4234453078874423
1.4235788321560388
1.4242659121658592
1.4255478231436098
1.4251907673060233
1.424132627218823
1.4251529161966034
1.4241775219164046
1.4237101874077767
1.4240307830959416
1.4233117546529988
1.4233350383648689
1.423277565914452
1.4235959678134833
1.4229360043610852
1.4227602646735718
1.4225728273379497
1.423337743146668
1.4232014938129174
1.4227075640381417
1.422728498358141
1.4226865022174806
1.4276612569994216
1.4272228598736845
1.425940201869737
1.4259023063347822
1.4259215396625156
1.4271850403511808
1.4267412346733217
1.4273822906933211
1.426540471424151
1.4255338489386513
1.4256287346333072
1.4249335143731219
1.4248499232700287
1.4257770757476924
1.4258342774222303
1.425750875699988
1.4248653307738608
1.425716939060519
1.4256791434222378
1.4249713049150463
1.4252792086009616
1.4247322716026276
1.4251503428682373
1.4246943652851756
1.425070723401081
1.4245612781312542
1.4255189374333492
1.4247929640158743
1.425169475821527
1.4241906380962424
1.424152603121635
1.4241184409083234
1.4239013853230975
1.4240804453657703
1.4235911345050296
1.4230922225063973
1.4232258048641997
1.4239130306088992
1.425195391236377
1.4248381928266376
1.4237796876465603
1.4248003099419144
1.4238245921169848
1.4233572039652804
1.4236779176533378
1.4229586111666392
1.4229818497759261
1.4229243830033196
1.4232428886412132
1.4225827337305783
1.4224069114341444
1.4222194140572688
1.4229845398504055
1.4228482471021258
1.4223541868685234
1.4223750908235286
1.4223330702539076
1.4256894164832596
1.425250945191676
1.4239683056728254
1.4239304428119748
1.4239497514255168
1.425213158287376
1.4247694118059218
1.4254104585047216
1.4245687551088135
1.4235619908396995
1.4236568980167428
1.4229616478882274
1.4228780920762796
1.4238052766421705
1.4238625093786774
1.4237791429171476
1.4228935599112402
1.4237452540346687
1.4237074910972611
1.4229996124423712
1.423307452839843
1.4227605235381864
1.4231786133993078
1.4227226499671175
1.4230990443246858
1.4225895856321338
1.4235472140363594
1.4228212853311302
1.423197833370606
1.422218778885447
1.4221807766985
1.4221466623885952
1.421929665022627
1.422108699643116
1.4216193051297683
1.4211204249567928
1.421253984456941
1.4219413556576292
1.4232236823941538
1.4228665231868298
1.4218080355638647
1.4228286730732447
1.421852949108627
1.4213853839075
1.421706079594487
1.420986836485671
1.4210101659682097
1.4209526563406696
1.421271167206709
1.4206109609871735
1.420435179344521
1.4202476771245423
1.4210128828599156
1.4208765861964443
1.4203824655231734
1.4204034336869185
1.4203614308838606
1.428204729840214
1.427767072611106
1.4264864079204145
1.4264485478822913
1.4264676962976515
1.4277292885072135
1.4272861340772607
1.4279261939249963
1.4270856073426135
1.426080663004096
1.4261753846031349
1.4254812737942073
1.4253977877749717
1.4263234663169855
1.426380555878594
1.4262972589660732
1.4254131272416728
1.426263340646641
1.4262255803294053
1.425518878500408
1.425826346542633
1.4252802596462406
1.4256976632806555
1.4252423887898564
1.4256181316871541
1.425109493240402
1.4260656767423099
1.4253408065832565
1.4257167029355546
1.4247395544824026
1.4247015551400974
1.424667411493125
1.4244506531070695
1.424629451514326
1.4241409671149325
1.4236428125110219
1.4237762025177823
1.4244622471513098
1.4257426261489006
1.4253859580453325
1.424329096157516
1.4253481105669918
1.4243739237652895
1.4239073957848414
1.4242276208104199
1.4235093935596512
1.423532529639793
1.4234751839821773
1.4237931874973206
1.423134102789117
1.4229585259712854
1.4227713254687269
1.4235351959779863
1.4233991193165016
1.422905876071836
1.4229267005667103
1.4228847328029655
1.4269658530874558
1.4265276833792835
1.4252454353491573
1.425207517080427
1.4252266623044008
1.4264898411581493
1.426046120065323
1.4266869712752384
1.4258453085566358
1.4248391773302738
1.4249340079136523
1.4242390531278992
1.4241554517724277
1.4250822586105258
1.4251394074176083
1.4250559954125008
1.4241707886751118
1.4250220183529787
1.424984199918395
1.4242766422651079
1.4245845113666442
1.424037749386098
1.4244556603206184
1.4239998202600896
1.424376012890464
1.4238667529752556
1.4248241247253308
1.424098346201862
1.4244746924789593
1.423496418017587
1.4234583602327886
1.423424157516243
1.4232071115558147
1.4233861391400686
1.4228970830556082
1.42239830380345
1.4225318661681359
1.423218703751309
1.4245006712139825
1.424143550039037
1.423085380689982
1.4241056443110536
1.423130260263669
1.4226632208374113
1.4229838465273599
1.4222647124546126
1.4222878447110632
1.4222304436855355
1.4225488368709895
1.421888958933427
1.4217131514896106
1.4215257222258273
1.4222905047974852
1.4221542619890535
1.4216604329470581
1.4216812602524918
1.4216392345008928
1.4270579986221872
1.4266199294418191
1.4253378119079347
1.4252998751699113
1.4253189659306953
1.4265820687817403
1.4261383561517902
1.4267791421987437
1.4259374930392432
1.4249315728271315
1.4250263778792889
1.4243315215411227
1.4242479050044774
1.4251745859333114
1.4252317067639184
1.425148279577619
1.424263198263069
1.4251142731257482
1.4250764361921064
1.4243689855393535
1.4246768642089114
1.4241301580020684
1.4245480092943883
1.4240922103577467
1.4244683357457228
1.4239591420896296
1.424916428288321
1.4241906998254392
1.4245669788484108
1.4235889643949666
1.4235508880775514
1.4235166558921253
1.423299593733544
1.4234786189723856
1.422989675697555
1.4224909300856692
1.4226244934052006
1.4233111531158695
1.424593000820592
1.4242358923231055
1.4231778290653543
1.4241979680569898
1.42322269731535
1.4227558331473813
1.4230764355049839
1.4223573377775927
1.4223804042920143
1.4223230394671573
1.4226413934257498
1.421981624915511
1.4218058088713073
1.4216184039262554
1.4223830454433422
1.42224682058659
1.4217530887550194
1.4217738691076827
1.42173183570657
1.427954733308461
1.4275170480773887
1.4262360792623208
1.426198179923208
1.4262172615980593
1.4274792247422425
1.4270359152615935
1.4276761271847196
1.4268352431131872
1.4258302075746012
1.4259249301105135
1.4252306920991797
1.4251471540962894
1.4260730095843004
1.4261300826209315
1.4260467337957987
1.425162440078541
1.426012762828087
1.4259749632069287
1.4252681410548256
1.4255757376340426
1.4250295212313304
1.425447000760617
1.424991611003344
1.4253674038215578
1.4248586641762697
1.425815090875971
1.4250900162671725
1.4254659625821349
1.424488799886165
1.4244507611045543
1.4244165646207256
1.4241997027860431
1.4243785652025513
1.4238900503733152
1.423391754228995
1.423525195660589
1.4242112566418201
1.425491954234203
1.4251351693034133
1.4240780542663936
1.4250972824353496
1.4241228833480981
1.4236564179663884
1.4239767316591567
1.4232582838359498
1.4232813393625627
1.42322402129845
1.4235420910683092
1.4228829072262261
1.4227072527503468
1.4225200149108987
1.4232839809974174
1.423147877568019
1.422654580928396
1.422675349508419
1.4226333555883879
1.4265110592126302
1.4260731696459352
1.4247916295523089
1.424753716959425
1.4247728157248776
1.4260353330846907
1.4255918318954588
1.4262323293269648
1.4253910820236586
1.4243855805177075
1.4244803478921406
1.4237857957393352
1.423702224351425
1.4246284979078854
1.424685600018499
1.4246022178895685
1.4237175240270348
1.4245682371392756
1.4245304243120211
1.4238232812183105
1.424131008294624
1.4235845482726261
1.424002216782681
1.4235466247942026
1.4239225899375745
1.4234136210497628
1.4243704723493142
1.423645078265515
1.4240211969734526
1.4230435722720993
1.423005520187197
1.4229713138364701
1.4227543615430482
1.4229333011336922
1.4224445581395584
1.421946042565731
1.4220795411316849
1.4227659257202996
1.42404719272036
1.4236902525399584
1.422632666318758
1.4236523524347249
1.4226775164969978
1.4222108222139211
1.4225312772389282
1.4218125150266097
1.4218355911926686
1.4217782426056949
1.4220964553412787
1.4214369706136343
1.4212612421292232
1.4210739199297895
1.4218382370552982
1.4217020722596903
1.4212085479508156
1.421229333118616
1.4211873224191374
1.4278438147845032
1.427406078469525
1.4261249668348177
1.426087064182262
1.4261061501297638
1.4273682518278543
1.4269248944200594
1.427565177720281
1.426724202840805
1.4257190508103776
1.4258137845559204
1.4251194680092183
1.4250359216600732
1.4259618816651967
1.4260189619703234
1.4259356048192409
1.4250512110656643
1.4259016314058839
1.4258638284832017
1.4251569260956969
1.4254645552991878
1.424918277991654
1.4253358047661329
1.4248803644510586
1.4252562003505618
1.4247474033946428
1.425703936244307
1.4249787817667579
1.4253547711799641
1.4243774929826487
1.4243394508752147
1.424305251924662
1.4240883674752942
1.4242672491853365
1.423778677314876
1.4232803263131788
1.4234137820283628
1.4240999239114396
1.4253807638557419
1.425023940112549
1.4239667072794846
1.4249860499351934
1.4240115416353227
1.4235450190282717
1.4238653680540994
1.4231468416336146
1.4231699023200892
1.4231125766252612
1.4234306821365517
1.4227714230730784
1.422595750095066
1.4224084911656214
1.4231725450118873
1.4230364262409372
1.4225430726840007
1.4225638454109684
1.4225218472960752
1.428075038327031
1.4276373794579156
1.4263565596241863
1.4263186744898844
1.4263377769873553
1.4275995703020288
1.4271563284806605
1.4277964659196247
1.4269557112804567
1.4259507449725073
1.4260454634595854
1.425351294027509
1.4252677761345889
1.4261935378015633
1.4262506139236883
1.4261672851780758
1.425283078803877
1.4261333325750059
1.4260955471556631
1.4253887918563959
1.4256963347151907
1.425150181782859
1.4255676202654577
1.4251122857829435
1.425488047600422
1.4249793607915227
1.4259356710419722
1.425210691206005
1.4255866065006648
1.4246094870527497
1.4245714625261814
1.42453728447688
1.4243204646633014
1.4244992993122143
1.4240108136400007
1.423512582961609
1.4236460024903954
1.4243320310551097
1.425612574998589
1.4252558419476744
1.4241988505590706
1.425217969312616
1.4242436773914202
1.4237772102185786
1.42409748257793
1.4233791344779618
1.4234022151357972
1.4233448904174222
1.4236629261885656
1.4230038004649057
1.4228281780424201
1.4226409596786005
1.4234048646527833
1.4232687752598738
1.4227755153910078
1.4227963012269997
1.4227543174240183
1.4276032047473624
1.4271654157084714
1.4258840061110862
1.425846075048909
1.4258651193511722
1.4271275607082816
1.4266840679819255
1.4273245002504706
1.4264832665062663
1.425477976014566
1.425572717857777
1.4248782641525595
1.4247946775834746
1.4257208252306708
1.4257778993648096
1.4256945020546863
1.424809933614992
1.4256604919120455
1.425622660585733
1.424915624492556
1.4252233611368907
1.4246769568885964
1.4250945657564513
1.4246390148918597
1.4250149127928338
1.4245060101641367
1.4254627759123049
1.4247374318890926
1.4251134833429038
1.42413611864948
1.4240980480319598
1.424063812212353
1.4238468437207776
1.4240257809660102
1.4235371507815051
1.4230386688479502
1.42317216836875
1.4238583750848597
1.4251395223269698
1.4247825948240274
1.4237251146941303
1.424744676180661
1.4237699535486783
1.423303434523892
1.4236238662165528
1.42290514034959
1.42292815077362
1.4228708383873176
1.4231890118960389
1.4225296365957192
1.42235389951092
1.422166601630218
1.4229307777011544
1.4227946308572272
1.4223012037587777
1.4223219419738071
1.422279923624815
1.4283813538264618
1.427943574627616
1.4266630958884572
1.426625315403353
1.4266446352129496
1.4279058699393905
1.4274629015615272
1.4281028682827008
1.427262642879207
1.426257484204098
1.4263522447190768
1.4256581427527484
1.4255747474257712
1.4265003963232037
1.4265575510942445
1.42647434478267
1.4255902242417668
1.4264405403418585
1.4264028596281861
1.4256961443566283
1.4260034321015445
1.425457424068886
1.4258748238476375
1.4254196329333408
1.4257954173132281
1.4252868048574134
1.4262428101143323
1.4255181241526005
1.4258940619522429
1.4249165232273964
1.4248786037154542
1.4248445743098235
1.4246279743833867
1.424806694178681
1.4243180716310953
1.423820046144427
1.4239533685330725
1.4246396716620604
1.4259198292288402
1.425563291409978
1.4245065882848023
1.4255255237069182
1.424551431791895
1.4240845479214708
1.4244046956114915
1.423686694839727
1.423710037797595
1.42365259977585
1.4239705797485696
1.4233114505409872
1.4231359870841116
1.422948796370976
1.4237127656523723
1.4235766951969937
1.4230833678437487
1.4231043380120703
1.4230624158985021
1.4299171734570235
1.429479699121604
1.4281999221572463
1.4281621364566195
1.4281813847124256
1.4294419892205334
1.4289992210141296
1.4296388370639606
1.4287989884513426
1.4277945067578497
1.4278891969030862
1.427195507525816
1.4271121304026846
1.4280372353224038
1.4280943330429867
1.4280111448540176
1.4271275498812297
1.4279773208034394
1.4279396347968043
1.4272333474673888
1.42754051428323
1.4269948056435604
1.4274119567993433
1.4269570092401394
1.4273325540524706
1.4268242370982938
1.4277797322039791
1.427055415777835
1.4274311139303761
1.4264542972188412
1.426416372477574
1.4263823234699606
1.42616579780411
1.4263444380798564
1.425856156506799
1.4253583840899096
1.4254916502990411
1.4261774519481403
1.427456920349292
1.4271005504575018
1.42604442460781
1.4270627774534792
1.426089235694676
1.4256227559839074
1.425942739009344
1.4252250889720468
1.4252483455484393
1.4251909742502262
1.4255087720303596
1.424850053135663
1.424674655086932
1.4244875730525135
1.4252510502403475
1.4251150591028579
1.4246220566292895
1.4246429632570643
1.4246010502734292
1.4296577904306573
1.4292203128152228
1.4279402255647893
1.4279023896718053
1.4279215460918333
1.4291825528101638
1.428739609820929
1.4293793810532174
1.4285391963270289
1.4275346706946723
1.4276293546159864
1.42693554799242
1.4268521071219191
1.4277773782915602
1.4278344491331754
1.4277511972780235
1.4268674530056382
1.4277173046601686
1.42767956844932
1.426973174179365
1.4272804906283456
1.4267346499167977
1.427151870768948
1.4266968032263125
1.4270723858790058
1.426563972200535
1.4275197208033037
1.4267951850233322
1.4271709210605967
1.4261941623595356
1.4261561872497424
1.4261220694374706
1.4259054209165736
1.4260841336756331
1.4255958495569359
1.4250979249910838
1.425231250244267
1.4259170197557403
1.4271968180486685
1.4268403182621854
1.4257839334109192
1.4268024949447269
1.4258287429469374
1.4253623848513814
1.4256824625443647
1.4249645708086682
1.4249877165404476
1.4249303871207155
1.4252482494128496
1.4245894484872403
1.4244139592292013
1.424226841472261
1.4249903875899421
1.4248543709896029
1.4243613352676328
1.4243821645776436
1.4243402195155337
1.429889013973185
1.429451613803613
1.4281718183541579
1.4281339999794271
1.4281531729494243
1.429413871284338
1.4289710438815293
1.4296106692525612
1.4287707047666802
1.4277663648568015
1.4278610335196513
1.4271673740107103
1.4270839615964346
1.4280090344279264
1.4280661010865396
1.4279828776368582
1.427099320743851
1.4279490058292903
1.4279112871217814
1.4272050399400642
1.4275122700443488
1.4269665537080025
1.4273836862682725
1.426928724558197
1.4273042331288655
1.4267959295974146
1.4277514556009685
1.4270270944625794
1.427402756381297
1.4264261564296363
1.4263881989007092
1.4263541019896884
1.426137518104581
1.426316183802511
1.4258279858820604
1.4253301816395143
1.4254634707062996
1.4261491268994102
1.4274286291915153
1.4270722200973098
1.4260160766905052
1.4270344143221492
1.4260608787030344
1.425594576041688
1.425914577068195
1.4251968636530152
1.4252200293561557
1.4251627009128762
1.4254804934648637
1.424821825879068
1.4246463871765556
1.4244593099852396
1.4252227072308379
1.4250867200085393
1.4245937779746396
1.4246146203936747
1.4245726896434763
1.4277141093983337
1.4272764834512055
1.425996433170966
1.4259586626261902
1.4259779696178358
1.4272387886825544
1.4267959640861287
1.427435716676017
1.426595763696353
1.4255909544967686
1.425685681382857
1.4249918150226315
1.4249084447344196
1.4258337800805152
1.4258909130460686
1.4258077317123423
1.4249239112803964
1.4257739346084668
1.4257362637993665
1.4250297892340151
1.4253369791061086
1.4247911537879143
1.4252084118310893
1.424753372590197
1.4251290277262154
1.4246205872022935
1.4255762740093247
1.4248518276538433
1.4252276361587546
1.4242504439379449
1.424212534403472
1.4241785123980142
1.4239619803156327
1.4241406422303247
1.4236521908064133
1.4231543298918745
1.4232876094297504
1.4239736698532004
1.4252534003642219
1.4248969789825696
1.4238406292455288
1.4248592212073872
1.4238854569302208
1.4234187447358204
1.4237387864266626
1.4230210214467318
1.4230443489250149
1.4229869337954157
1.423304806543842
1.4226459030004308
1.4224704950499547
1.4222833676068078
1.4230470736089618
1.4229110491782397
1.4224178925769333
1.4224388503044227
1.4223969407754393
1.4286765634198828
1.4282390363605504
1.4269589614335147
1.4269211473232668
1.4269403539338343
1.4282012981009606
1.4277583945759955
1.4283981595941508
1.4275580521168043
1.4265534319620377
1.4266481302049434
1.4259543036691573
1.425870886326086
1.4267961788878782
1.426853270437473
1.426770042089463
1.4258862724305579
1.4267361813096013
1.4266984668993357
1.4259920458642479
1.4262993201209333
1.4257534845405033
1.426170717789662
1.4257156596809406
1.4260912664947425
1.425582843867788
1.4265385718719772
1.4258140659001695
1.426189826093316
1.4252129228856725
1.4251749696343192
1.425140883757652
1.4249242740495938
1.4251029698605302
1.4246146299734281
1.4241167266246813
1.424250036639428
1.4249359031215607
1.42621567882052
1.4258592051689796
1.4248028320224555
1.4258214036989472
1.4248476476080318
1.424381171479528
1.4247012371717973
1.4239833876880228
1.4240065940019702
1.4239492360122823
1.4242671017898472
1.4236082666583039
1.423432804502786
1.4232456835171097
1.4240092829296154
1.4238732637191487
1.4233801877040664
1.4234010598199032
1.423359126602169
1.4295639116115433
1.4291267932234561
1.4278478608535379
1.4278100732508323
1.4278292456801978
1.4290890814160646
1.428646561308265
1.4292857553096598
1.4284463742958606
1.4274426860758247
1.4275372946416898
1.4268440963888454
1.426760745815815
1.427685202240708
1.4277422356423373
1.4276590739019228
1.4267761045335698
1.427625232687223
1.4275875446891497
1.4268817655372783
1.4271887787997706
1.4266434304579119
1.4270602857455332
1.4266056320992238
1.426980894262709
1.426472930120802
1.42742780892529
1.4267039419034837
1.42707935731068
1.4261033781138028
1.4260654514690339
1.4260313853261617
1.4258149565355829
1.425993497998247
1.425505614440942
1.425008149951208
1.4251413456972355
1.425826564964601
1.4271052018482049
1.4267490386958899
1.4256936079177263
1.426711263700197
1.425738381310233
1.4252723629844615
1.4255921460122536
1.4248749253067023
1.4248980903417574
1.4248407933977918
1.425158373243908
1.4245001398834871
1.4243248257450334
1.4241378734793286
1.4249007708138537
1.424764874335805
1.4242722536592263
1.4242930925995094
1.4242511929406696
1.4289717730133042
1.4285344980934853
1.4272548269785723
1.4272169792431808
1.427236072654719
1.428496726262531
1.4280538875904634
1.4286934509056008
1.4278534613544012
1.4268493797199773
1.4269440156908098
1.4262504645855656
1.4261670252264014
1.4270919614525528
1.4271489897807017
1.4270657393962558
1.4261823206193491
1.4270318222773442
1.4269940741704852
1.4262879473718681
1.4265952081403221
1.426049545012121
1.4264666117316862
1.4260116864285406
1.4263871156762566
1.4258788828781626
1.4268343336296223
1.4261100076477382
1.4264855902343887
1.4255093225439486
1.4254713355531845
1.4254371932054803
1.4252205737158008
1.4253992455423798
1.424911188315761
1.424413407104935
1.4245467047457838
1.4252321345810606
1.4265115284121996
1.426155118927982
1.4250990757601094
1.4261172836909761
1.4251438634241689
1.4246777950375855
1.4249977787321029
1.4242800805363187
1.424303150206346
1.4242458722487148
1.424563623831125
1.4239050827756208
1.42372962192146
1.4235425706632439
1.4243058002068585
1.4241698322413034
1.4236770075643845
1.423697781627736
1.4236558373058361
1.4296390174414315
1.4292015892698953
1.4279214896960637
1.4278836320203434
1.4279027382498328
1.4291638075193671
1.4287208250658623
1.4293606025122845
1.4285203405372542
1.4275159094273069
1.42761057902703
1.4269167923156825
1.4268333279177525
1.4277585776952413
1.4278156278288776
1.4277323524665837
1.4268486335807191
1.4276984280107359
1.4276606699993049
1.4269543024944817
1.427261661135758
1.4267158152930919
1.4271330237482343
1.4266779467716846
1.427053505263269
1.426545100533282
1.4275008697346296
1.4267763041464951
1.4271520160278772
1.4261754018333994
1.4261374048651663
1.4261032551172892
1.4258865677835544
1.426065297490736
1.4255770691404432
1.4250791233574873
1.4252124638491055
1.4258981363899201
1.4271779572768175
1.4268214313553904
1.4257650347993829
1.4267835861905072
1.4258098382858433
1.4253435982232352
1.425663687916932
1.424945753929314
1.4249688390789255
1.4249115382291488
1.4252293970358523
1.424570630316177
1.424395113955617
1.4242079994274117
1.424971492250269
1.424835478260057
1.4243424828311995
1.4243632693353838
1.4243213124288985
1.4272781023857202
1.4268405951283145
1.4255600486104667
1.4255221483203144
1.4255411920819454
1.4268027708400077
1.4263595854086617
1.426999586307569
1.4261589360354459
1.4251542972335889
1.4252489789798155
1.4245549865306937
1.4244714618028549
1.4253969930434527
1.4254540339206065
1.4253706983197516
1.424486717404711
1.4253367187699788
1.4252989181531015
1.4245923500897706
1.4248998698923128
1.424353833638506
1.4247711652337118
1.424315922432886
1.4246915739266768
1.424183010687523
1.4251391292366264
1.424414279329997
1.424790084272287
1.4238133403336457
1.4237753006002838
1.4237410955488259
1.4235242821517795
1.423703095161746
1.423214779340387
1.4227166371596438
1.4228500433596862
1.42353581315005
1.424816094983659
1.4244594134226074
1.4234026459213516
1.4244215255587087
1.4234474561558768
1.4229812214666653
1.4233014351606117
1.422583202003277
1.4226062117592215
1.4225489308722326
1.4228668916750833
1.4222079506001382
1.4220323380793976
1.4218451651243063
1.4226088412841704
1.4224727851844918
1.4219796794433641
1.4220004141796418
1.4219584269220078
1.4301936100612194
1.4297564373092113
1.4284770518335779
1.428439210725072
1.4284582955913099
1.4297186720913067
1.4292759292735306
1.4299153498344772
1.4290755418991645
1.4280716932484239
1.4281663067999961
1.4274729127654875
1.427389490098833
1.4283142172907601
1.4283712310819177
1.428287997349371
1.4274047786451014
1.4282540851217493
1.4282163436179387
1.4275103772901256
1.4278175728100313
1.4272720314914724
1.4276890037206535
1.4272341795331114
1.427609522618248
1.4271014044414154
1.4280566428929504
1.4273324766485667
1.4277079730387299
1.4267319363509805
1.4266939560118628
1.4266598185976076
1.4264432443372979
1.4266218775768087
1.4261339344326394
1.4256362629365664
1.4257695320102355
1.4264548000418202
1.4277339091691206
1.4273775773097093
1.4263217697339268
1.4273397486912882
1.4263665468497186
1.4259005929138189
1.4262205059422168
1.4255029649409883
1.4255260242912922
1.4254687615950923
1.4257864416946398
1.4251280510819166
1.4249526272320219
1.4247656181537982
1.425528672177918
1.425392734895467
1.4249000240531744
1.4249207898226375
1.4248788538904609
