1.3967950764543902
1.3965102185052367
1.3994371451461365
1.4010548550833652
1.4008018351046232
1.4007460054500998
1.3986664928976702
1.3987083771165714
1.3993322752309307
1.3979789234943574
1.3983313389420793
1.3985655733934022
1.3981884914246758
1.3990416433035147
1.3989412663051828
1.397564733452024
1.3971370773303793
1.3975844665681167
1.3977444764467306
1.3961907494621564
1.3952229858430185
1.3959811842726761
1.3964396397092949
1.3952075827099992
1.394922559411949
1.3978520164943145
1.3994703250127285
1.3992173917890633
1.3991615996874915
1.3970800050717496
1.3971218821233458
1.3977463835850281
1.3963926250195136
1.396744908591807
1.3969791739439936
1.3966021568015647
1.3974557578317965
1.3973557810598263
1.3959777495919177
1.39555002432266
1.395998307647455
1.396158147266792
1.3946030737397703
1.39363516434807
1.3943934995382241
1.394852635657412
1.3958297822084438
1.3955446545207055
1.398475067046025
1.4000940163657773
1.3998409574994062
1.399785135080154
1.397702901698205
1.3977447985346352
1.3983694946435021
1.3970151867566323
1.39736764688431
1.3976020128792799
1.3972248175725985
1.3980787377426198
1.3979786595791297
1.3966002222450122
1.3961723150199066
1.3966206729017936
1.3967806082382435
1.3952250279877203
1.3942567053309212
1.395015361117141
1.3954746068252695
1.396574986289885
1.396289789228965
1.3992204899782512
1.4008400071105755
1.4005867673262604
1.4005308955858404
1.3984486025752718
1.3984905256868319
1.3991152505704936
1.3977604196927667
1.3981131374469626
1.398347614136354
1.3979701821228578
1.3988243335914683
1.39872399685648
1.3973455815294575
1.396917478703312
1.3973656215901995
1.3975257302651976
1.3959699986917453
1.395001227933542
1.3957602232694
1.3962193689315112
1.3963171149359244
1.3960321247158445
1.398960331332085
1.4005788248286735
1.4003256651337328
1.4002698028986895
1.398189407999294
1.3982313146619356
1.3988554795273953
1.397501463339096
1.3978540744390524
1.3980884276513876
1.3977111435940701
1.3985646960088964
1.398464228776737
1.3970871233094673
1.396659251569843
1.3971067881865098
1.3972668974013713
1.395712491268481
1.3947442386984856
1.3955028180527087
1.3959614469230464
1.3968754693406167
1.3965903559234127
1.399520083075535
1.4011391719337962
1.400885974369961
1.4008301094180582
1.3987485471497654
1.398790462284604
1.3994149708565207
1.3980604853699055
1.3984131458335511
1.3986475681682558
1.3982702079277738
1.399124115207791
1.3990237449997265
1.3976458299164116
1.3972178280766596
1.3976657524980372
1.3978258503156287
1.3962706360166213
1.3953020923156936
1.3960609066660548
1.3965198607938283
1.3972169539190138
1.396931935817695
1.399860466966324
1.4014791032209333
1.401225929452499
1.4011700649546173
1.3990894264744629
1.3991313357960116
1.3997555727653865
1.3984014414467165
1.398754071643523
1.3989884429740869
1.3986111349924317
1.3994647688034556
1.3993643127289883
1.3979870405138155
1.3975591351120604
1.3980067445505635
1.398166857384561
1.3966122788268556
1.3956439505711016
1.3964025902538235
1.3968612829689402
1.3977359169651453
1.397451042806922
1.4003780715738805
1.4019958999395414
1.4017428474622264
1.4016870092103688
1.3996074461230426
1.3996493351642831
1.4002732500917607
1.3989197920016494
1.3992722535699333
1.3995065094900312
1.399129384082779
1.3999825880774155
1.3998821698434494
1.3985056128668225
1.398077918534649
1.39852528407686
1.398685323448421
1.39713154250589
1.3961636915888913
1.3969219566649047
1.397380406067984
1.396121478506611
1.395836435122419
1.3987648278365672
1.4003837707172955
1.4001304626029831
1.400074559644107
1.3979941556509883
1.3980360837664207
1.3986602605935567
1.3973058277679387
1.3976586503738517
1.397893092811833
1.397515615486226
1.398369347083844
1.3982686625158203
1.3968916031791132
1.3964635740489781
1.3969109193661728
1.3970711724266351
1.3955166689287728
1.3945480555552334
1.3953069078127383
1.3957654426705988
1.3966845185158108
1.3963993545328608
1.3993288048160217
1.4009485069265206
1.4006950406709298
1.4006390987970385
1.3985580055028162
1.3985999582254216
1.399224346512861
1.3978692580123495
1.3982223032942083
1.398456867843748
1.398079168915363
1.3989332717685679
1.3988324445733906
1.3974549552470068
1.397026705950495
1.3974741021292547
1.3976344803997767
1.3960794162204555
1.3951103022839568
1.3958695417838844
1.3963281801971452
1.402506305843594
1.4022235830367036
1.4051294649792119
1.4067346834063548
1.4064838111129847
1.4064284751459588
1.4043636087476654
1.4044051451793556
1.4050246262168384
1.4036818256848445
1.4040312378885118
1.404263603684053
1.4038896531516905
1.4047363607293346
1.4046372290566251
1.4032702617790818
1.4028460036893833
1.4032907216166388
1.40344924922967
1.4019066900607764
1.4009466275211901
1.401698816757729
1.4021542815863464
1.4027476294050807
1.4024649740328365
1.4053699845042396
1.4069748930857515
1.406724030514289
1.4066686927384449
1.4046045065475317
1.4046460398248397
1.4052653213636952
1.4039227598692756
1.4042721609029538
1.4045044938125837
1.4041305716147097
1.404977087119558
1.404877880738138
1.4035113895808344
1.4030871942670011
1.4035316700332197
1.403690216281792
1.402148120429385
1.4011881976492142
1.4019402725466124
1.4023955398073527
1.403448756523454
1.4031662963198812
1.406069035064568
1.4076729443399332
1.4074221802829239
1.4073668583469525
1.40530437722135
1.405345891886307
1.4059646686977574
1.404622913115933
1.4049721804716606
1.4052043865536874
1.4048306318261798
1.4056765775576436
1.4055772930723793
1.4042119691503938
1.4037880094714785
1.4042319754848398
1.4043904963994647
1.4028496075207622
1.4018902145409013
1.4026418671388066
1.403096687486092
1.4031072719450566
1.402824716425599
1.405728651173779
1.407333013052796
1.4070822252003863
1.4070269028103934
1.4049634978966528
1.4050050183748994
1.4056240667888913
1.4042819570391216
1.4046312546616888
1.4048635117478563
1.4044897047615217
1.405335923961979
1.4052367253431175
1.4038707585529893
1.403446702436078
1.4038909834323132
1.4040494893305322
1.4025079647105279
1.4015483562854931
1.402300183551038
1.4027552653109798
1.4051649661680032
1.4048829818840252
1.407780786825254
1.409382011247321
1.4091316576357364
1.4090764252980115
1.4070174644665474
1.4070589108093332
1.4076766325780585
1.4063371181658197
1.4066858144185663
1.4069176346821914
1.4065444950407568
1.4073890178110644
1.4072898769252447
1.4059268895902672
1.4055036349927574
1.4059468201909309
1.4061050876061647
1.4045668179557569
1.4036090199757814
1.4043594217787072
1.404813454378639
1.4047643221003614
1.4044822262914283
1.4073813293622093
1.4089831248163602
1.408732714910802
1.4086774735217218
1.4066175383672224
1.4066589953456374
1.4072770055300234
1.4059370305963013
1.4062858032364487
1.4065176959729888
1.4061444606342024
1.4069893089893013
1.4068902127342497
1.4055265584076617
1.4051031691616274
1.4055466456471477
1.405704927538923
1.4041659681892558
1.4032078674662458
1.4039585105831678
1.4044127985622166
1.4044093651648926
1.4041271721015391
1.4070268879286745
1.4086293939534185
1.4083787890564228
1.4083234960833355
1.406263257719458
1.4063047436319103
1.4069228546950066
1.4055822416400563
1.405931291003572
1.4061633125527633
1.4057898165828235
1.4066349776327096
1.406535633963851
1.405171834896456
1.4047482163872504
1.4051915506996082
1.4053500095490672
1.4038107264516557
1.4028521019414828
1.4036031449365414
1.4040573967143535
1.4038083990634302
1.4035260387126436
1.4064277017341074
1.408031064306977
1.4077803749690212
1.4077250684189009
1.4056633685704707
1.405704870436367
1.4063234141229537
1.404982110285779
1.4053312742303952
1.40556340448896
1.405189764972992
1.4060354144000649
1.4059361376773587
1.4045713381225482
1.4041475176405556
1.4045912888839338
1.404749769448205
1.4032094518019045
1.4022503731771798
1.4030017781432325
1.4034564129897193
1.4039905631356717
1.4037082540104617
1.4066091476868796
1.4082123188425506
1.4079616067279292
1.4079062897716563
1.4058452195957096
1.4058867231295633
1.4065050841306412
1.4051639129775029
1.4055131118726916
1.4057452307141196
1.4053715760941146
1.4062170855641898
1.4061176928971386
1.4047533453391003
1.4043295494224441
1.4047730548092583
1.4049315835020175
1.4033916752142468
1.402432649051077
1.403184006324345
1.4036384375694155
1.404728006177203
1.4044459012944672
1.4073447638047085
1.4089467474565465
1.408696235703683
1.4086409644509423
1.4065813143183752
1.406622785268334
1.407240718497363
1.4059005484102307
1.4062494673389232
1.4064814097141063
1.4061080484698938
1.4069529424957885
1.406853658982815
1.4054902416581605
1.405066766894275
1.4055100029540133
1.4056683955793068
1.4041295652474395
1.4031712667045049
1.403922055749853
1.4043761919051854
1.4047736933093764
1.404491602697175
1.4073897798342183
1.4089919030245655
1.4087412525742382
1.4086859387888468
1.406626959769936
1.406668449018303
1.4072861947103816
1.4059458470235042
1.4062949662881645
1.4065269650030825
1.406153438825069
1.4069983199609597
1.4068987444034116
1.4055358493295598
1.4051122799510276
1.4055550825502567
1.405713637656692
1.404175173276341
1.4032166536892772
1.403967601298767
1.4044214458737447
1.405765932269466
1.405484115272921
1.408379973019821
1.4099803408937623
1.4097300717231382
1.4096748529624463
1.4076173536155343
1.4076587840048769
1.4082760731501116
1.4069372495200971
1.4072858311917436
1.4075175427459947
1.4071445466505887
1.407988581043709
1.4078893732117372
1.4065273863641747
1.4061043337394523
1.406547082006605
1.4067053277070272
1.4051680926055083
1.4042107487400843
1.4049607885720166
1.405414438103273
1.3985522876266052
1.3982679172692156
1.4011896877003276
1.4028046884546694
1.4025520604962727
1.4024963141055002
1.400420514893071
1.4004623329532333
1.4010851207340709
1.399734018943916
1.400085890312369
1.4003197422958356
1.399943255898995
1.4007949555362775
1.4006946697440639
1.3993206161023473
1.398893660513711
1.399340172418897
1.399499954671932
1.3979489653825097
1.3969827851511551
1.3977397391036908
1.398197336914637
1.4003592870790502
1.4000754153257626
1.402992853354766
1.4046046987615928
1.404352735866883
1.4042971537335065
1.4022241622603855
1.4022658770695173
1.4028878021960227
1.4015394294589798
1.401890364003088
1.4021237060715468
1.4017481495243445
1.4025983120234806
1.4024986379755162
1.4011263284159743
1.400700291703372
1.401146623857824
1.4013058757776733
1.3997571831720448
1.398793092490388
1.3995484308268764
1.4000056204497617
1.3998174804668324
1.399533457635182
1.4024527407324543
1.404065324258975
1.4038133094218779
1.4037577223088027
1.4016833198860261
1.4017250458262613
1.4023473867631393
1.4009984295974096
1.4013494326020575
1.4015828619111146
1.401207205256409
1.4020578040169345
1.4019582381507572
1.4005849522272675
1.4001587517524063
1.4006055445334062
1.4007647886751204
1.3992151154785601
1.3982506579802125
1.399006291641338
1.3994638703664382
1.4014745306221368
1.4011909675010115
1.4041054189208846
1.4057154360225397
1.4054637991322938
1.4054082930201308
1.4033373603565957
1.4033790227969996
1.404000325504271
1.402653503154589
1.4030039811768176
1.4032370461362476
1.40286196112909
1.4037111890442566
1.4036117255418892
1.4022407520819398
1.401815218477956
1.4022612067482405
1.4024202268835113
1.400873118957288
1.3999101691609652
1.4006646186734677
1.401121403617675
1.4002970521544025
1.400013440406067
1.402928198204117
1.4045385705910687
1.4042868362051042
1.4042313043009376
1.4021602200327135
1.402201896940136
1.4028232500867628
1.4014761086764664
1.4018267250603789
1.4020598544261342
1.4016846391034004
1.40253402336596
1.4024344361566896
1.401063390326337
1.4006377420907672
1.4010836592744706
1.4012427678885833
1.3996954980884877
1.3987322863985834
1.3994869358501545
1.399943702693743
1.4006779280913608
1.4003941445186912
1.4033107292307998
1.4049220522647203
1.4046701825141432
1.404614622101113
1.402542218859303
1.4025839187059408
1.4032056659983794
1.4018577362291538
1.4022085403384394
1.4024418032328898
1.4020663814114147
1.4029162768865595
1.40281666299448
1.4014447351776786
1.4010188422103962
1.401465076112229
1.4016242618079129
1.4000760219678285
1.39911225725341
1.3998673416401881
1.4003244156405938
1.401237892665158
1.400954264707752
1.4038691246318615
1.405479615447245
1.4052278485627077
1.4051723080612069
1.4031011732580863
1.4031428549878484
1.4037642249475935
1.4024169771837594
1.4027676396882331
1.4030007905227637
1.4026255317615042
1.403474968139862
1.4033753396949569
1.4020042697411361
1.401578583295038
1.4020244767832144
1.4021836148902738
1.4006362911322217
1.3996729921444566
1.4004277082423835
1.4008844690524325
1.400319895720489
1.4000362911074204
1.402950706218872
1.4045611483750782
1.4043093446403818
1.4042537914698896
1.402183042758494
1.40222472881512
1.402845988193272
1.401498757983103
1.4018494745349996
1.4020826320706226
1.401707334280988
1.4025567120985458
1.4024569788669876
1.4010861941620365
1.4006604986191435
1.4011061990725926
1.401265388927276
1.3997183021029382
1.3987549798909695
1.3995097086246109
1.3999663296780223
1.3994609133622586
1.3991765144638002
1.4020996556413072
1.4037143773186314
1.4034620267551623
1.4034063654296922
1.4013292239899495
1.4013710054532953
1.4019941683080337
1.4006434217173687
1.4009948924138862
1.401228631717883
1.4008524751886444
1.4017042006059341
1.4016044989028709
1.4002294007595488
1.399802634400204
1.4002500132264089
1.4004094705171606
1.3988577493247079
1.3978920111816107
1.3986486480058629
1.3991068289775186
1.3981028809913871
1.3978186610525298
1.40073963262938
1.402353473428989
1.4021011888814012
1.4020455347984682
1.3999700478891408
1.4000118155624748
1.4006344905029264
1.3992844434713183
1.399635826610446
1.399869460555616
1.3994934280582179
1.4003446358179212
1.4002448147753783
1.3988708597439066
1.3984442908089523
1.3988911361867729
1.399050597636524
1.3975000294598174
1.39653473381917
1.3972910149902862
1.397748743014947
1.396843399468322
1.3965591075579167
1.3994808303256019
1.4010950750696853
1.4008427298765374
1.4007870626705925
1.398711038064851
1.398752815878339
1.399375651839739
1.3980252681938519
1.3983767356472414
1.3986104272976438
1.3982343035130438
1.399085726180941
1.3989858862181481
1.3976115735674033
1.3971848990976576
1.397631866423625
1.397791364604594
1.3962403976203006
1.3952748633102756
1.3960313317847455
1.3964891814654257
1.3997203948853245
1.3994360679584137
1.4023584579450856
1.4039727756779352
1.4037204857600263
1.403664837557568
1.4015882338142396
1.401630005137431
1.402253006971221
1.4009025969948354
1.401253983377091
1.401487664975855
1.401111599733818
1.4019631102429144
1.4018634274601014
1.4004886869360522
1.4000620261114987
1.400509282989557
1.4006687035490908
1.3991173811642248
1.3981518816905054
1.398908331211404
1.3993663905270401
1.396746313886814
1.3964617178811487
1.3993865475382332
1.4010025264886456
1.400749906214686
1.4006941779193574
1.3986159519930643
1.3986577751895084
1.399281272047821
1.397929435591278
1.3982812864222747
1.3985152303623845
1.3981386979904527
1.3989910324069217
1.3988910755274926
1.397515308276188
1.3970881734567504
1.397535604879776
1.3976952794785642
1.3961426633059653
1.3951760870205685
1.3959333713548112
1.3963917016260277
1.3987889255835844
1.3985046200624753
1.4014259819893506
1.403040509029964
1.402788011065859
1.4027322990644242
1.4006567019915803
1.4006985007623842
1.4013212212907489
1.399970544914746
1.4003222318009534
1.4005559979093196
1.4001796852665809
1.401031176440672
1.4009310555909957
1.3995570984431513
1.399130295696629
1.3995769023839226
1.3997365666651689
1.3981857932075765
1.3972199621676642
1.3979766495347743
1.3984342714798792
1.4003411291174712
1.4000572528272823
1.402974570576015
1.4045865100816857
1.4043344962633235
1.404278899198117
1.4022060502359626
1.4022477720308657
1.4028696586796927
1.4015211883659442
1.4018721960543257
1.4021055629421053
1.40172994344219
1.4025801287767243
1.4024803610997987
1.4011081700412236
1.4006820905696955
1.401128302511257
1.4012876097978648
1.399738981701137
1.3987747921095175
1.3995302034102195
1.399987317121246
1.3999814865774953
1.3996975104345195
1.4026159039064758
1.4042283901146413
1.4039763015772262
1.4039206891261684
1.4018470588868412
1.4018887934808062
1.4025109132544968
1.4011619911960982
1.4015131022955911
1.4017465450068327
1.4013708102953777
1.4022212919343031
1.4021215164948193
1.4007488010690685
1.4003225824006187
1.4007689891121629
1.4009283367491245
1.3993791374199944
1.3984146334732388
1.3991702924057938
1.3996275916176186
1.3999586430114086
1.3996746597331655
1.402593395891721
1.404205812330632
1.4039537931419486
1.4038982019572164
1.4018242361610613
1.4018659616058213
1.4024881751479874
1.4011393418894613
1.4014903528209701
1.4017237673623446
1.4013481151177898
1.4021986032017175
1.4020989737845213
1.400725997233369
1.4002998258722419
1.4007464493140411
1.4009057157104319
1.3993563334055439
1.3983919399808526
1.3991475196313368
1.3996049646333388
1.3999814865774953
1.3996975104345195
1.4026159039064758
1.4042283901146413
1.4039763015772262
1.4039206891261684
1.4018470588868412
1.4018887934808062
1.4025109132544968
1.4011619911960982
1.4015131022955911
1.4017465450068327
1.4013708102953777
1.4022212919343031
1.4021215164948193
1.4007488010690685
1.4003225824006187
1.4007689891121629
1.4009283367491245
1.3993791374199944
1.3984146334732388
1.3991702924057938
1.3996275916176186
1.399462523531364
1.3991784034452928
1.4020982992989193
1.4037115933960336
1.4034593835674987
1.4034037448704169
1.4013290392382616
1.4013707941125346
1.4019932359281224
1.4006436406411649
1.400994920369181
1.4012284784908886
1.4008525612050304
1.4017034726603428
1.401603659380358
1.400230228716062
1.3998037989780299
1.400250449585867
1.4004098706852643
1.39885987374096
1.397894892455449
1.3986509259947122
1.3991084685185746
1.3976036860759398
1.3973196055432762
1.400238954458186
1.4018520814676902
1.4015998672875691
1.4015442245188305
1.3994699555132966
1.3995117098920946
1.4001340243129707
1.3987845529332164
1.3991358405880938
1.3993693839421186
1.3989934710664107
1.3998442718451254
1.3997443950141224
1.398371273722163
1.3979448730978647
1.3983913543665016
1.398550797720576
1.3970010916679438
1.3960361744560894
1.3967921539847106
1.3972495627854755
1.3979088547311784
1.3976248604405972
1.400542772791474
1.4021556353950133
1.401903343162988
1.4018476709846106
1.3997746107891467
1.3998163733261992
1.4004383391891764
1.3990890268239566
1.3994404305005403
1.399673972489067
1.3992979859667596
1.400148558947277
1.4000484089919494
1.3986761675700659
1.3982497778659126
1.3986957037258934
1.3988552728298913
1.3973063315363619
1.3963414319497567
1.397097382739165
1.3975543783035562
1.4011544243435283
1.400871328068195
1.4037806051240695
1.4053881255701137
1.4051367972779873
1.4050813509004105
1.4030142235529457
1.403055831642722
1.4036760023519121
1.4023312260184049
1.4026812792261982
1.4029140080058682
1.4025394121793582
1.403387262804164
1.4032877556433194
1.401919355772312
1.4014944417318815
1.4019394087611963
1.4020982861305948
1.4005539264504665
1.399592373834104
1.4003457184800536
1.400801563853191
1.400453297225155
1.4001700057811501
1.4030815545637414
1.4046900743159318
1.4044386475093524
1.4043831852919033
1.4023143528791273
1.4023559795812546
1.4029766550178504
1.401631072771748
1.4019812596574917
1.4022141152647645
1.401839351967888
1.4026877723660784
1.4025883433090782
1.401218776202753
1.4007936265274041
1.401239103309576
1.4013980060129219
1.3998524393590897
1.3988903569424174
1.399644123887859
1.4001004161744512
1.3994792162266445
1.399195655703885
1.4021096441568892
1.4037198251266423
1.4034680679640121
1.4034125256536933
1.4013420710579527
1.4013837496333323
1.4020049200944504
1.4006579113681905
1.4010085627026758
1.4012416806512942
1.4008664502245234
1.4017156945300857
1.4016159913764696
1.4002453975428892
1.3998197738726557
1.400265425199795
1.4004245819423957
1.3988777215008301
1.3979145622724807
1.398669164031267
1.3991257272734388
1.40315295907723
1.4028704178283067
1.4057736672032892
1.407378168620815
1.4071272420709413
1.4070718771482975
1.4050091433482133
1.405050682124868
1.4056695430019102
1.4043272556523958
1.4046767536109301
1.4049090670368327
1.4045350951166973
1.4053813014271508
1.405281810763714
1.4039163662243885
1.4034922154928313
1.4039360630285573
1.404094731407918
1.4025535727394287
1.4015937432702654
1.4023457290999517
1.4028005192795394
1.4034793611294503
1.4031966344454887
1.4061013498937205
1.4077070842547454
1.4074558695693016
1.4074004313423047
1.4053368061015312
1.4053783887747173
1.4059975283645365
1.4046541599259763
1.4050040650427023
1.4052365864552634
1.4048622191782478
1.4057090052074794
1.4056092069743513
1.404243235951478
1.4038187122114305
1.4042625158266133
1.4044214273878224
1.4028794922060448
1.4019188129824798
1.4026714526400141
1.403126322240843
1.4032245652108923
1.4029417691537482
1.4058467728259467
1.4074530749995442
1.407201679396156
1.4071461918479915
1.4050825069785984
1.4051241159269146
1.4057432842915285
1.4043993928621112
1.404749555605355
1.404982187712338
1.4046075837285075
1.4054546010563287
1.4053545442517015
1.4039885952359237
1.403563875894836
1.4040074645150198
1.404166549414777
1.4026244629100697
1.4016633355851007
1.4024163147922728
1.4028710843470855
1.402734157048009
1.402451499737229
1.4053559269614937
1.4069610935099472
1.4067100597424476
1.4066546708366183
1.4045911052244646
1.4046326616225207
1.4052517724375446
1.403908926989842
1.4042585744800493
1.404490985198189
1.4041168546279883
1.404963409358631
1.4048638696970015
1.403497876667033
1.403073548528025
1.4035175671382067
1.4036763053608685
1.40213452150202
1.4011742903798596
1.4019265904877551
1.4023815601346012
1.4013018826617163
1.401019107350544
1.403924129176953
1.4055302188232748
1.4052789066421114
1.4052234426231118
1.4031596657776497
1.403201262917854
1.403820452947028
1.402476765447854
1.4028268089262639
1.4030593947451502
1.4026848971525583
1.4035318395291843
1.4034319175891523
1.4020658741958758
1.4016412358242423
1.4020849683528438
1.4022439683928942
1.400701871337245
1.3997409302200983
1.4004937698167013
1.400948621316912
1.4004855120002564
1.4002022328882504
1.4031125130505058
1.4047214303081466
1.4044696936080656
1.4044141377279806
1.4023465970076212
1.4023882651289046
1.4030085823047178
1.4016625385055879
1.4020131721838285
1.402246161939346
1.4018710253363424
1.4027194720703224
1.4026194176885383
1.4012508709603508
1.4008254938451807
1.401270080010807
1.4014293371693844
1.399884448460625
1.3989218366578349
1.3996759873779157
1.4001316904702592
1.4007433833542173
1.4004598974013711
1.4033726716966717
1.4049826125900484
1.4047307958005935
1.4046752304151315
1.4026057915835988
1.4026474761538006
1.4032683533478163
1.401921494859258
1.4022722351917385
1.4025053484243126
1.40213006386513
1.4029791096528947
1.4028791857682805
1.4015093291803413
1.4010837209786504
1.4015289134144975
1.4016881700332102
1.4001419558838895
1.3991788258928908
1.3999333925946071
1.4003896124787243
1.4002835797973308
1.3999999661104596
1.4029141406613714
1.404524771015264
1.4042728654332626
1.4042172823991106
1.4021468187096466
1.402188518737817
1.4028097011606118
1.4014622757970325
1.4018131386374741
1.4020463458117394
1.401670922116679
1.4025203456050328
1.402420425115553
1.4010498774125353
1.4006240963517909
1.4010695563794577
1.4012288569676594
1.399681899161122
1.3987183791292281
1.399473253791297
1.3999297230209915
1.4013443494556799
1.4010610307902667
1.4039718578912388
1.4055809422364896
1.4053292098879948
1.4052736580795662
1.403205680732586
1.4032473493493443
1.4038677939198696
1.4025216262135358
1.4028722519649153
1.4031052564881161
1.4027301154749616
1.4035786728855395
1.4034786820547733
1.4021098259542493
1.401684419725345
1.402129175230172
1.4022884101340725
1.4007432305336407
1.3997805546571935
1.4005347593879167
1.400990596203358
1.4010438664049487
1.400760464095819
1.403672264793955
1.4052817774132689
1.4050300028442944
1.4049744442473489
1.4029057361580923
1.4029474127515724
1.403568073633843
1.402221560536397
1.4025722435783268
1.4028053024562142
1.4024300896700457
1.4032788912692173
1.403178933911527
1.4018095775672952
1.4013840703519977
1.4018290443223347
1.4019882900836411
1.4004425932087652
1.3994796902750424
1.400234075991262
1.4006901043410411
1.4012260304771906
1.400942679393637
1.4038537107467275
1.4054630319488424
1.405211234603202
1.4051556656001043
1.403087587183331
1.4031292654447687
1.403749743641531
1.402403363228121
1.402754081220623
1.4029871286813738
1.4026119007911688
1.403460562433342
1.4033604891313072
1.401991584783847
1.4015661021338865
1.4020108102476592
1.4021701041374537
1.4006248166211077
1.3996619661489398
1.4004163041723752
1.400872128920737
1.399902703860373
1.3996192619978356
1.402531609634689
1.404141289341612
1.4038895191242238
1.4038339645989355
1.4017648198830577
1.4018064969720128
1.402427285248995
1.4010806482443456
1.4014313233594142
1.4016643970049845
1.4012891798086653
1.4021380920844346
1.4020381982777628
1.4006685325611938
1.4002429962321623
1.4006881395417
1.4008473630483298
1.3993013752817818
1.398338408274402
1.3990928480012637
1.3995490100741408
1.3991927899894356
1.398909153618057
1.4018227267676193
1.403433827615729
1.403181667415465
1.4031260097221634
1.401056258587529
1.401097993544559
1.4017189835789616
1.4003710703318561
1.400722298893661
1.4009556301645323
1.4005798917059074
1.4014294293712508
1.4013290407369656
1.399959085538782
1.3995330906834087
1.3999779496466214
1.4001375270686183
1.3985908918065817
1.3976268772248757
1.3983821167080115
1.398838206378414
1.399074471010946
1.3987908022214273
1.4017045796231078
1.4033159173280816
1.403063692130672
1.4030080172427015
1.4009381650382742
1.4009799096399833
1.4016009333006225
1.400252807346441
1.4006041281493684
1.4008375023577904
1.4004616770221139
1.4013113189190534
1.4012108478134995
1.3998408443683803
1.3994147730919495
1.3998595846641082
1.4000192210719995
1.3984724778940485
1.3975082887166215
1.3982636614924695
1.3987197390957928
1.4019469257262474
1.4016640531606546
1.404569687743418
1.4061764879603327
1.4059249807877325
1.405869465184726
1.4038053851298853
1.4038470112041275
1.4044663021120112
1.4031219764916096
1.4034722966933875
1.4037050113249245
1.4033302531011795
1.4041775081725922
1.4040773388187537
1.4027111506846697
1.4022862830498655
1.4027298734053042
1.4028890504030382
1.4013466295996448
1.4003851646953356
1.4011384041700754
1.4015932194690484
1.4023049580971192
1.4020219065719248
1.4049297107553458
1.4065373918499753
1.4062858186614935
1.4062302958159496
1.404164561230694
1.4042062010949474
1.4048259799171188
1.4034809547376597
1.403831362496827
1.4040641824871918
1.4036893002316058
1.4045370729606053
1.4044370229462455
1.4030696917003118
1.4026446266411174
1.4030887504449407
1.4032479232836752
1.401704349464535
1.4007424420577754
1.401496037185652
1.4019513054316193
1.4017449935233217
1.4014617863828636
1.4043713153542838
1.4059798286674507
1.4057281526129295
1.4056726098558565
1.403605606831911
1.40364726481304
1.4042674209679051
1.4029217137830543
1.4032722631470333
1.4035051951973176
1.403130149881516
1.4039783817073028
1.4038783462457685
1.4025101571368541
1.4020848855564754
1.402529349773955
1.4026885702013139
1.401144080300142
1.4001817071667293
1.4009356705834564
1.4013912520197809
1.4019863170848088
1.4017031773789967
1.4046118348793115
1.4062200383468475
1.4059683720142335
1.4059128274483428
1.403846504631777
1.403888159458524
1.404508116114762
1.4031626479674855
1.4035131861614756
1.4037460853258483
1.4033710683445353
1.4042191080975266
1.4041189979272815
1.4027512849386072
1.4023260761340934
1.4027702981905357
1.4029295372534354
1.4013855106687505
1.4004232772947534
1.40117712637234
1.401632510240787
1.4015493570940087
1.4012660967894384
1.404175811858766
1.4057847745560725
1.4055329500821805
1.4054773666012739
1.4034103544836054
1.403452033917525
1.4040722020340668
1.4027260782118967
1.4030768390818324
1.4033098603577638
1.4029346217736722
1.4037830327822505
1.403682779984852
1.402314637006501
1.4018892080356107
1.402333480953618
1.402492845226578
1.400948257960434
1.399985524023477
1.4007397603434864
1.4011952477673335
1.4022276406462952
1.4019445683751295
1.4048523544043392
1.4064602480262447
1.4062085914155378
1.4061530450408293
1.404087402431643
1.4041290541040081
1.404748811261619
1.4034035821519169
1.403754109175918
1.403986975454379
1.4036119868075545
1.4044598344877504
1.4043596496087947
1.40299241274036
1.4025672667117115
1.4030112466071165
1.4031705043055576
1.4016269410373599
1.4006648474227779
1.4014185821612237
1.4018737684617935
1.4027647616540058
1.4024818378628365
1.405388241790646
1.4069952334247597
1.4067437490288248
1.4066882438319706
1.4046235341046462
1.4046651585109313
1.4052846321043235
1.4039401737998856
1.4042904590510907
1.4045231850997648
1.4041484419800563
1.404995837008467
1.4048957835989735
1.4035291434681179
1.4031042512679766
1.4035481074799803
1.403707236349226
1.4021644061873024
1.4012028888214376
1.4019561759889623
1.4024111948893525
1.4027102877692683
1.402427350367395
1.4053333934543948
1.4069406673850384
1.4066890302181463
1.4066334802258023
1.4045691980313755
1.4046108433949762
1.4052302015553333
1.4038854505207792
1.4042359552048032
1.4044687557114401
1.4040938237335934
1.4049412872681974
1.404840952971821
1.403474668343866
1.4030496478669474
1.4034931434402782
1.4036524384098013
1.4021098017745781
1.4011479876788262
1.4019014937389913
1.4023562849038058
1.4012354016862056
1.400952055799383
1.4038621612187365
1.4054718101570476
1.405219772266638
1.4051641308672298
1.4030970085860448
1.4031387191174343
1.403758932821889
1.4024121796553242
1.402763244272339
1.402996397711467
1.402620878982035
1.4034695734050007
1.4033690208004688
1.4020008757057452
1.4015752129232866
1.4020192471507682
1.402178814255223
1.4006340217081925
1.399670752371971
1.4004253948879744
1.4008807762322653
1.4012457986078743
1.40096273087361
1.4038706371830898
1.4054784367061517
1.4052268310190974
1.405171299576219
1.4031055144560667
1.4031471591426599
1.4037669547779497
1.4024218232449523
1.402772277124681
1.4030051185838206
1.402630192889709
1.4034780177345068
1.4033779264845128
1.4020105711151107
1.4015854678453878
1.402029567953684
1.4021887702853661
1.4006451425082684
1.3996831478036484
1.4004368095778807
1.400892071790309
1.4008451545402323
1.4005619752810132
1.403471179720045
1.405079550275191
1.404827888294163
1.4047723477999288
1.4027055883567423
1.4027472436789643
1.403367327729914
1.402021735675434
1.4023722659425633
1.4026051798746186
1.4022301584831547
1.403078308912744
1.4029782622935174
1.4016102399325057
1.4011850020142578
1.401629393409901
1.4017886102181243
1.4002442927417675
1.3992819952941136
1.4000358983823413
1.4004914159738864
1.4009863170848087
1.4007031773789966
1.4036118348793116
1.4052200383468476
1.4049683720142336
1.404912827448343
1.402846504631777
1.4028881594585245
1.403508116114762
1.4021626479674856
1.4025131861614757
1.4027460853258484
1.4023710683445352
1.4032191080975267
1.4031189979272818
1.4017512849386071
1.401326076134093
1.4017702981905358
1.4019295372534357
1.400385510668751
1.399423277294754
1.4001771263723402
1.400632510240787
1.4012504842123823
1.4009674190764834
1.4038748624190944
1.405482825810254
1.4052310998508155
1.4051755322097812
1.4031102251574235
1.403151885978993
1.4037715493681286
1.4024262314585543
1.4027768586505394
1.4030097530988672
1.4026346819851425
1.403482523220336
1.4033821923190932
1.4020152165760598
1.401590023240088
1.4020337864052386
1.4021931253442503
1.4006497450518105
1.3996875409151641
1.4004413549356807
1.4008963954460734
1.3991153276358053
1.3988308366796571
1.4017536646797817
1.4033694246638944
1.4031166385642189
1.4030608532584312
1.4009843647448987
1.4010262074122342
1.4016492066533752
1.4002974491883273
1.4006495432327253
1.4008835173277505
1.4005068093281317
1.401358880221001
1.4012584518016338
1.399883968170241
1.3994567924152275
1.3999033551819786
1.4000632626450735
1.3985117126741926
1.397545031879879
1.3983023730748365
1.3987600744411832
1.3977738430574083
1.3974892567853752
1.400413280788993
1.4020294933767576
1.4017766834816812
1.4017208977218725
1.3996434854202016
1.399685333900826
1.4003086047445095
1.3989564931115166
1.3993086174227534
1.3995426425219193
1.3991658822634738
1.400018226625337
1.3999178840723718
1.3985427575728369
1.3981154853798277
1.3985623631294524
1.3987222555761416
1.3971700698639586
1.3962031736244709
1.3969606894870683
1.3974186522660712
1.3971137174667005
1.396828947698165
1.3997550210221699
1.4013722085864926
1.4011192817518838
1.4010634738177066
1.3989845494965873
1.3990264187529944
1.399650139033287
1.3982972302645316
1.3986495152774303
1.3988836705547452
1.3985067233117459
1.3993596081665935
1.3992592913241462
1.397883140213728
1.3974556278374028
1.3979029188225216
1.39806286247697
1.3965095882579406
1.3955421506060406
1.3963000950859883
1.396758434900127
1.3970955595051213
1.3968107851996847
1.3997367382434196
1.4013540199065857
1.4011010421483243
1.4010452192823173
1.3989664374721635
1.3990083137143432
1.3996319955169572
1.398278989171496
1.398631347328668
1.3988655274253037
1.3984885172295916
1.399341424919837
1.399241014448429
1.3978649818389777
1.3974374267037268
1.3978845974759542
1.398044596497162
1.396491386787032
1.3955238502251701
1.396281867669331
1.3967401315716115
1.398015166618895
1.3977306477815081
1.400653800314021
1.4022697030561546
1.4020169028829856
1.4019611153143587
1.3998843832200676
1.3999262285463099
1.4005492998913662
1.3991974272959475
1.3995495404371958
1.39978353265045
1.399406800726493
1.4002589530155607
1.4001585357538848
1.3987838853745895
1.3983566759574455
1.3988033115460332
1.3989632226282633
1.397411500232567
1.3964447437524952
1.3972021452759518
1.397659910487078
1.3987556850958287
1.3984710942868945
1.4013949980102427
1.4030113046968504
1.4027584438781218
1.4027026431864829
1.4006253733957779
1.4006672288621744
1.4012904612281794
1.3999382520184807
1.4002904494739907
1.4005244993924781
1.4001476761813194
1.40100004337858
1.4008996071966546
1.399524599198086
1.3990972842461509
1.3995440417828848
1.3997039895963328
1.39815186839305
1.3971848732436
1.3979424620704108
1.3984003489375558
1.3978195301895815
1.397534958188083
1.4004582968185029
1.4020746489447764
1.4018217003522362
1.4017658720597765
1.399689130871762
1.399730997650795
1.4003540809575283
1.3990017917247903
1.3993541163719954
1.3995881978108955
1.3992112726186494
1.4000636040905086
1.399962969492968
1.3985883652442364
1.398160998436581
1.3986074427256965
1.3987674976535271
1.397215677892859
1.3962485606092432
1.3970062350359818
1.3974639062346306
1.3987999069617039
1.398515885449714
1.4014330761189717
1.403046503315571
1.4027939055416307
1.402738143772274
1.4006659386426055
1.400707743094289
1.4013294780911956
1.3999795802657449
1.400331422807964
1.4005651137124178
1.4001887494738334
1.4010394594667381
1.4009387477376445
1.3995672173215623
1.399140571063854
1.3995857756464898
1.3997456769510417
1.398197122710913
1.397231629664533
1.3979880182392226
1.3984445583324632
1.3987391373033544
1.3984548207699068
1.401375358889104
1.4029903320943453
1.4027375610868984
1.4026817680918184
1.4006070766196663
1.4006489124827621
1.4012713853319378
1.3999202298492417
1.400272309480523
1.4005062030360418
1.4001295561155511
1.400981132186232
1.4008804907984245
1.3995072687798482
1.3990802476902995
1.3995261567957755
1.3996861237846285
1.3981357913383945
1.3971694541365678
1.3979265126426033
1.3983836851500966
1.3982201742572233
1.3979357137806796
1.4008577542815477
1.4024735353757376
1.4022206430771709
1.4021648238360664
1.400089056971087
1.4001309131144906
1.4007537080055636
1.3994018792943084
1.3997541275541132
1.399988136520098
1.3996113070252036
1.4004633129122717
1.4003626336839634
1.3989886964268414
1.3985614642677109
1.3990076172694796
1.3991676577207686
1.3976165276593604
1.3966497131187783
1.3974071462315216
1.3978645620510532
1.3989804608648415
1.3986962117660393
1.401615878414132
1.4032305417737425
1.4029777804882027
1.4029219856843047
1.4008479744195321
1.4008898071282458
1.4015120804787948
1.4001611640336729
1.4005132324949654
1.4007470931645722
1.4003704745785703
1.4012218585764558
1.4011211424799375
1.3997483965816013
1.3993214382679176
1.3997671052123566
1.3999270908367507
1.3983772217070034
1.3974110242645923
1.3981679684314867
1.3986249433711029
1.3986405864555487
1.3983565208532498
1.401274138180955
1.4028878265640072
1.4026351822180005
1.4025794095884707
1.4005069103431467
1.400548722276077
1.4011705461900175
1.3998204268806578
1.4001723346402883
1.4004060651317465
1.4000296335302982
1.4008804770351986
1.4007797352281628
1.3994080139407095
1.3989812958103418
1.3994265495192872
1.3995864839359222
1.3980377033130211
1.3970720472830223
1.3978285628325668
1.3982851607370468
1.3983811049324828
1.3980969673586363
1.4010153358771766
1.4026294282047032
1.402376723213137
1.4023209374605945
1.400247900518857
1.4002897225919413
1.4009117075268303
1.3995612516031908
1.3999132436770834
1.4001470318737743
1.3997705089851247
1.4006215673982183
1.4005208066709323
1.3991487277642063
1.3987219040990475
1.3991672797561394
1.399327250903992
1.3977780714735037
1.3968121767741275
1.3975688796270258
1.398025599187525
1.4008757591462293
1.4005923134066207
1.4035034945491973
1.4051136901900032
1.4048615775805406
1.4048059207952814
1.4027380172369233
1.4027797405673745
1.4034001873966933
1.402052982485478
1.4024041505136045
1.4026373797761946
1.402261745835223
1.40311073656258
1.4030101761954894
1.4016415067335903
1.4012157047542093
1.4016599337516744
1.4018195412064824
1.40027417742705
1.399310593735692
1.400065483883549
1.4005210507286376
1.3998969925432114
1.399613275126482
1.40252735890634
1.4041390518966106
1.4038867292034818
1.4038310285235085
1.401761024714392
1.4018027837831195
1.4024238578831139
1.4010754128683185
1.4014268720329301
1.401660310647677
1.4012843549964245
1.4021341532407574
1.4020335584283
1.400663482612777
1.4002372967047612
1.4006820371903388
1.4008417620770712
1.3992948570252484
1.3983304059542396
1.3990859786691567
1.399542038171861
1.3995601935693218
1.3992763834350732
1.402191200251556
1.403803509713576
1.4035510429526623
1.4034953056205122
1.4014248560910512
1.4014666371080446
1.4020878505644272
1.4007388650051094
1.4010905277488164
1.4013240703568928
1.4009479170271997
1.401798005130922
1.401697256533619
1.400326917476322
1.399900545064061
1.4003452635893663
1.4005051100670238
1.3989578167585566
1.397992940810347
1.398748840439188
1.399204939652513
1.39915954950168
1.3988756278424763
1.4017917427885114
1.4034046232826154
1.403152100227728
1.4030963538442223
1.4010249299917261
1.4010667216443484
1.4016882235163919
1.4003387774355909
1.4006905165666985
1.4009241316476904
1.4005478826206454
1.4013982963091594
1.4012975923426243
1.3999265862937167
1.3995000792329306
1.3999450890455836
1.4001049499997822
1.3985569669920555
1.3975917883008118
1.3983479292436483
1.3988042838360906
1.4045962148416424
1.4043140756022303
1.407212559117451
1.408815037593094
1.4085642896470483
1.4085089500696537
1.4064498194460535
1.4064913231614393
1.4071091192928733
1.4057684525453817
1.4061177101717262
1.4063497732929695
1.4059761167993796
1.4068211542826639
1.406721455018212
1.4053584875739566
1.4049348035638394
1.4053775350764872
1.4055361786617642
1.40399755240754
1.4030387709268957
1.403789918475454
1.404243744949813
1.4050954097570898
1.4048131311114838
1.407713237288645
1.4093164295543934
1.4090656112408804
1.409010260349291
1.4069499118218973
1.4069914288318195
1.407609585482829
1.4062683430834837
1.4066176961940788
1.4068498499064668
1.4064760737911866
1.4073215182554595
1.4072218747794678
1.4058580735957007
1.4054342212749267
1.4058773168967582
1.406035978577712
1.4044964901994141
1.4035373302899763
1.4042887794810295
1.404742925179285
1.4048950877232684
1.4046127533151853
1.4075135085571224
1.409116986338913
1.4088661398784135
1.4088107844611464
1.406749948772235
1.4067914710999716
1.4074097719588112
1.4060682992987246
1.4064176906030195
1.406649880551866
1.4062760565879093
1.4071216638445778
1.4070220426839706
1.4056579080043976
1.4052339883593619
1.4056772296248667
1.4058358985440913
1.4042960653161636
1.4033367540352082
1.4040883238832598
1.4045425972710734
1.4047357672171135
1.4044533887187212
1.4073545706191057
1.4089583095873492
1.4087074165547833
1.4086520502773427
1.4065909204727767
1.4066324502817598
1.4072508400576331
1.4059091459136372
1.406258602435344
1.4064908319711942
1.406116940644374
1.4069626814130387
1.406863030174489
1.4054987046235459
1.4050747131058499
1.4055180034976644
1.4056767055289716
1.4041366459182718
1.4031771716536974
1.403928868476604
1.4043831996756573
1.4050772517955106
1.4047949686130032
1.4076949545098951
1.409298240874486
1.4090473716373206
1.4089920058139018
1.4069317997974737
1.4069733237931679
1.4075914419664985
1.4062501019904483
1.406599528245316
1.406831706777025
1.406457867709032
1.4073033350087034
1.4072035979037505
1.4058399152209498
1.4054160201412507
1.4058589955501912
1.4060177125979039
1.4044782887285059
1.4035190299091056
1.4042705520643726
1.4047246218507694
1.405500739429239
1.405218574906954
1.4081169199876946
1.4097197050894565
1.4094688227975327
1.409413444759144
1.4073545486225787
1.407396071131848
1.4080138071210433
1.4066728388666039
1.4070222889020547
1.4072544231307156
1.4068805972931742
1.4077257325630521
1.4076258048050438
1.4062630502392548
1.405839242500757
1.406281709892096
1.4064404937038382
1.4049019425094573
1.4039428759110273
1.4046942360343688
1.4051479046514712
1.405957467550723
1.4056757069764851
1.4085698694446025
1.4101703736375406
1.409919841145482
1.409864539582327
1.4078086260434863
1.4078500903707387
1.4084669323381576
1.4071278686390238
1.407476831885756
1.4077086380012473
1.4073353359625778
1.408179263179493
1.408079460100679
1.4067186845026245
1.4062954763107416
1.4067372848350388
1.4068958518786083
1.405359521104935
1.4044018108370124
1.4051521074687288
1.4056051099944968
1.4059787009477047
1.4056966686963464
1.4085937338017456
1.4101957353441483
1.409944992768423
1.4098896473105542
1.4078316335209546
1.4078731335864834
1.4084906028245785
1.407150299021865
1.4074995534050816
1.40773156887273
1.4073579451237797
1.4082026798576701
1.4081028423334894
1.4067406603818113
1.406317068261293
1.406759388273703
1.4069180727491972
1.405380200703133
1.40442162305556
1.4051726022543367
1.4056260974377202
1.4060425460414572
1.4057605325975349
1.4086570326100059
1.410259079592074
1.4100082492425376
1.4099528761838476
1.4078953909969387
1.4079369023751038
1.4085542225539271
1.4072138387281736
1.4075632203030854
1.4077952672911476
1.4074215415611095
1.408266240569598
1.4081662046298031
1.4068044264279616
1.4063807824517225
1.406822789216514
1.4069815808063912
1.4054440102029422
1.4044853104212025
1.405236375219907
1.4056896547347946
1.4063430290921883
1.4060610992919824
1.4089566257072894
1.4105582444152946
1.4103074562862383
1.410252090016065
1.408195335571432
1.4082368389728757
1.4088539428399536
1.4075139044053124
1.4078632286896742
1.408095221323049
1.4077215673660253
1.4085660221859206
1.4084659527730496
1.407104674814915
1.40668113182507
1.4071229201243516
1.4072817008568221
1.4057446475278177
1.4047861748033543
1.405537058616562
1.4059901465971119
1.4055827424845704
1.4053006013066227
1.4081985015747052
1.4098012380172897
1.409550318875207
1.409494928167827
1.4074364181229866
1.4074779449591204
1.4080955703667222
1.406754619665948
1.4071041237488215
1.4073362646785748
1.4069623998126584
1.4078074765217365
1.407707443977075
1.4063449746601555
1.4059211578248634
1.4063634321814744
1.4065222677408402
1.4049839534801745
1.4040248636575405
1.4047762364165968
1.4052297652770616
1.4054114148876418
1.4051286726544392
1.4080324440147234
1.40963871863922
1.409387179986781
1.4093316458343097
1.4072690687051939
1.4073106954564443
1.407929548889395
1.4065856037674367
1.4069359747735093
1.4071686484525443
1.4067938839450638
1.4076407777062834
1.4075403653060627
1.4061752479134246
1.4057504630714246
1.4061934488918986
1.4063527185274736
1.404811288865955
1.4038500045705136
1.4046030883311857
1.4050574325825456
1.4025888933553763
1.4023061997493844
1.4052096647314907
1.4068155840706906
1.406564142913971
1.4065086345535025
1.4044462090290761
1.4044878213133074
1.405106624306904
1.403762998245559
1.404113230889948
1.4043458401626572
1.4039712059707528
1.4048179433845793
1.4047176546912616
1.4033526096690279
1.4029279394586134
1.4033709963656684
1.4035301775224018
1.4019889097347549
1.4010278873328954
1.4017807711544983
1.4022351335064773
