1.4240885748815857
1.4244235978179045
1.4260064248606115
1.4243185575112076
1.4233377119131856
1.4236098177881222
1.4239402893194053
1.4242705362169197
1.4267143792634416
1.4248558180604438
1.4244838835215685
1.4260686891701677
1.4248887793043477
1.424239228973115
1.4284149839607807
1.4289173932576793
1.4294690898456575
1.4301102009803304
1.4303560849573917
1.4304925979003116
1.4310863916297278
1.429897189901135
1.429008568496901
1.4269168636145433
1.4278449338035244
1.4263728257922268
1.4262809645678325
1.426572016250328
1.4292180273899442
1.427784093325316
1.4292955557979852
1.429167151842649
1.4285009343083286
1.4275779457821665
1.428579745002256
1.427868515566435
1.4284056759488315
1.4288864964569967
1.4278345674533077
1.4265181732901064
1.427013791371342
1.4251271033941966
1.4254357391096157
1.4259022985004994
1.4278167114860096
1.4289907031201248
1.4296942450008563
1.4289134870737248
1.4303680366671614
1.4293175163540135
1.431300607714716
1.4221728902608073
1.4225073441531482
1.4240883449818975
1.4224029900206994
1.4214231728574995
1.4216951211172915
1.422025213654833
1.4223550818226962
1.4247961478547757
1.422939865669192
1.4225684926363675
1.4241515455037987
1.4229728417259089
1.422324019994995
1.4264948281781944
1.426996917205968
1.4275476464810428
1.4281877686004705
1.4284337250533254
1.4285696653528768
1.4291629308240212
1.4279747891395136
1.427087084708481
1.4249979136663824
1.4259248012015746
1.4244542853221638
1.4243626306484782
1.4246533898294322
1.427296699925805
1.4258644557619327
1.4273739653044395
1.4272457593710828
1.42658076530695
1.425658679586458
1.4266592204648885
1.4259489570363588
1.426485810033656
1.4269657324091616
1.4259149956088972
1.4246001132057668
1.4250949800699646
1.4232109936284578
1.4235193879424448
1.4239855288988152
1.4258978072796775
1.4270701517994038
1.4277730127672814
1.4269931988001245
1.4284459195748407
1.427396590125418
1.4293770230065852
1.4221744237115905
1.422508455741543
1.4240878002862605
1.4224044322211427
1.421425601097929
1.4216973256910446
1.4220270733161848
1.422356596808626
1.4247951222272115
1.4229408374621122
1.4225699053360246
1.4241513294255215
1.422973799669538
1.4223256494971834
1.4264920377605983
1.4269937023891404
1.427543725151339
1.4281830790146335
1.4284289173012314
1.428564552588115
1.429157257974736
1.427970238798873
1.4270834219284743
1.4249964867349956
1.4259223594274
1.4244533424361991
1.424361823169947
1.4246522947077014
1.4272929734320075
1.4258622436065846
1.4273700898794377
1.4272420377910864
1.4265779185236793
1.425656735302681
1.426656187851022
1.42594672546176
1.4264831383908614
1.4269624234991898
1.425912779056829
1.4245992713851998
1.4250935495561787
1.4232117423375203
1.423519858494256
1.423985558061794
1.4258958621617652
1.4270668639085986
1.427769039782227
1.4269900596613643
1.4284411995515902
1.4273929610975677
1.4293711741456232
1.4291091421160353
1.4294417835199087
1.4310146994765682
1.4293382793139853
1.4283634149179751
1.428634060013666
1.4289624658183335
1.4292906484034495
1.4317192552436246
1.4298725410453181
1.4295031412361503
1.431078141124346
1.4299053780519224
1.4292598625844453
1.4334092700298677
1.4339089367025817
1.4344566644992227
1.4350933736088658
1.4353382716847831
1.4354732844173224
1.4360636038679386
1.4348813633935638
1.4339981378559266
1.431919717807864
1.4328418028249006
1.431378747293829
1.4312876176179608
1.4315769141660837
1.4342069039496563
1.4327820038098582
1.4342836770391014
1.4341561546410817
1.433494815810694
1.4325773546729346
1.433572721637135
1.4328661717357971
1.4334004542612375
1.4338777301979828
1.4328323545988604
1.4315241922518254
1.4320164280573402
1.4301423696400524
1.4304492511030573
1.4309130754251598
1.4328156163853756
1.4339818020050783
1.4346811419341126
1.4339053399092216
1.4353505474947252
1.4343065722094595
1.4362766702311813
1.4278266967414837
1.4281593307644649
1.42973267665647
1.4280561025864973
1.4270809161196842
1.4273517193983514
1.427680216203661
1.4280084897310539
1.4304377833502222
1.4285906369157793
1.4282212074408134
1.4297966786170968
1.4286235113607342
1.4279778082307775
1.4321282804008522
1.4326282233696461
1.4331759227085872
1.4338126715602781
1.4340578284208483
1.4341926544486003
1.4347832197354455
1.4336004880476996
1.4327169627639649
1.4306380395132632
1.4315603163089683
1.4300968035939554
1.4300057031764841
1.4302951021251706
1.4329260002931954
1.4315007297840738
1.4330027008713648
1.4328751704805638
1.4322138958590491
1.4312960966284287
1.4322916804533967
1.4315850157513599
1.4321196125708568
1.4325968340091253
1.4315511611020013
1.4302426373877928
1.4307349111139698
1.4288606230900038
1.4291676502122737
1.4296316658787962
1.4315347668301202
1.4327011136054748
1.4334007151489228
1.4326247243095622
1.43407024580074
1.4330259737440638
1.4349964107259765
1.4285271269129898
1.4288597045672582
1.4304319623118278
1.42875601010516
1.4277815963343061
1.428052063545127
1.4283803309749343
1.4287083752765681
1.4311359482109438
1.4292899511259507
1.428920651170838
1.4304949606732995
1.4293227525458063
1.4286775158158487
1.4328252401860608
1.4333245905290533
1.4338722258692818
1.4345087716099716
1.4347534199607097
1.4348885478176145
1.4354785553997182
1.4342969386442257
1.4334141274743362
1.4313365273589445
1.4322582727655895
1.4307958734349455
1.430704740319518
1.4309938979043846
1.4336226416731002
1.4321983231402196
1.4336994543951453
1.433571964742654
1.4329107146371665
1.4319937044429767
1.4329886972537023
1.4322823829039744
1.432816312712221
1.433293530880861
1.432248601615169
1.4309409896053153
1.4314330935880384
1.4295596024693842
1.4298663080979441
1.4303298887713127
1.4322316029148392
1.4333974214895917
1.4340964146901058
1.433320919474681
1.43476558455217
1.4337220548962808
1.435691481647869
1.4283615630561148
1.4286944350735618
1.4302670326779827
1.4285900294870653
1.4276155309265368
1.4278858660342957
1.4282142016267843
1.428542314036874
1.4309703597731473
1.4291237994942956
1.4287542583405548
1.4303288158494831
1.4291565435899438
1.4285111927764667
1.4326599709160424
1.4331591129988228
1.4337072699391031
1.4343442571980192
1.4345885242646563
1.434724187382961
1.4353141313125632
1.4341326394861889
1.4332497694911626
1.431171573392493
1.4320936544211416
1.4306310686031432
1.430539793201164
1.430828960502716
1.4334578436137848
1.4320331739562902
1.4335348845322344
1.4334073065257942
1.4327453590733823
1.4318283482668386
1.4328236811007036
1.4321170368149287
1.4326507012569827
1.433128441156589
1.4320833121998529
1.4307754261328627
1.431267855163221
1.4293933194189845
1.4296999515359075
1.4301634863006398
1.432065521091679
1.4332319483494236
1.4339309331871468
1.4331552177443605
1.4346003786903108
1.4335566492977732
1.4355269533422068
1.4266595994338247
1.4269929496823734
1.4285682917182616
1.426888679767959
1.4259124224714859
1.4261833173137664
1.426512227194159
1.4268409135054307
1.4292732205399896
1.427423513491203
1.427053401910873
1.4286307498715578
1.4274563444612427
1.4268098556892066
1.4309658015484295
1.4314659606562428
1.432014888108113
1.4326528467341613
1.432897740476888
1.4330334067787085
1.433624468497575
1.432440739230303
1.4315562675607978
1.429474512478198
1.430398139738694
1.4289329416481167
1.4288415635366611
1.429131259845233
1.4317649287276772
1.4303377927554928
1.4318420064334547
1.4317142338437003
1.4310513870785357
1.430132684736068
1.431129696914265
1.430421901236913
1.4309566727584133
1.431435053194825
1.430388088238754
1.4290779157359064
1.4295711032029383
1.4276935913305422
1.428000823098426
1.4284652342451438
1.430370630124872
1.431538928356112
1.4322392066310183
1.431462161718002
1.4329097599621308
1.431864197173406
1.4338377312812767
1.427077584230779
1.4274108707297228
1.4289855545535208
1.4273064105591335
1.4263306038878165
1.426601320845227
1.4269300923507595
1.4272586403785485
1.4296899135073091
1.4278409235718361
1.4274709118455604
1.4290475694205107
1.4278737189551258
1.4272275089206095
1.431381771704622
1.4318816144827142
1.4324304494781714
1.4330682447352667
1.4333128887528146
1.433448670179001
1.434039420029355
1.4328563144809647
1.431972257179207
1.4298913220292788
1.430814609679383
1.4293500677892335
1.4292586862382184
1.4295482435835336
1.4321806664511207
1.430754112085854
1.4322577837894985
1.4321300439452727
1.4314672859050082
1.4305490345061103
1.431545672530832
1.4308381124050906
1.4313725312093968
1.4318508538777033
1.430804335255062
1.4294947130893967
1.4299877687336364
1.4281108241598737
1.4284178800933132
1.4288820475912969
1.4307866166543357
1.431954547840625
1.4326544793870117
1.431877741283461
1.433324797019576
1.432279679860227
1.4342525426979644
1.4258236298399156
1.4261571075876742
1.4277337660477432
1.42605321818561
1.425076059638825
1.4253473102508443
1.4256764968809568
1.4260054597591942
1.4284398346053506
1.4265886933299383
1.4262183820414984
1.4277971107736513
1.4266215954734753
1.4259745492263995
1.4301338612360435
1.4306346530032998
1.431183765367995
1.4318220507319503
1.4320674439250347
1.4322028799781235
1.432794565434015
1.4316095887289797
1.4307242883239781
1.4286408933760364
1.429565199857316
1.4280986893658845
1.4280073181335466
1.4282972923686308
1.43093345328079
1.4295051540947699
1.4310104517213666
1.430882613640556
1.4302195894255905
1.4292999851959836
1.43029774568113
1.4295894789005579
1.4301249558564462
1.4306034518290685
1.4295555942061378
1.4282443210289262
1.4287377721415417
1.4268591256718797
1.4271667091086515
1.4276316075528375
1.429538657065944
1.4307076893870847
1.4314086611190318
1.430631002587083
1.4320796858472407
1.4310332317997634
1.433008108447901
1.425270105620559
1.42560371824842
1.4271812631973235
1.4254999333307496
1.4245221956044558
1.4247936438032371
1.425123016182428
1.4254521646853544
1.4278879205641146
1.4260357772982126
1.4256652959674616
1.4272449341829943
1.4260687131768974
1.425421297117262
1.4295829105526747
1.4300840586832926
1.4306333844185135
1.4312719567783272
1.4315175906371165
1.4316529831462603
1.4322450465029486
1.431059313573521
1.4301734841791216
1.428088952568476
1.4290137464918709
1.427546380783526
1.4274549871719087
1.4277451369329428
1.430382881490364
1.4289537894598314
1.430459873177016
1.4303319775979297
1.4296687117242903
1.4287485437004055
1.4297468356317342
1.4290382125486396
1.42957408064486
1.4300527466521704
1.4290042936703813
1.427692281185978
1.428185958023516
1.4263064065632656
1.4266141960096612
1.427079390406895
1.428987533562272
1.430157138817662
1.4308585423922355
1.4300804590558234
1.4315299134263353
1.4304828648915169
1.4324587451197293
1.426064684250249
1.4263982429696946
1.4279745564593807
1.4262938997585743
1.4253170420851742
1.4255881014884513
1.425917214158592
1.4262461031216669
1.4286799093893043
1.4268290595515636
1.4264587176292656
1.4280370370749462
1.4268619099256985
1.4262150228202228
1.4303735335475551
1.4308739969536781
1.4314232681760863
1.4320616241775501
1.4323066632649564
1.432442419838182
1.4330338435447196
1.431849389285335
1.4309643739201472
1.4288813331790247
1.429805531787137
1.4283394318578078
1.4282479957954342
1.4285378700591271
1.4311731574224222
1.4297451408245718
1.4312502854233762
1.4311224332468593
1.4304591704862895
1.4295399041964547
1.430537532826619
1.4298292983627334
1.4303643946830173
1.4308430755868586
1.429795465349168
1.4284844850248453
1.4289779794787079
1.4270993014593285
1.4274067208589263
1.427871416481533
1.4297779861654099
1.4309470095016465
1.4316477175284823
1.4308701927541623
1.4323186860757604
1.431272478865532
1.4332472358766892
1.4289905778289298
1.4293236903011401
1.430895396306195
1.4292180152967957
1.4282443119994865
1.4285141262086785
1.4288422702547978
1.4291701912334929
1.4315967601605402
1.4297509301159916
1.429381287172076
1.4309547739176187
1.4297835313828828
1.4291385954400448
1.4332853246409045
1.4337835737389786
1.4343321977664976
1.4349694101852892
1.4352127011964424
1.43534926364023
1.4359385042671793
1.4347584160399658
1.4338763012490139
1.4317990000365894
1.4327208213719598
1.4312593148456223
1.4311678547063358
1.4314567562272316
1.4340833214865276
1.4326593761371016
1.4341607269156835
1.4340331039578644
1.4333704622715973
1.4324543525867495
1.43344936214259
1.4327427765399765
1.4332754038399018
1.4337536803670055
1.432709194463325
1.4314020664992773
1.4318946381935953
1.4300199312646478
1.4303261198231356
1.4307891099046048
1.4326898918716562
1.43385634589324
1.4345546268204343
1.4337792497123782
1.435223945477877
1.4341808576732809
1.4361509157935048
1.4274955690277336
1.4278287917770724
1.42940281738878
1.427724141350308
1.4267487853041467
1.4270193243766884
1.4273479575073604
1.4276763672516668
1.4301066064746286
1.428258333652469
1.4278884217802477
1.4294643889694645
1.4282910934490098
1.4276451621520128
1.4317977418608148
1.4322972683091864
1.4328460108482304
1.4334836427363729
1.4337280370287413
1.4338639335792938
1.434454371561135
1.4332718897316266
1.4323882467976168
1.4303081315803599
1.431231079620072
1.42976719393035
1.4296758089397756
1.4299652273218342
1.4325964041745645
1.4311704314162157
1.4326735611455426
1.4325458540468448
1.4318831847314808
1.4309653842761523
1.4319616481473998
1.431254323573268
1.4317883896603805
1.4322666545605813
1.4312205822713706
1.4299115104428868
1.4304044342643347
1.428528056989205
1.4288349370882005
1.4292988609374502
1.4312026031837997
1.4323701673251386
1.433069752143005
1.4322933208489208
1.433739834077021
1.4326951625470488
1.4346673541146522
1.4276010840156637
1.4279344588671867
1.429508367785257
1.4278292688595857
1.4268540851324563
1.427124452698149
1.4274530592430672
1.4277814424134172
1.4302114601846654
1.4283631939230008
1.4279931812286644
1.4295689582290556
1.4283959000985373
1.4277500368681004
1.4319024336451496
1.4324016717660282
1.4329506940768981
1.433588520229455
1.4338325513566712
1.433968840007782
1.434559082272553
1.433376990383184
1.4324935178673375
1.4304134401268676
1.4313364281251364
1.4298727539810314
1.4297812783415833
1.4300706333149416
1.4327012742492142
1.4312753728414405
1.432778593659245
1.4326508477120938
1.4319877869173514
1.4310702115510867
1.4320665008600588
1.4313590878517033
1.4318928117263483
1.43237137382435
1.431325399894952
1.430016431949349
1.4305094930141729
1.4286327464973714
1.4289394927343708
1.429403266066356
1.4313067953090561
1.43247455635479
1.4331739625816522
1.4323975470502
1.4338440989420813
1.4327995253913919
1.4347719296319579
1.4283413717006048
1.4286750384550089
1.4302494305447127
1.4285692293323282
1.42759385345859
1.4278641416488795
1.4281928466900253
1.4285213282829246
1.4309520477824011
1.4291030742481654
1.4287328104666017
1.4303089925694892
1.4291357355789451
1.4284896957108284
1.4326435011654588
1.4331426231248194
1.4336921575498416
1.434330438467973
1.4345741745726395
1.4347109362502217
1.4353011968079
1.4341190661098588
1.43323543485351
1.431154593395549
1.432077980942044
1.4306139679159366
1.4305223597427368
1.430811758566302
1.4334428416377447
1.4320164656489163
1.433520365073755
1.4333925281083948
1.4327287913696856
1.4318111026934466
1.432807804312481
1.4321000231011787
1.4326335863743167
1.4331126520371256
1.4320663793140167
1.4307570168555517
1.4312504156082322
1.4293725479302888
1.4296792692087401
1.4301430604135617
1.4320470969674777
1.4332155204147545
1.4339150054836296
1.4331383067866592
1.434585459182227
1.4335405869710856
1.4355139814912279
1.42357375060382
1.423908091758735
1.4254869162926127
1.4238028050580243
1.4228245332867422
1.4230958094108435
1.4234254431973796
1.4237548529137243
1.4261924775762203
1.4243384940895354
1.4239673800964165
1.4255481096162042
1.4243713240960525
1.423723435165138
1.427888747748612
1.428389651524782
1.428940252802432
1.429579968699858
1.429824908133048
1.4299614520909056
1.4305536021525678
1.429367690332565
1.4284814141292244
1.4263948893577458
1.427320714114818
1.425852425004145
1.4257607049345462
1.4260509813878588
1.4286899826856148
1.4272596424742243
1.4287674723520016
1.4286393478952633
1.4279744028631844
1.4270538952155538
1.4280532540654998
1.4273436913415882
1.4278792103163842
1.4283591261526332
1.4273098766352328
1.4259968176408127
1.426491345018102
1.4246089523872183
1.4249167037137864
1.4253819746838492
1.4272914794491165
1.4284627675676378
1.4291644118496483
1.4283855891303618
1.4298365970777016
1.4287887524298521
1.43076716485037
1.4225608506232894
1.4228954639987064
1.424475918198472
1.422790294257465
1.4218109714841003
1.4220825900540672
1.4224125650052115
1.4227423156568424
1.425182473458215
1.4233266300692629
1.4229551858801215
1.4245375772706395
1.4233595150666247
1.4227109490647507
1.426880509591545
1.427382033995745
1.4279330715003462
1.4285733481421408
1.42881868264519
1.4289552017500864
1.4295480256679323
1.4283607651369352
1.427473530870164
1.4253849005074914
1.4263116362225718
1.4248417890727194
1.4247500144917622
1.4250406078634523
1.4276824736569156
1.4262506712129415
1.4277599739858788
1.4276317371968497
1.426966287444466
1.4260447649058983
1.4270451143612866
1.4263348772992308
1.426871073790004
1.4273513478617883
1.4263010067293387
1.4249865895762615
1.4254815557631728
1.4235974296866731
1.423905544479399
1.4243713435740852
1.4262828489601895
1.4274552292286589
1.4281576499911186
1.4273780406010628
1.4288304861338863
1.4277815514351568
1.429761858029095
1.4223197962129563
1.422654328616687
1.4242351277868353
1.4225496126845008
1.4215699890377513
1.42184179881646
1.422171847727577
1.4225016722943702
1.4249423986742618
1.4230862638476374
1.4227148502923548
1.4242976509693441
1.423119200614402
1.4224704754709285
1.4266408372800339
1.4271426900453674
1.4276935686922556
1.428333774696541
1.4285794633052684
1.4287156618900283
1.4293087475572277
1.4281209645805808
1.4272334452739954
1.425144460704504
1.4260713042927509
1.424601046580796
1.4245093368298742
1.4248000301729569
1.4274427695152834
1.42601068448314
1.42752014028387
1.4273919175905472
1.426726706383767
1.425804845905427
1.426805327215798
1.4260950578370555
1.4266316349634336
1.4271117241039986
1.4260611355863084
1.4247464255803424
1.4252413484260074
1.4233572538992245
1.423665532729125
1.4241315346453898
1.4260435198607246
1.4272159091140977
1.4279185935816685
1.4271388504339841
1.428591485905366
1.4275423043693884
1.4295227306003062
1.4229788354202444
1.4233133850460558
1.424893181033732
1.4232080250486399
1.4222291529004305
1.4225005935855286
1.4228304301618129
1.4231600425299606
1.4255991664255347
1.4237440401498953
1.4233726958148087
1.424954396819593
1.4237768895605083
1.4231286022961545
1.4272964797477379
1.4277976878222172
1.4283486328704051
1.4289887461432467
1.4292338309211168
1.4293704651503791
1.4299629771997122
1.4287763403875968
1.4278895204885738
1.4258017100585725
1.4267281061632608
1.425258915213836
1.4251671371933197
1.4254575916017531
1.4280982113803593
1.4266669905433031
1.4281757513419233
1.4280475472984222
1.4273821862709386
1.4264611146759407
1.427461089977854
1.4267510884674088
1.427286932240988
1.4277671485446661
1.426717253745647
1.425403386929752
1.4258982212938713
1.4240146625160046
1.4243226014742862
1.4247881569202385
1.4266988354896535
1.4278708487131726
1.428572922747112
1.4277936201665224
1.4292455231913315
1.4281970341219785
1.4301766694457827
1.4232612807947957
1.4235958378015003
1.42517520385383
1.4234902017761277
1.4225116516987217
1.4227829342008433
1.4231126797764853
1.4234422012023566
1.4258806383189373
1.4240259442794343
1.4236546296101462
1.4252358593268422
1.4240587562516964
1.4234106566498228
1.4275774693767542
1.4280784011551524
1.428629374661041
1.4292694481918342
1.4295142741850515
1.4296510951191015
1.4302433613322056
1.4290572157334613
1.428170695580536
1.426083388353173
1.4270095926791937
1.4255408589137106
1.4254490516347962
1.4257394036426656
1.4283791150368204
1.4269482645690876
1.42845672750966
1.4283285314589398
1.4276631062225835
1.4267423727204462
1.4277421311615919
1.4270322444518457
1.4275677739313681
1.4280480447335235
1.4269984472425061
1.425684941793785
1.4261797382372419
1.424296409066053
1.4246042023650693
1.425069566466602
1.426979685044909
1.4281515371127758
1.4288533495323021
1.4280742357661818
1.4295258248853169
1.4284776325873743
1.4304569289509874
1.424653465630689
1.4249885033287928
1.4265704705008084
1.4248829109661836
1.4239027095097676
1.4241744990187521
1.4245047885487503
1.4248348535617115
1.4272773230502473
1.425419626319522
1.4250477511122435
1.4266316141846664
1.4254525126867248
1.4248033376804512
1.4289769632188127
1.4294788199235506
1.4300305734269287
1.4306716050775063
1.4309169714852616
1.4310538578377552
1.4316471598947147
1.4304589405928634
1.4295709186808248
1.4274802202037449
1.4284079068353899
1.426936713191975
1.4268447934507855
1.4271356403321531
1.429779834702866
1.4283466413768844
1.429857508133459
1.4297291201636853
1.4290627742116182
1.4281404618711775
1.4291418273697323
1.428430827535309
1.4289673593295926
1.429448288834712
1.4283969544470267
1.4270812830181723
1.4275768252580825
1.4256905964942936
1.425998940891183
1.4264651175932268
1.4283784105965198
1.4295520799193318
1.4302550985712363
1.4294747182730434
1.4309286400551315
1.4298787132848052
1.4318611267251247
1.422956102360751
1.4232903527027898
1.4248700954541775
1.4231858878484092
1.4222068857760053
1.4224785640194835
1.4228083931001816
1.4231379979880572
1.425577106934396
1.4237222556951912
1.4233511327815334
1.4249328999719097
1.4237551873889118
1.4231068890997578
1.4272744225984122
1.4277760231304901
1.4283264276068266
1.4289661258561404
1.4292117644412135
1.4293477389392177
1.429940478531872
1.4287533893150575
1.4278664284104396
1.42577887849529
1.4267050668304204
1.425235757579056
1.4251441413506896
1.4254346543094798
1.4280757403353672
1.4266446237100432
1.4281530037596757
1.4280248827416027
1.4273602618669596
1.4264389654890752
1.4274387453416935
1.4267289972334964
1.427265315902639
1.4277449741430335
1.4266950808297232
1.4253812471595162
1.425875781756442
1.4239931145330382
1.424301224109134
1.424766953026669
1.426677684275977
1.427849196253605
1.4285514530599441
1.4277722448304038
1.429223861257201
1.428175374076889
1.4301543580813088
