1.422470112770811
1.421705741438235
1.4247122712734508
1.4240241194745047
1.4239806515015956
1.4240953917269596
1.4237969366219225
1.4237717792410258
1.4236168852187001
1.42447263379106
1.4234178738510608
1.4258947123358017
1.4257510711708783
1.425820423043706
1.427112854457778
1.4293290722080025
1.4273010078132058
1.4267840832772927
1.427266783414019
1.4268862518166772
1.4269318521742722
1.426405384565318
1.4270775219648681
1.4267158004730083
1.4293459330259062
1.4298476557650448
1.4292326828293602
1.422377757202039
1.421950666234099
1.42210373123176
1.4218161669675136
1.4221111432241607
1.4238410722728885
1.42329425350823
1.4238866584878611
1.4222796218780438
1.4242811331893572
1.4235156350453884
1.426525991584092
1.425836794083677
1.4257930450507625
1.4259082832823284
1.425609070319351
1.4255835377074675
1.4254285462846745
1.4262851028546002
1.4252290043663576
1.427709639360519
1.4275651889368384
1.427634153508034
1.4289292514539198
1.4311478976216832
1.42911641300293
1.4285998527761994
1.429082977460634
1.428701960088866
1.4287473271565772
1.42821970387867
1.4288929914377957
1.4285308413351472
1.4311643652700983
1.4316668694245218
1.4310506220784993
1.4241882740296827
1.4237602598963823
1.4239135616453946
1.4236250505907884
1.423920470692177
1.4256525925555465
1.425104932768916
1.4256977928210828
1.4240887110583487
1.423935301640569
1.4231695443846304
1.4261809535203693
1.425491524470595
1.4254477726810029
1.425563031653353
1.425263735066769
1.425238212594095
1.4250831614357535
1.42594003312981
1.4248835651483531
1.4273650317409863
1.4272205656101375
1.4272895807155903
1.4285850747530837
1.4308045184879596
1.4287723701483237
1.4282555725112975
1.4287388766704434
1.4283577261523857
1.4284031252677745
1.4278753444781458
1.4285488510880913
1.4281865725906129
1.4308210149289937
1.4313236868538024
1.430707251346331
1.4238424314582108
1.423414288752645
1.4235676417754963
1.4232790621054345
1.4235745817030874
1.4253073097196662
1.4247594664962924
1.4253525504544842
1.4237429060469737
1.4235450097387774
1.422778920729846
1.4257915524256302
1.4251018204537442
1.4250580202893306
1.425173373785373
1.4248739044315724
1.4248483250532955
1.424693224475126
1.4255504059044057
1.4244935095575668
1.4269760709009216
1.4268314611674084
1.4269004397971765
1.4281965983075326
1.4304168898715044
1.4283838027607192
1.427866933947281
1.4283504085725516
1.4279691031219282
1.4280144811599345
1.4274864202523019
1.42816024025041
1.4277978189873397
1.4304333367801896
1.4309362321466492
1.4303194797033167
1.42345204950089
1.4230236815053936
1.4231771024722697
1.422888326884117
1.4231839757315958
1.4249174059690652
1.4243693206660601
1.4249626048619104
1.4233523070151497
1.4273722093703394
1.4266100812406366
1.4296077174314659
1.428921581521273
1.428878215892981
1.428992657615184
1.4286950414375865
1.428669918581565
1.4285154943470422
1.4293686788362518
1.428317039450466
1.430786626031249
1.4306433369586495
1.430712428402443
1.4320011554011869
1.4342107717281907
1.43218860905857
1.4316733324641098
1.4321545826557192
1.431775176545727
1.4318206081494773
1.431295641447242
1.4319658248414149
1.431605177056164
1.4342275344750683
1.4347277896646808
1.4341145787360483
1.4272800821276286
1.4268542104224367
1.4270068275109205
1.4267200463858405
1.4270141580209317
1.4287389687000047
1.4281937506271358
1.4287843684605388
1.4271820856733894
1.4261964772709215
1.4254356471352572
1.4284277914776633
1.4277428041866338
1.427699373888314
1.4278138306562898
1.4275165184072136
1.4274912224571155
1.4273371448206233
1.4281885866965203
1.4271388764971225
1.4296043498027453
1.4294609233024533
1.4295295845404339
1.4308166027025278
1.4330219203688899
1.4310029268261562
1.4304892468976205
1.4309694942132885
1.4305907822819086
1.4306359446545787
1.4301116297058174
1.4307807734108315
1.4304208066483082
1.4330383876876702
1.4335378175648794
1.4329254161689922
1.4261042723454855
1.4256789385318422
1.4258313027870375
1.4255446762673514
1.4258382927417232
1.427559937696582
1.4270156259007496
1.427604970831375
1.426005623700164
1.4267637881663382
1.4260025060207056
1.4289960799070907
1.428310667696819
1.4282670868422997
1.4283818006887103
1.4280841290365653
1.4280586236401651
1.4279045297501445
1.4287562167155314
1.4277060072705774
1.4301730288197372
1.430029173569776
1.430097594137327
1.431385814614837
1.4335919602719083
1.4315715197150716
1.431058182204746
1.4315385498047655
1.4311596561127484
1.4312046725353735
1.430679827856425
1.4313494607001533
1.430989340236959
1.4336081970283938
1.434107947645869
1.4334949709319338
1.42667131719858
1.426245561908974
1.4263980230704711
1.4261109256376745
1.4264047217246756
1.428127184027171
1.427582528778002
1.4281719833747906
1.4265718722908916
1.426979854318337
1.4262174420515925
1.4292162637815435
1.4285298755736187
1.4284865181337394
1.4286009656077971
1.4283032741552273
1.4282781798894875
1.4281236833845603
1.4289772368658176
1.4279251811226565
1.430395672113594
1.4302523966898397
1.4303215688427517
1.4316106908530581
1.43382122510953
1.4317983568614459
1.431282761729836
1.431764223560756
1.431384667559994
1.4314301498339663
1.4309050300196269
1.431575445388754
1.4312146514022257
1.4338380410290372
1.4343384780329498
1.4337250797762304
1.4268877339740405
1.4264617364472885
1.4266144091877044
1.4263275798369188
1.426621800112594
1.4283472939534914
1.427801876531811
1.4283927615060006
1.4267898449985645
1.4249131637888328
1.4241506425605523
1.4271497192350193
1.426463223967967
1.4264197981008706
1.4265343562492898
1.4262365310813057
1.4262113362483464
1.426056855217002
1.426910400614896
1.4258582565634836
1.4283291422827955
1.4281856750157969
1.4282547166537958
1.4295442412359836
1.4317548508854328
1.429731570061948
1.4292162242811643
1.429697672599203
1.4293180839190285
1.4293634865054112
1.4288381827816476
1.429508739656789
1.4291479241141165
1.4317715493174887
1.432272069828299
1.4316584784099604
1.424820924895266
1.4243947822920175
1.4245474800377123
1.424260459732973
1.4245547246389914
1.4262803625814098
1.4257348571953978
1.4263257066670387
1.4247226539678906
1.4262659610442583
1.4255029942330635
1.4285040061385896
1.4278171191455695
1.427773733383263
1.4278882592303437
1.4275903559587557
1.427565248449029
1.4274106376308648
1.4282648186659308
1.4272119945002564
1.4296842802642624
1.4295409094784237
1.4296101391948792
1.430900187579029
1.433112342100717
1.4310880088857343
1.4305720220504747
1.4310538383265239
1.4306740051400446
1.4307195249468418
1.430194028805918
1.4308649294453561
1.430503871483788
1.4331291764429785
1.4336299768232939
1.4330161378564705
1.4261737791381728
1.4257474761080564
1.4259002597312436
1.4256132294982289
1.4259076636432126
1.4276344178243705
1.4270886042077597
1.427679925159816
1.4260758379655905
1.4259201294954695
1.4251569035723057
1.4281589680748665
1.427471849532487
1.4274284610135035
1.4275430076013684
1.4272450207061733
1.4272199233356566
1.4270652527819436
1.4279197489411408
1.4268665552822517
1.4293396726447303
1.4291962861517233
1.4292655664024354
1.4305560108781936
1.4327689629669937
1.430743966031128
1.4302277417855729
1.4307097375363333
1.4303297712035645
1.4303753230580392
1.4298496694053942
1.430520789095651
1.430159602739254
1.432785826101874
1.433286794252574
1.4326727671243025
1.425827936566701
1.4254015049643192
1.4255543398613453
1.425267241012875
1.4255617746541234
1.4272891349884904
1.4267431379351363
1.4273346827932176
1.4257300329542157
1.4245430389133311
1.4237802698685214
1.4267804471006043
1.4260937352221963
1.4260503403525848
1.4261648673614051
1.4258670114902536
1.4258418787699823
1.425687320310373
1.4265412373947686
1.4254887064220643
1.427960364975407
1.427816975305001
1.4278861411570893
1.4291759265602126
1.4313874290081372
1.4293635801313227
1.4288478326964478
1.4293294971580903
1.4289497694802842
1.4289952492994185
1.4284698537666922
1.4291405954481158
1.4287796408895481
1.4314042197753076
1.431904894264785
1.4312911799055656
1.4244508464346028
1.4240246263686258
1.4241773714311603
1.4238903665520328
1.4241847252218542
1.425910998292257
1.4253653228788767
1.4259564513254883
1.4243528103032905
1.4246332465135445
1.4238711369818602
1.4268681345435232
1.426181986188428
1.4261384189540558
1.4262531650449621
1.4259552592192648
1.4259298211426379
1.4257755229762603
1.426628263049873
1.4255768513969533
1.4280465133648947
1.4279026697054553
1.4279713022255007
1.429260708817744
1.4314694879008631
1.4294469724662175
1.4289327604712965
1.4294137308246482
1.4290344042048027
1.4290795540155485
1.4285542456006708
1.4292245614451267
1.4288640201845488
1.4314858597952276
1.4319861418116875
1.4313726022801296
1.424540778319933
1.4241146428149398
1.4242672665541414
1.4239800040544768
1.4242741169189104
1.4259985516982647
1.4254533143147283
1.4260435270991165
1.424441585929867
1.4252165981348293
1.424454215761543
1.4274524468229088
1.4267660611080852
1.4267225358162885
1.4268372357786663
1.426539307598436
1.426513950085569
1.4263595619560716
1.427212727584101
1.4261608821457292
1.428631389759385
1.4284876530525499
1.4285564399615462
1.4298461062946801
1.43205589853863
1.430032773193074
1.4295180784172086
1.4299992970787625
1.4296198147168062
1.429665060382848
1.4291396645586243
1.4298101781334969
1.429449480050576
1.432072387148121
1.4325728371871618
1.4319591755480852
1.4251241942771538
1.4246979840601375
1.4248506594942718
1.4245634328099679
1.4248576485825255
1.4265827954984793
1.4260373721755057
1.4266279071696266
1.425025306601817
1.4252631216380431
1.4245007642898293
1.4274988624091085
1.4268124974426573
1.4267689612057701
1.4268836761570776
1.426585739628213
1.426560363664274
1.4264059880696318
1.4272590998297456
1.4262073012555345
1.4286777360575074
1.4285339699946593
1.4286027267287942
1.4298923941419732
1.4321020660235673
1.4300789825355922
1.42956436888658
1.4300455553835358
1.4296660897660587
1.4297113168095565
1.429185916585715
1.4298564172364534
1.42949573695998
1.4321185302530466
1.4326189662481734
1.4320053037757352
1.4251706998592701
1.4247444868915484
1.4248971579475893
1.4246099108735362
1.4249041175017736
1.4266291874091126
1.4260837799982078
1.426674271757566
1.4250717422652672
1.424892996762542
1.4241303915977988
1.4271295902746943
1.4264430086968867
1.4263995034574841
1.426514187269193
1.4262162200371613
1.4261909061859102
1.4260364531630032
1.4268899366096184
1.4258377511141156
1.4283089587501188
1.4281652702838634
1.4282341512320882
1.4295240794662025
1.4317346441462724
1.4297109926049676
1.4291959773018637
1.4296773799424232
1.4292977753273146
1.429343079603564
1.4288175875707594
1.4294882730277805
1.429127453735412
1.431751200710866
1.4322517906846592
1.4316380052713404
1.4248006213986073
1.4243743309681571
1.4245270493410376
1.4242398176925957
1.424534118084636
1.4262598231199604
1.4257142456816865
1.4263050164160154
1.424701898600667
1.424711029050108
1.423948228553173
1.4269480330402617
1.4262612672202073
1.426217692634696
1.4263324940343605
1.4260343652123788
1.4260089541736447
1.4258544967124707
1.4267080771171001
1.4256556801489413
1.4281275597128087
1.427983674167587
1.4280524414456512
1.429342904282183
1.4315538102109338
1.4295295248539337
1.429014679764891
1.4294961287174737
1.4291164470408553
1.429161682312074
1.4286359538659392
1.4293068538459137
1.4289459701991243
1.4315702588856156
1.4320709882897684
1.431456946994348
1.4246185314626756
1.4241920530983072
1.4243448135677454
1.4240573680935327
1.4243517462813373
1.4260777974692513
1.425532070921066
1.4261228807881872
1.424519439232868
1.4254269854743977
1.4246646919059613
1.427662343238399
1.4269760255790604
1.426932422752742
1.4270472345512202
1.426749220056013
1.426723736765381
1.4265694164680205
1.4274223100620171
1.4263706695083647
1.4288409446397294
1.428696997205083
1.4287655897348013
1.430055395658789
1.4322646112219521
1.4302415576391647
1.4297273516145095
1.4302084049487764
1.4298289954160799
1.4298741214068693
1.4293486422814186
1.4300191384042915
1.4296585221682265
1.4322809387689013
1.432781346424002
1.432167616230911
1.4253344524948097
1.424908180165436
1.4250608420441955
1.4247734497598268
1.4250676346875635
1.426792444594284
1.4262470715102102
1.4268373784963362
1.4252350879088427
1.4273137714416795
1.4265513438866348
1.429549383105675
1.4288629376388366
1.4288192773303914
1.4289341848143013
1.4286360449523148
1.4286104795455346
1.4284561621869005
1.42930910156545
1.4282573258393865
1.430728068510808
1.4305839585889302
1.4306524507785972
1.431942658194421
1.4341520695129164
1.4321285614971486
1.4316145236964657
1.4320955956824513
1.4317161367258608
1.431761201651606
1.4312355430163486
1.43190619356937
1.431545537970713
1.434168303952426
1.4346688091583393
1.434054886636991
1.427221137833919
1.4267947231787534
1.4269474144408851
1.4266598515923135
1.426954090294713
1.4286791213115682
1.4281336443510952
1.4287239590694338
1.4271214612147185
1.4269679398928907
1.426205253225877
1.4292043450419523
1.4285176680257543
1.4284740049606317
1.4285889331853263
1.4282907096997326
1.4282651544321625
1.4281107773379798
1.428964031840661
1.4279118866213825
1.430383460891276
1.43023933526223
1.4303078779861542
1.4315984814935863
1.4338086903791931
1.4317845186425426
1.4312702434315636
1.431751494892261
1.4313719027893808
1.4314169997628035
1.4308911836158247
1.4315620532196653
1.431201269226179
1.4338249536113217
1.4343256265876199
1.433711515904823
1.4268752952624475
1.4264487520350162
1.426601494570987
1.4263138631069592
1.4266082013056232
1.4283338384756883
1.427788178078472
1.4283787167028357
1.426775656203344
1.42401730280232
1.4232540316973978
1.4262559043576333
1.4255687260632384
1.4255252025276066
1.4256399566370037
1.425341758060052
1.4253164527956228
1.4251618530127739
1.4260161229224901
1.4249629989759092
1.427436351396154
1.427292591688105
1.4273615772194868
1.4286525627779354
1.430865133941281
1.4288397543352025
1.42832418706483
1.4288060361400219
1.42842609321262
1.4284714643267975
1.4279455478631191
1.4286168045315248
1.428255660659392
1.4308817429061795
1.4313827662237517
1.4307684782132082
1.4239248801234656
1.4234982440829356
1.42365109480796
1.4233636597952202
1.423658216366311
1.4253854608015797
1.4248394101107262
1.4254307346930255
1.423826187567118
1.4236471779268187
1.4228836590053673
1.4258866322232189
1.4251992373174678
1.425155744779321
1.4252704677491195
1.4249722384690002
1.4249469953172584
1.4247923181061453
1.4256469597023629
1.4245934488344902
1.4270675740887657
1.426923891977309
1.42699300172278
1.4282842481021645
1.4304977120639861
1.4284717644045781
1.4279557954801132
1.428437860698909
1.4280577787738755
1.428103227120805
1.4275772188481635
1.4282486603228517
1.4278873774348229
1.4305144133639982
1.431015590660238
1.4304011797088136
1.4235548016628026
1.4231280881595443
1.4232809862014075
1.42299356661428
1.4232882169491743
1.4250160965124272
1.4244698757942054
1.4250614793514749
1.4234563439025179
1.423602717573816
1.4228391260113404
1.4258422691922021
1.4251548029137002
1.425111264757409
1.4252260615101144
1.4249277430863856
1.424902432889831
1.424747765994439
1.4256024022017488
1.4245488324617084
1.427023220868233
1.4268794108612803
1.4269484335968101
1.4282399483574484
1.430453462581254
1.4284272398715794
1.427911437180999
1.4283934933912075
1.428013389679898
1.428058784901768
1.4275326540228441
1.4282041898348747
1.4278428925760833
1.4304700855562993
1.430971318523804
1.4303567787979672
1.423510262276953
1.4230834520560303
1.4232363667680796
1.422948819878316
1.4232434999667722
1.4249714755977057
1.4244251962365968
1.4250167761255002
1.4234115498820683
1.4238797954428892
1.4231164016467983
1.426118710154217
1.425431418990327
1.4253878717267303
1.4255026696411757
1.4252043986178842
1.4251790632107841
1.425024448673947
1.4258788209305864
1.4248255443835167
1.4272993055793768
1.427155476687857
1.4272244355590205
1.428515687338632
1.430728549488674
1.428702811117168
1.428187247826972
1.428669152222774
1.4282891540201377
1.4283345092543447
1.4278084789836178
1.4284798558376348
1.4281186619818438
1.4307451288886284
1.4312462359652949
1.4306318208470623
1.4237873295733834
1.423360602316599
1.423513478467996
1.4232259569321204
1.4235205615454134
1.4252480560655925
1.4247019149077138
1.4252933022911718
1.4236885222197684
1.4230283948093796
1.4222643237776706
1.4252692583078472
1.4245813554893663
1.424537756175379
1.424652676267895
1.4243541209792443
1.4243287421854882
1.4241739985814248
1.4250291007387956
1.4239749031687239
1.4264508679132684
1.4263068744761938
1.4263758642506814
1.4276683086253001
1.4298830820272541
1.4278555199234209
1.4273395689097526
1.4278218830712943
1.4274415524077062
1.4274869292947676
1.4269604088904082
1.4276323912003472
1.4272708833858576
1.4298996502850179
1.4304012044971819
1.429786221561157
1.4229358241874333
1.4225087002110315
1.4226617126715715
1.4223739037303307
1.4226687702551355
1.4243977752004842
1.4238511473806508
1.4244430335431337
1.4228368498394446
1.4253915539782434
1.4246284354579477
1.427629281602414
1.4269422186706167
1.426898551011032
1.4270135138037008
1.4267151509454288
1.4266896125765416
1.4265351359231113
1.4273889156326778
1.4263361545913749
1.4288091148587214
1.4286649630510624
1.4287335899987483
1.4300248536588602
1.4322363918229877
1.430211113884866
1.4296964429900598
1.4301779935752768
1.4297981795619135
1.4298433299481321
1.4293172512816172
1.4299884859701575
1.429627487985289
1.4322527030428134
1.4327536556364207
1.4321392313512098
1.4252988909766613
1.424872133462121
1.42502496145449
1.4247372156313696
1.4250317196571403
1.4267583670825545
1.4262124009574333
1.4268033127585047
1.4251993145177195
1.4242499203183903
1.423486774338829
1.4264879822886316
1.4258009077360974
1.4257573294750163
1.4258721585290604
1.425573918208936
1.4255485206891483
1.4253939835805756
1.4262479841507139
1.4251950945249359
1.4276680828867654
1.427524176398653
1.4275930110557267
1.4288840020144027
1.431095971365969
1.4290708010477928
1.4285556394116883
1.4290373276638866
1.4286574684588818
1.4287027464603375
1.428176807998573
1.4288480000463082
1.4284869452064122
1.4311124584308093
1.4316134115288093
1.430999119351457
1.4241574080340464
1.423730758239991
1.4238835870745477
1.4235960501130605
1.4238905609625505
1.4256174203547447
1.4250714492242351
1.4256625576327224
1.4240583658843686
1.4275512915141755
1.4267883320055605
1.4297886573213383
1.429101742945412
1.4290581218228642
1.429173003919031
1.4288747580789036
1.4288492833750925
1.4286948163177908
1.4295484963748892
1.4284959173701581
1.4309683372857656
1.4308243186093248
1.4308930157221997
1.4321838789705217
1.4343951010169609
1.4323703193693995
1.431855561377476
1.4323370611463753
1.4319573133013848
1.4320025061301032
1.4314766025737782
1.432147669908036
1.4317867290922068
1.4344114809642148
1.4349123219630946
1.434298089172779
1.4274587112196686
1.427032093280214
1.4271848875111184
1.4268972918624512
1.4271917329692385
1.4289180822759033
1.4283722359392497
1.4289630967733458
1.4273593768752944
1.4262540466188125
1.425490805407348
1.4284920873989984
1.4278049115977047
1.427761220210156
1.427876226807873
1.4275777915032608
1.4275522229917037
1.427397731584284
1.4282516136407737
1.4271986999989823
1.4296720690419444
1.4295278480508142
1.4295964483382813
1.4308879782195572
1.43309980737038
1.4310741706668308
1.430559503752202
1.4310411096580289
1.4306612403694314
1.430706374875679
1.4301801824021159
1.4308515372762676
1.4304904893077413
1.4331160890252628
1.4336171253779637
1.4330025739850638
1.426161340426579
1.4257344916957848
1.4258873451145262
1.4255995127682695
1.4258940648362424
1.4276209623465677
1.427074905754421
1.427665880356651
1.42606164917037
1.425817231213807
1.4250536332242776
1.428056270718059
1.4273687712462826
1.4273250424290023
1.4274401285614813
1.4271415288382876
1.4271159218721987
1.4269613685100968
1.4278156141697245
1.4267622252983907
1.4292367619037567
1.4290924266659757
1.4291610206526195
1.430453213926712
1.4326660112689877
1.4306393939367081
1.430124574718814
1.430606383255364
1.4302263422897217
1.4302714743411318
1.4297450061491814
1.4304166873356299
1.4300554787950635
1.4326822677715327
1.4331835416097984
1.432568674114399
1.4257244528871413
1.4252973816171226
1.425450307357982
1.4251622994833841
1.4254569899455027
1.4271846666853327
1.4266383521014874
1.4272295701761382
1.4256246144750961
1.425449169488517
1.4246852760665063
1.427689051138828
1.427001284431316
1.4269575300482864
1.4270726738130033
1.4267739458943982
1.4267483155451124
1.4265937076053223
1.4274482656946277
1.4263944778939952
1.4288699776739577
1.4287255627812603
1.4287941637971906
1.4300868873535184
1.4323005073938981
1.4302730888156023
1.4297581153043546
1.4302400988113224
1.4298599138062522
1.4299050513428107
1.4293783643359974
1.430050311741937
1.4296889676211593
1.4323167535265782
1.4328182229708617
1.4322031029268076
1.4253563406227447
1.424929092421628
1.4250820777714193
1.4247939376300482
1.425088742465212
1.426817073392092
1.4262705460500595
1.4268619761965522
1.4252564124534968
1.425797110349899
1.4250350645979917
1.4280316153728136
1.4273455143248308
1.4273018805010276
1.4274167234391044
1.4271187396470648
1.4270931942437453
1.426938951374649
1.427791473282144
1.4267402196497836
1.429209721947118
1.4290656969158793
1.4291341652315073
1.4304237103345603
1.4326320330992477
1.4306095475697898
1.4300957431992258
1.430576580389889
1.430197309854824
1.4302423586128623
1.4297169712963742
1.4303872826129644
1.4300268053927951
1.4326482683110824
1.4331485219875162
1.4325349147353057
1.4257045309554728
1.4252783360888273
1.4254309506507477
1.4251435429407675
1.4254376341047004
1.427161808883436
1.426616605826731
1.4272066338378864
1.4256049315734434
1.4251255681162298
1.4243614519027625
1.4273661945906138
1.4266782320201175
1.4266344976894823
1.4267496253035306
1.4264508583331232
1.4264252716454535
1.4262705988122542
1.4271254747201452
1.4260713468623816
1.4285475466646922
1.4284031800125743
1.428471875067733
1.4297648605250413
1.4319792530015407
1.429951308227496
1.4294360141890101
1.429918181674983
1.4295378744167606
1.4295830705635257
1.429056287348133
1.4297284066362206
1.4293669413059955
1.431995567089323
1.4324971764683594
1.4318819326500627
1.425032767744198
1.4246054393296477
1.424758467618185
1.424470322512676
1.424765211967323
1.4264941010135725
1.4259474195562405
1.4265390854429412
1.4249330044523465
1.4257554432407282
1.4249910792107319
1.4279969224561995
1.4273087432743474
1.4272650399411961
1.4273801364156464
1.4270813387420713
1.42705581416709
1.4269010639056254
1.4277563115000185
1.426701796720963
1.429178769357304
1.4290344803017792
1.4291032995710262
1.430396545849271
1.4326118311242462
1.4305833182968708
1.4300676226042939
1.43055000623387
1.4301695599780169
1.4302148333575335
1.4296879583331776
1.4303602624275475
1.429998658081427
1.432628237547142
1.4331300009048458
1.432514634145668
1.4256626892835353
1.425235283406257
1.4253883590116339
1.425100229331736
1.4253952125501868
1.4271247367244213
1.4265778852397197
1.427169830101391
1.4255631607877468
1.423454072044943
1.4226895215440007
1.4256962474234927
1.4250079080650324
1.4249642475933486
1.4250792910256762
1.4247804988721033
1.424755051481145
1.424600231168411
1.425455799275843
1.4244009738757404
1.426878514958304
1.4267343380911066
1.4268032949045535
1.4280966688931513
1.4303127014732546
1.428283799975264
1.4277677006385063
1.4282502727513822
1.4278697151355135
1.4279150736877675
1.4273881637579726
1.4280605925658199
1.4276988741956327
1.4303292150137366
1.4308310904705603
1.4302156643243467
1.4233613860979133
1.4229339483660335
1.4230870585750641
1.4227989875823457
1.4230940405434984
1.4248240748032621
1.4242770985247053
1.4248692909607672
1.4232621497968212
1.4259707331367235
1.4252058008326434
1.4282140151563545
1.4275253313790384
1.4274816444227125
1.4275967524008724
1.427297804177353
1.4272723367829347
1.427117441980662
1.427973427559149
1.4269180800653434
1.429396861521994
1.4292525997641585
1.429321580451643
1.4306156167530126
1.4328327378869234
1.430802813902623
1.4302864811357459
1.4307692880439433
1.4303885420065514
1.4304339167265117
1.429906735477947
1.430579503522225
1.4302176067735501
1.4328492506550805
1.4333513776413833
1.4327356362260324
1.4258779929763596
1.4254503354559596
1.4256035223652017
1.425315296233892
1.4256104967335108
1.4273413872313945
1.4267941370490689
1.4273866161923148
1.4257786794380969
1.4246047345616446
1.4238394592091328
1.426848848132307
1.426159846494876
1.4261160774095667
1.4262313317918014
1.4259321578806265
1.4259065816071264
1.425751655077743
1.4266078938290825
1.4255521353979714
1.4280320703697855
1.4278875717055246
1.4279564422374922
1.429251278282397
1.4314691520140406
1.4294381935910367
1.4289219538915439
1.4294048945969737
1.4290239994783576
1.429069307935862
1.428541780866535
1.4292148965435123
1.428852867650312
1.4314855517073533
1.4319879159270248
1.4313717923552443
1.4245118469082296
1.424083912988363
1.4242371717986289
1.4239486657081608
1.4242440011900661
1.4259755649340657
1.425428059262735
1.4260206835746934
1.4244121190594985
1.424411674842151
1.4236470040842335
1.4266539369476594
1.4259654755920683
1.4259217129390065
1.426036918926077
1.4257379401366512
1.4257123402049952
1.425557553058559
1.4264130565202582
1.4253581602399816
1.4278361548153606
1.427691692801159
1.4277604454198602
1.4290543572510122
1.4312703699927278
1.4292409602517842
1.4287252745096484
1.429207796440751
1.4288272119968117
1.4288724456764015
1.4283452861344244
1.429017890692823
1.4286561613875572
1.4312867025032643
1.4317886752587032
1.4311729907303035
1.4243188129083295
1.4238911789904156
1.4240443181617244
1.423755972173986
1.4240510754979423
1.4257812248844521
1.4252341472321894
1.4258262490967564
1.4242189974193724
