1.3983310476155426
1.3982862671771152
1.4061746491414642
1.4057475353124536
1.4039614810584335
1.4039614810584335
1.4039670718013024
1.404139356953191
1.4035849300867445
1.403808401698961
1.4033634919433295
1.40470309375365
1.4061682083886498
1.4058433294435282
1.4063774794145203
1.3998084617595161
1.4018514844736982
1.4015142005462564
1.4015154653641637
1.399326675452088
1.3999151495039606
1.399651246014296
1.3986103033579504
1.398717856748276
1.3995559386475478
1.4032062488908867
1.403589608991483
1.4035266562108197
1.4038591055146574
1.4034077722821123
1.4035606751279712
1.396162363873842
1.3980499694527024
1.3982694527442225
1.3982507896542253
1.3975915008084068
1.3969588246794564
1.39582093324886
1.3962449240517723
1.3956608254595646
1.3957713860610397
1.3957070736050725
1.3952636955248083
1.3961895378047637
1.3959647399903752
1.3950205409268268
1.3978799631446266
1.3982672576388215
1.3983067263561848
1.3976606762147756
1.3976546401228995
1.3995366817169417
1.3994918842456316
1.4073863221538423
1.4069588607483174
1.4051714261285762
1.4051714261285762
1.4051770359472928
1.4053494442254348
1.404794605569761
1.4050182402311742
1.4045730218227852
1.405913613880464
1.4073798814134748
1.4070547376160256
1.407589294846266
1.401015247783335
1.4030598244265842
1.402722307873971
1.4027235995428706
1.4005331229791722
1.4011220206326556
1.40085791940248
1.3998161959457627
1.3999238491888042
1.400762568514605
1.4044156729968824
1.404799312768403
1.4047363041944627
1.4050690063669111
1.4046173546592842
1.4047703638847728
1.397366350301492
1.3992554057305207
1.3994750439472512
1.3994563907166835
1.398796610428099
1.3981634581730515
1.3970246560411008
1.397448984391954
1.3968644334538427
1.3969750851988099
1.396910738920875
1.396467019613716
1.3973935780991227
1.397168604350798
1.3962236890545998
1.3990852942158303
1.3994728712686129
1.3995123870393888
1.3988658525315725
1.3988598198742908
1.3991090533796267
1.399064280325512
1.406962015139157
1.4065343262863474
1.4047461223063193
1.4047461223063193
1.40475177122499
1.404924228785573
1.4043691928430087
1.4045928997388493
1.4041475772120104
1.4054886342289883
1.406955584033728
1.4066302660563466
1.4071650395440902
1.4005882809515788
1.4026336753872994
1.4022960832923748
1.40229743984641
1.400106032802733
1.4006951063485988
1.4004309069051928
1.399388793988101
1.3994965351619342
1.400335589907536
1.403990199825666
1.4043739634240744
1.404310909978018
1.4046437452417686
1.4041919745684557
1.4043450203335701
1.3969378584307401
1.3988277045830375
1.3990474007791418
1.3990287998953548
1.3983687806057308
1.3977353877550844
1.3965960176972336
1.3970205532138598
1.3964357483797312
1.3965464619138734
1.3964821274279626
1.396038220715381
1.3969651796604723
1.3967401036144016
1.395794815163191
1.3986575849491436
1.3990452871429664
1.399084861069926
1.3984380854174552
1.3984320703016635
1.3993610287018514
1.39931606977855
1.4072040267548571
1.4067771411779082
1.404991279142541
1.404991279142541
1.4049967154005598
1.4051690865704796
1.404614545164638
1.404838093499296
1.4043928645259207
1.4057327922541591
1.4071975346509709
1.4068728342505594
1.407406984749403
1.4008381785963704
1.4028812425497243
1.402543702409962
1.4025446972516245
1.4003560910531676
1.4009448272168992
1.4006808872663465
1.3996398094642797
1.3997471768064131
1.4005852758419108
1.4042354741043601
1.4046189661958401
1.404556094652181
1.4048885505968047
1.4044369495018496
1.4045899588786588
1.3971922820628615
1.3990797783597628
1.3992993913827207
1.3992804770449427
1.3986210704501658
1.3979883284737997
1.3968508856608326
1.3972747279654567
1.396690701838615
1.3968011911377138
1.3967367199620442
1.396293374567837
1.3972191103115827
1.3969943596056877
1.3960501213763639
1.3989095172687005
1.399296944926679
1.3993362367957327
1.398690100387658
1.3986839804725206
1.3996739181138578
1.3996290452168034
1.4075223509515176
1.4070950437151
1.4053079088731633
1.4053079088731633
1.4053134481241571
1.4054858747967105
1.4049310503721182
1.4051546931231622
1.4047093832840039
1.4060499632046217
1.4075158877431113
1.407190863442149
1.4077253572690667
1.401152188583237
1.403196540467207
1.402858948169387
1.4028601175282118
1.4006699848785376
1.4012589310182078
1.4009948447333482
1.399953184150436
1.4000607403954066
1.4008993676204113
1.404551986511215
1.4049356403301656
1.4048726760151142
1.4052053415821857
1.4047536224464858
1.4049066616574486
1.3975038166298674
1.3993925977089503
1.399612268476121
1.3995935037841134
1.3989337487682922
1.3983006420997026
1.3971621785350512
1.3975863891760374
1.3970019406205714
1.3971125469295782
1.3970481364964555
1.3966044848061494
1.3975308847748622
1.3973059591261812
1.3963611386063073
1.3992223911652368
1.3996099823273955
1.3996494133749402
1.3990029168077092
1.398996846941095
1.3998875001316626
1.3998425422503924
1.4077341215051193
1.4073070152888623
1.4055203216476815
1.4055203216476815
1.4055257788872886
1.405698217787294
1.405143439040311
1.4053670793902766
1.404921687105436
1.4062621824231731
1.407727632618066
1.407402763802541
1.4079371560785718
1.401365350495709
1.403409334516999
1.4030716722693115
1.4030726999272656
1.4008830807973063
1.4014720520925033
1.4012079970123275
1.400166464056648
1.4002739023143438
1.4011123787508286
1.404764243091453
1.4051478929881143
1.4050849832398842
1.4054175889101963
1.404965815462062
1.4051188813435924
1.397717779117465
1.399606143093026
1.399825839994613
1.3998069472138577
1.3991472561842488
1.3985142356234757
1.3973762240429775
1.3978002760478345
1.3972159768115273
1.3973265246834732
1.3972620433459917
1.396818493305437
1.3977446609546822
1.3975198028437323
1.3965751417991328
1.399435835459473
1.3998234225638766
1.3998627534239134
1.3992163348149513
1.3992102221780582
1.3980917646416982
1.3980466908365403
1.405959522334266
1.4055312600672116
1.4037397520779056
1.4037397520779056
1.403745228402589
1.4039181289728089
1.4033618603015556
1.403586100394759
1.4031395184243243
1.4044836124023943
1.4059530174439565
1.405627269163868
1.4061630997390757
1.3995736001538375
1.4016230843743844
1.4012845206027134
1.401285558710659
1.3990900410026599
1.3996805900510012
1.3994158253056157
1.3983714929155884
1.398479225638127
1.3993199583421128
1.4029816548449618
1.4033663335767255
1.4033032521950504
1.4036367528828892
1.403183771112617
1.40333724593814
1.3959162056241736
1.397809655232527
1.3980299397548392
1.3980110032752622
1.3973495400418372
1.396714817583465
1.3955737302818192
1.3959989278471283
1.395413053909775
1.3955239013501837
1.3954592509789723
1.3950145061953416
1.3959431696525189
1.395717704996262
1.394770502515812
1.3976388964684348
1.3980275229715329
1.398066964723838
1.3974188087376673
1.397412682034417
1.39729876833446
1.397253776387426
1.405157467529876
1.4047296661605897
1.4029402117879664
1.4029402117879664
1.4029457071792717
1.4031183923317823
1.4025627900063442
1.4027867564547027
1.4023407468643478
1.4036832226768015
1.405150978667717
1.4048255801475347
1.4053607869420641
1.398778922543348
1.4008260144227698
1.400487886924742
1.400488968284681
1.398295975851475
1.3988857943498936
1.3986213437886943
1.3975782492322726
1.3976858871953997
1.398525638484943
1.402183091303445
1.4025673005419546
1.4025042792071711
1.4028373906147042
1.4023849802164052
1.4025382588571964
1.3951257519727656
1.3970170156486619
1.3972370224006705
1.3972181493387739
1.3965574754236332
1.3959235026106653
1.3947836696274591
1.3952083967281983
1.3946231928000834
1.3947339229590123
1.394669373977596
1.394225141483254
1.3951527415434009
1.3949275315645788
1.3939814380546796
1.3968464976018808
1.3972346498234596
1.3972740747903227
1.3966266874485458
1.3966205816808415
1.3980238312389217
1.3979788445921386
1.4058846440270443
1.4054567089125773
1.4036667680255714
1.4036667680255714
1.4036722796295025
1.403845001730536
1.403289265011263
1.40351328271263
1.4030671869739986
1.404409982814112
1.4058781583786057
1.4055526576563915
1.4060880044132964
1.399504397936732
1.4015520214018231
1.4012138299521624
1.4012149374156455
1.3990213537138425
1.399611301443324
1.3993467851876293
1.3983034306776874
1.3984111145931983
1.3992510839270962
1.402909504264039
1.4032938013899987
1.4032307557989636
1.4035639537150324
1.4031114505823243
1.4032647591329293
1.3958502524204568
1.3977420213124707
1.3979620732118059
1.3979432192420744
1.397282383752793
1.396648251386942
1.3955080773115436
1.395932929725531
1.395347565774426
1.395458331720329
1.3953937810325927
1.3949494291986266
1.3958772821129102
1.395652008712517
1.3947056714455048
1.3975714830248527
1.3979597240532091
1.3979991762477022
1.3973516277966394
1.397345528448531
1.3978861305402999
1.3978410737680238
1.4057478493218871
1.4053199346313479
1.4035298070077633
1.4035298070077633
1.4035352642565975
1.403708041700565
1.403152184818539
1.4033762618625456
1.4029299885448687
1.4042730922755806
1.4057413444191311
1.4054158609913714
1.4059512843073299
1.3993668141300184
1.401414744421499
1.4010764132749987
1.4010774245319513
1.398883593475576
1.399473718922306
1.3992091519174321
1.3981656003277758
1.3982732331975987
1.3991133284750559
1.402772230738966
1.4031566297998053
1.403093604211407
1.4034268520306352
1.4029741887354452
1.4031275571813373
1.3957122191965234
1.3976042189547093
1.3978243485518107
1.3978054022128046
1.397144430422145
1.39651018408987
1.3953700074895783
1.3957948675069467
1.395209445915497
1.3953202022124138
1.39525558566317
1.394811182106433
1.3957391293581598
1.3955138406358387
1.3945673543880388
1.397433565397231
1.3978219093417414
1.3978613040406336
1.3972136324208702
1.397207502283025
1.398519392979013
1.3984742947566602
1.406383829348951
1.4059557945291816
1.4041650559001624
1.4041650559001624
1.404170493124892
1.4043433444126712
1.403787273028308
1.4040114408870836
1.4035649630350995
1.4049085920538702
1.4063773148237033
1.4060517407235473
1.4065873550412513
1.4000005669855935
1.4020492334136687
1.4017107451843096
1.4017117184071197
1.399517131179099
1.400107504335058
1.3998428378029026
1.3987988948732497
1.3989065396649971
1.3997469369491815
1.4034071280161777
1.4037916829210535
1.4037286464114953
1.4040620140080318
1.403609151203445
1.4037625894893424
1.3963446974949256
1.3982373563800101
1.3984575829229486
1.398438594096591
1.3977773698642055
1.397142888001432
1.3960023686256862
1.3964273590252227
1.395841738983887
1.3959525246351199
1.3958878624718845
1.3954433050936772
1.3963715680911695
1.3961462057326584
1.3951993764072201
1.3980666057351212
1.3984551070971796
1.3984944906933008
1.3978465758517846
1.397840431607044
1.3988636330686914
1.3988185412787177
1.406717803342237
1.4062903835893432
1.4045019983548106
1.4045019983548106
1.404507384078439
1.40468003834292
1.4041246475354543
1.4043485498390158
1.4039025529363416
1.4052445516524348
1.4067112823771004
1.406386177533338
1.4069211046670405
1.4003428301750056
1.4023888795026778
1.4020507518017542
1.4020516459664827
1.3998599279272799
1.4004496190195026
1.4001852816168494
1.399142639394608
1.3992500924288733
1.4000894161978186
1.403744877988994
1.4041289774480459
1.4040660452442675
1.4043989869551219
1.4039466280944357
1.404099900181075
1.3966917101718934
1.3985819087745752
1.3988018900976502
1.3987828532275328
1.3981224435861948
1.3974887569552834
1.3963498304652766
1.3967742326903763
1.396189385040924
1.3963000079747176
1.3962353830460899
1.3957914055740228
1.3967184466577907
1.3964933870763583
1.3955477614977956
1.3984113038179744
1.3987993450078888
1.398838627095337
1.3981915188387997
1.398185358320273
1.3984814406625454
1.3984362511136936
1.4063383286551225
1.4059108492400028
1.4041218699319356
1.4041218699319356
1.4041271879510637
1.4042999467876867
1.4037442928159096
1.4039683150052895
1.4035220041673655
1.4048646609660964
1.4063317820206742
1.4060066340231023
1.4065417650503549
1.399961081605342
1.4020079285171336
1.4016695563974644
1.4016703289995673
1.399477859491361
1.4000678934403192
1.3998034389369665
1.3987603387416787
1.398867748678206
1.3997073997285283
1.403364202648729
1.4037485079386849
1.40368558845677
1.4040186599223223
1.40356600789289
1.4037193864348205
1.3963086624802283
1.3981995313670141
1.3984196550184136
1.3984004974541209
1.397739783216921
1.3971058255992523
1.3959666680673835
1.39639116481731
1.395806127227588
1.39591676008194
1.3958520388824767
1.3954079071399914
1.3963352530583797
1.3961101290642264
1.3951641257864504
1.3980287464156131
1.3984169954667132
1.3984562126567137
1.3978088190836397
1.3978026183707797
1.39742712821156
1.397381837687641
1.4052918669713652
1.404864020360582
1.4030732702817366
1.4030732702817366
1.4030785463469153
1.4032515082673287
1.4026952508427921
1.4029195256955977
1.4024726604477682
1.403816790480476
1.4052852978875492
1.4049598721079717
1.405495550620775
1.3989082014409728
1.4009571544870854
1.4006183576844533
1.4006190482529701
1.3984243926813535
1.3990151105189141
1.3987503743501097
1.397706165828071
1.397813628545601
1.3986541436349205
1.4023146523220558
1.4026993911658279
1.4026364322528864
1.4029698464159783
1.4025166492458494
1.4026702173426993
1.3952521084500795
1.397144877762171
1.3973652663518268
1.3973460121152381
1.3966845859866526
1.3960499597662959
1.3949097747496955
1.3953346601116665
1.3947490463857342
1.3948597705193633
1.3947949344317618
1.3943503584657873
1.3952786201756586
1.3950532803802447
1.394106297529818
1.3969738399718261
1.3973625269701833
1.397401730017072
1.3967536478349722
1.3967474150646717
1.398191048722147
1.3981458081647462
1.4060500504381124
1.4056224977448153
1.4038330488542656
1.4038330488542656
1.4038383354056252
1.4040111619191002
1.4034553248915145
1.4036794274049536
1.4032329210178092
1.4045760306387791
1.4060434909705641
1.4057182882895465
1.4062535721709803
1.3996710555734877
1.4017184955184723
1.4013799721112843
1.401380687288448
1.3991876312142877
1.3997778895418147
1.3995133517705476
1.398469924988691
1.3985773258579381
1.3994172202272657
1.403075042991846
1.4034594861561192
1.4033965660609766
1.4037297340124548
1.4032768955892634
1.4034303406562934
1.396017636937852
1.3979090221979609
1.3981292363791742
1.398110019700222
1.397449091734745
1.3968149391079363
1.395675552217467
1.396100138423299
1.3955149493202053
1.3956255985277721
1.3955608249651457
1.3951165734340891
1.3960441612954693
1.3958189831032133
1.3948727014467495
1.3977381340983328
1.3981265223998494
1.3981657130228022
1.3975181162456594
1.3975118958649568
1.3989311021697626
1.3988857776701766
1.406791915741977
1.4063643434295305
1.4045745041339242
1.4045745041339242
1.404579729655485
1.4047526361264981
1.4041966074353798
1.4044207995630484
1.4039740474187559
1.4053176400263443
1.4067853338126133
1.4064601182019185
1.4069955423096547
1.4004113893852992
1.4024593815355382
1.4021206660705576
1.4021212723631433
1.3999277168771953
1.4005182354917143
1.4002536137955075
1.3992098594872706
1.3993172132848053
1.4001573342666
1.4038160685591765
1.4042006656063417
1.40413776187345
1.4044710196538563
1.4040179545650509
1.4041714828073701
1.396757096480053
1.3986489323152995
1.3988692565095582
1.398849933298881
1.3981887848847843
1.3975544397813846
1.3964149361075378
1.3968395733774737
1.396254260484073
1.3963649098274253
1.396300055198628
1.395855700670977
1.3967834881183885
1.3965582700588084
1.395611725062344
1.3984778965833418
1.3988664402735278
1.3989055696999562
1.398257768680195
1.3982515128074573
1.3981755938772868
1.3981302970110858
1.4060345957239349
1.4056071034976412
1.4038176715389916
1.4038176715389916
1.4038229104099553
1.403995767651761
1.4034398819622005
1.4036640135466896
1.4032173977586022
1.4045606401741513
1.4060280202095654
1.4057028650471346
1.4062381618203736
1.3996555541482492
1.4017030555407584
1.4013644447976839
1.4013650764463645
1.3991720250748467
1.3997623785498798
1.3994978232051944
1.398454329790288
1.3985616756398729
1.3994015952838497
1.4030594703743688
1.4034439635255096
1.403381067073391
1.4037142450022586
1.403261312919718
1.4034147946020332
1.3960021109477851
1.3978935073650993
1.3981137669287997
1.3980944720430235
1.3974334919234108
1.3967993038403435
1.3956600286834664
1.3960845790319563
1.3954993984384796
1.3956100282122883
1.3955452039928185
1.3951009520128144
1.3960285289630492
1.395803359994262
1.394857043716223
1.3977225363580814
1.398110975103236
1.3981501119315114
1.3975024730595855
1.3974962265914448
1.3985202982686706
1.3984751533860862
1.4063693356247016
1.405942283872249
1.4041550922668598
1.4041550922668598
1.4041604045595426
1.404332991040705
1.403777891859713
1.404001690456718
1.403555824627756
1.4048971409870894
1.4063627953928006
1.4060379726958205
1.406572569129328
1.399998460344473
1.4020432625694677
1.4017052277968751
1.4017059989040808
1.3995157201619286
1.4001051653697894
1.399840974958469
1.398798916456884
1.398906218592745
1.3997450308787203
1.4033981803579247
1.4037821020809322
1.4037192456730678
1.4040519844184707
1.4035997838703849
1.4037530094726818
1.39634969052031
1.3982386701389957
1.398458574234626
1.3984394351358047
1.3977793806358543
1.3971460561646158
1.3960080378510706
1.3964321101316102
1.3958476571877165
1.395958179329032
1.3958935223608648
1.3954498343929205
1.396376253608681
1.396151354639257
1.3952062963125567
1.398068055119149
1.3984559166666297
1.3984950942050642
1.3978483471462329
1.3978421524033757
1.3994284978029226
1.3993833061700094
1.4072781391545974
1.4068511010180962
1.4050637849216547
1.4050637849216547
1.405069060977606
1.4052416843540576
1.404686505064564
1.4049103432233285
1.4044643590083357
1.4058058806280684
1.407271586086484
1.4069467749191409
1.4074814223920173
1.4009067378066635
1.4029517445825852
1.4026136166787664
1.4026143236482849
1.400423880003084
1.401013443689111
1.4007492194450046
1.399707029556943
1.399814297662346
1.4006531939106934
1.4043066646745426
1.4046906543541366
1.4046278112813637
1.4049605832955394
1.4045082759724656
1.404661541504954
1.3972576683710214
1.3991468019004878
1.3993667577946292
1.3993475571162912
1.3986874117487562
1.3980540112999014
1.3969159913030942
1.397340068652554
1.3967555772817644
1.3968660929904224
1.3968013921145832
1.3963576696647912
1.3972841517721806
1.397059242588138
1.396114084940912
1.3989761100340679
1.3993640401923182
1.3994031794003519
1.3987563502290534
1.398750134959705
1.4005048434238108
1.400459642232426
1.4083538809105243
1.4079268896250745
1.4061397149515853
1.4061397149515853
1.4061449795638732
1.4063175967733654
1.4057624489303997
1.4059862765984548
1.4055403013685486
1.4068817505224618
1.4083473246318017
1.4080225494534087
1.4085571587787211
1.401982958919234
1.4040278225917537
1.4036897004832747
1.4036903880619978
1.401500114022487
1.4020896543778545
1.4018254463931152
1.400783321258481
1.40089056837468
1.4017294059353045
1.4053826077404479
1.4057665794503225
1.4057037466854823
1.4060364954082747
1.4055842012008393
1.4057374634184217
1.3983341645302427
1.4002231553061337
1.4004431047842516
1.4004238874786057
1.3997637808245196
1.399130420897023
1.3979925143170695
1.3984165507402673
1.3978321063059915
1.3979426090135485
1.3978779013885372
1.3974342129716455
1.3983606212762607
1.3981357315303056
1.3971906385820296
1.400052457378897
1.4004403693700163
1.400479493113773
1.399832703960159
1.3998264831298635
1.3988631687669861
1.398817931425775
1.4067170374347553
1.406289792274896
1.4045015200815896
1.4045015200815896
1.4045067808823983
1.404679508884225
1.4041240121450873
1.4043479818809197
1.4039017159684306
1.4052440104380617
1.406710474747263
1.4063855066944415
1.4069204469838752
1.400342187168194
1.4023883185629766
1.4020499754200064
1.40205065106813
1.399859029588378
1.4004489468840366
1.4001845736775211
1.3991417972493698
1.3992491022398765
1.400088459851584
1.403743917978254
1.4041281334196152
1.4040652654773627
1.4043982204859993
1.4039456340347585
1.4040989960021595
1.396691143276336
1.3985812983952433
1.3988013899665248
1.3987821492656929
1.3981216285957399
1.3974878735848617
1.396349283137262
1.396773575255876
1.3961887723487236
1.396299340197571
1.3962345852522486
1.395790623674262
1.3967176005787798
1.3964925737750635
1.3955468939920372
1.3984104831397595
1.3987986413552043
1.3988377812238202
1.398190587739167
1.3981843592215717
1.3990922056296506
1.3990469396130238
1.4069442627025353
1.4065171580958324
1.4047293101713823
1.4047293101713823
1.4047345366411994
1.4049072461421481
1.404351843742594
1.4045757820062974
1.4041295430490697
1.4054716201212407
1.4069376903832158
1.4066128302972454
1.407147656143987
1.400570850505905
1.4026165525904826
1.4022782268335314
1.402278844309267
1.4000877316465883
1.4006775789502675
1.4004132545218537
1.3993706723539845
1.3994779143768787
1.4003170959254172
1.4039717471759687
1.4043559087081736
1.4042930716897184
1.4046259568242059
1.4041734097198797
1.4043267617425628
1.3969206317540008
1.398810358612181
1.3990304309353914
1.3990111403526362
1.3983507358230314
1.3977171023762276
1.3965788521791893
1.3970030215190157
1.396418359421405
1.3965288882669495
1.3964641130741111
1.3960202535948245
1.39694700909102
1.396722040601566
1.395776554915389
1.3986395251742472
1.3990276288882986
1.3990667223640845
1.3984196489324834
1.3984134037320468
1.4010851630029018
1.4010399182773776
1.4089296714370625
1.408503001301002
1.4067168788337037
1.4067168788337037
1.40672208145871
1.4068946370518425
1.4063397493888228
1.4065634838410308
1.4061176306997494
1.407458469962723
1.408923099102184
1.4085985700816237
1.4091328868543047
1.402562367976131
1.4046061276493753
1.4042680926738873
1.4042686765858832
1.4020796722377327
1.4026689900393983
1.402404912786624
1.4013633066192188
1.4014704238262181
1.4023088085915953
1.4059599670434737
1.4063437789870228
1.406281011710164
1.406613580758888
1.4061614317484148
1.4063146507965603
1.3989156487194374
1.4008035632649085
1.4010234419316052
1.4010041390245629
1.4003443487984153
1.399711310509234
1.3985741986888878
1.3989979460937878
1.3984138494285572
1.3985242643447366
1.398459531429358
1.398016098483689
1.3989419587230707
1.3987172101510366
1.3977726197556728
1.4006328613352421
1.401020611851059
1.4010596465100784
1.4004131785364866
1.4004069290428072
1.400657534665587
1.4006123143572582
1.4085053644223773
1.4080784668390323
1.406291575011447
1.406291575011447
1.406296816736407
1.4064694216119806
1.4059143366620706
1.4061381433487068
1.4056921860889746
1.4070334903112476
1.4084988017224374
1.4081740985219444
1.408708631552129
1.4021354011443745
1.4041799786100908
1.403841868092291
1.4038425168894224
1.4016525820612937
1.4022420757553415
1.4019779002893373
1.4009359046615575
1.401043109799348
1.4018818299845264
1.405534493872258
1.405918429642695
1.4058556174937193
1.4061883196337455
1.4057360516575865
1.4058893072453575
1.3984871568486859
1.4003758621174254
1.400595798763496
1.4005765482032346
1.3999165189760474
1.399283240091267
1.398145560345021
1.3985695149156936
1.3979851643544454
1.3980956410598007
1.3980309199364458
1.3975872995853535
1.3985135602844203
1.3982887094146401
1.3973437458642641
1.4002051520685554
1.4005930277254126
1.4006321205406156
1.3999854114223698
1.3999791794701801
1.3997338802864754
1.3996886504196744
1.407581106178304
1.4071542554460108
1.405367505041378
1.405367505041378
1.405372735322674
1.4055453340312885
1.4049902805279062
1.4052140767238321
1.4047681284491875
1.4061093602056405
1.4075745402677549
1.4072498730562122
1.407784367938833
1.401211622256945
1.4032560566192596
1.4029179518967996
1.4029185813031348
1.4007288160806972
1.4013182864440852
1.4010541272374484
1.4000121963630958
1.4001193805116823
1.4009580420091376
1.404610436938163
1.4049943547388812
1.4049315528978379
1.405264231746481
1.4048119768859606
1.404965229158825
1.3975636530079074
1.3994522155230713
1.399672145753118
1.399652878565549
1.398992888051811
1.3983596496883888
1.397222083358997
1.3976459970034072
1.3970616933786726
1.3971721570829272
1.3971074292104002
1.3966638428922076
1.3975900297885004
1.3973651983568076
1.3964202995053814
1.3992814994133846
1.3996693569031107
1.3997084342540371
1.3990617651534751
1.3990555276403382
1.397985414620748
1.3979401910962295
1.4058383774257341
1.4054111723089515
1.4036231037841234
1.4036231037841234
1.4036283712596336
1.4038010746468563
1.4032456494084973
1.4034695888727402
1.4030233911383534
1.404365510511965
1.4058318179457385
1.4055068801170492
1.406041756739235
1.3994642695496688
1.4015101555655864
1.4011718647835694
1.4011725531097405
1.398981183687204
1.3995710184131194
1.399306678382364
1.3982640324008784
1.39837133341741
1.3992105903602083
1.4028656188858497
1.4032497823791985
1.4031869180773333
1.4035198331602006
1.4030673132120919
1.403220651899491
1.395813650510202
1.3977035859201428
1.3979236451761452
1.3979044186377636
1.3972439821150526
1.396610305614341
1.3954718294252262
1.395896078083117
1.3953113413259266
1.3954218993900018
1.3953571596493433
1.394913249345181
1.39584012100111
1.3956151187427905
1.394669553318977
1.3975328030271292
1.3979209087700581
1.3979600523395974
1.3973129399288622
1.3973067161135653
1.3979390500861686
1.397893657635249
1.4057920132832005
1.405364989567428
1.4035769718382993
1.4035769718382993
1.403582096272625
1.4037548918448375
1.4031993206205557
1.4034233472979492
1.402976821360732
1.4043193391180815
1.4057854056627423
1.4054606103898126
1.4059955256874141
1.3994177652739526
1.4014638356324443
1.4011252828427672
1.4011257205834893
1.3989343652688802
1.3995244854373146
1.399260092686303
1.39821724680567
1.3983243827632135
1.39916371552996
1.4028189010334187
1.4032032144873705
1.4031404211145766
1.4034733661296126
1.403020565203455
1.4031740137367112
1.39576707254
1.3976570414215574
1.3978772368250214
1.3978577756661672
1.3971971826810485
1.3965633998115625
1.3954252588232232
1.3958493999090889
1.3952646886807503
1.3953751884435501
1.395310296732361
1.3948663850813559
1.395793224003849
1.395568249415936
1.3946225801273964
1.3974860098063737
1.3978742668802175
1.397913249065725
1.3972660103706398
1.3972597082930283
1.3985948099964902
1.398549411113191
1.4064580392899149
1.4060304005072666
1.4042400293836517
1.4042400293836517
1.4042452053190781
1.4044181979145882
1.4038619461134099
1.404086238346017
1.4036392314594899
1.4049833795195164
1.4064514381093454
1.4061261735800226
1.4066617760616247
1.4000755020845401
1.4021241895434355
1.4017852762253231
1.4017857930241262
1.3995915685206997
1.4001823707528702
1.3999176488723564
1.398873502284312
1.3989808299993378
1.399821236281324
1.4034811510606027
1.4038659199603787
1.4038030222818045
1.4041363931825228
1.4036830883124651
1.403836703044979
1.3964200598630323
1.3983124890269925
1.3985329296503204
1.3985135165352256
1.3978521089590596
1.3972175308577113
1.3960777969836329
1.396502526243935
1.3959170426237135
1.3960277051039525
1.395962776158156
1.3955182846010104
1.3964463454372278
1.3962210680722358
1.3952741950368213
1.3981413117235209
1.3985300289695082
1.3985691126636888
1.3979210673836246
1.3979147815797988
1.4033623982932144
1.4033175382609184
1.4111902989380896
1.4107642218354226
1.408981793782459
1.408981793782459
1.4089872300312505
1.4091592626572087
1.40860579938641
1.4088289110270267
1.4083845630864886
1.4097218824017517
1.4111838228499054
1.4108597370617288
1.4113928565206453
1.404836714962061
1.4068758326452242
1.4065389614042747
1.4065399726469392
1.4043555783748982
1.404943160387096
1.4046797323612412
1.4036406731931519
1.4037478459231585
1.4045843261176838
1.4082274864568471
1.4086102293841496
1.4085474736806585
1.4088792874763656
1.4084285762284654
1.4085812830409137
1.4011978419838031
1.4030817024980802
1.4033008828255233
1.403282022045996
1.4026238962122697
1.401992380007405
1.4008571022142313
1.4012801365063443
1.4006972327346454
1.4008075136087728
1.4007431776448658
1.400300685766841
1.401224641908105
1.4010003218135814
1.4000579087874576
1.4029117873309422
1.403298458148814
1.4033376861790128
1.4026928027817396
1.4026867003675538
1.4028359268634032
1.4027910657890765
1.4106602041878267
1.4102343477244699
1.4084527512773186
1.4084527512773186
1.4084581665445217
1.4086301314403944
1.4080769055107374
1.408299925136046
1.4078557405069734
1.4091924922327375
1.4106537248828106
1.4103298075097488
1.410862685191476
1.4043095430627217
1.40634774067795
1.4060109915449257
1.4060119699712974
1.4038285886307595
1.4044159355114922
1.4041526226152607
1.4031140186007838
1.403221120415229
1.4040572232087667
1.4076987174697542
1.4080813025918755
1.4080185850929547
1.4083502491629738
1.4078997102682536
1.4080523605759803
1.4006723449291996
1.402555337764817
1.4027744342136315
1.4027555518770816
1.4020977104781873
1.4014664728577295
1.4003317638320867
1.4007545884239667
1.400171957761733
1.4002821800630145
1.4002178542609194
1.3997755670292404
1.4006990912650052
1.4004748785755374
1.3995328883646883
1.4023854691401694
1.4027719805116163
1.4028111695508316
1.4021665683544462
1.4021604586620164
1.4037591169408097
1.4037141198737175
1.4115836965244188
1.4111579678030437
1.4093763429741666
1.4093763429741666
1.4093816447622143
1.4095536895623912
1.4090003262545345
1.4092234238028236
1.408778961178849
1.4101160811239715
1.411577178707655
1.411253362136584
1.4117862911216068
1.4052326789433396
1.4072711017290802
1.4069341313586694
1.406934910659232
1.4047514562724548
1.405339052687283
1.4050756877278208
1.4040368847540075
1.4041438595138978
1.4049800548379205
1.408621814393109
1.4090045334672585
1.4089418699219318
1.4092735705811164
1.4088227909802022
1.4089755344835968
1.4015952818744204
1.4034783739798393
1.4036975870928834
1.4036785175529272
1.403020526411968
1.402389179890186
1.4012546934900962
1.401677448901753
1.4010948160453056
1.4012049962627409
1.4011405471931233
1.400698241822626
1.4016217756819143
1.4013975763320747
1.4004554672178124
1.4033083011171252
1.4036949476812335
1.4037340099658933
1.4030892835237079
1.4030831113931566
1.3996205109525302
1.3995754904201771
1.4074613955435114
1.4070347041787468
1.4052493455896617
1.4052493455896617
1.4052547179546595
1.4054270829043867
1.4048726272304055
1.405096153383105
1.4046509011570627
1.4059906416522205
1.4074548841790837
1.4071303334992913
1.4076643569275638
1.401097201777747
1.4031397955929577
1.402802232068941
1.4028031172785764
1.4006151070513588
1.4012038091315338
1.400939917302058
1.3998990328204624
1.40000629919055
1.4008442054563417
1.4044934885262892
1.404876942717187
1.4048141190728032
1.4051464984862803
1.4046948964663848
1.4048479125486664
1.3974522556251032
1.3993392578630925
1.3995588711212117
1.3995398594844437
1.3988805623096718
1.39824794442993
1.3971109544427471
1.397534635576782
1.396950777982547
1.3970612120609136
1.3969966919347205
1.3965534654311889
1.3974789374096528
1.3972542593487984
1.3963102302550112
1.3991689341054772
1.3995563234003159
1.399595534247062
1.3989495168534902
1.3989433644313192
1.401017229600125
1.4009720720329757
1.408854793129841
1.4084284501463677
1.4066438947813695
1.4066438947813695
1.4066491326856232
1.4068215098095693
1.4062671540985305
1.406490666158902
1.406045299249424
1.40738484037444
1.4088482400368327
1.4085239585741467
1.4090577915285252
1.4024931657590254
1.4045350646768138
1.404197402023336
1.4041980552908695
1.4020109849489153
1.402599701431721
1.4023358726686377
1.4012952443813178
1.4014023127812893
1.402239934176579
1.4058878164625508
1.4062712468002965
1.4062085153140766
1.4065407815910314
1.406089111218122
1.4062421639913496
1.3988496955157206
1.400735929344852
1.4009555753885716
1.4009363549913751
1.4002771925093709
1.3996447443127111
1.3985085457186124
1.39893194797219
1.3983483612932077
1.3984586947148823
1.3983940614829782
1.3979510214869744
1.3988760711834622
1.398651513867292
1.3977077886853657
1.4005654478916598
1.4009528129327353
1.4009918580339429
1.4003459975954586
1.4003397754569218
1.4007118471165725
1.400666727783311
1.4085518261061345
1.4081252957184531
1.4063401746616462
1.4063401746616462
1.4063454583405555
1.4065178601323387
1.4059633786351884
1.4061869326583984
1.4057415298085718
1.4070813607968682
1.408545285855562
1.4082208604370754
1.4087548459817094
1.4021882813087443
1.4042307526401394
1.4038930668053027
1.4038937976360193
1.4017060488713022
1.402294858676747
1.402030964876194
1.4009900775751651
1.4010972299319533
1.4019350860781348
1.405584044198931
1.4059675464155519
1.4059047736976027
1.4062371331400896
1.4057854103046272
1.4059384763374783
1.3985437108788348
1.4004305157222687
1.4006501874300827
1.4006310335421175
1.3999717162063157
1.3993391059242235
1.3982024536627096
1.3986260196213371
1.3980422451962997
1.3981526306223775
1.3980880243871614
1.3976448482595578
1.398570193167142
1.3983455580986222
1.3974015741208965
1.4002600585123428
1.4006474962219428
1.4006866031802574
1.4000405826710374
1.400034382776288
1.4014060003313145
1.4013607736807032
1.4092480931749467
1.4088215499760914
1.407035976268702
1.407035976268702
1.4070411807994472
1.4072136809964129
1.406658967781479
1.4068826311997984
1.4064369233998084
1.407777340004923
1.4092415240444534
1.4089170914611069
1.4094512427517276
1.402882753851651
1.4049258796637636
1.4045879552055216
1.4045885450828168
1.4024002144547874
1.4029893437863072
1.4027253491444214
1.4016840686237744
1.40179115689362
1.4026292816334556
1.4062793119245705
1.4066630020023767
1.4066002523142238
1.4069327182200255
1.4064807153314551
1.4066338845046913
1.399237159346391
1.4011244917203536
1.4013442993404683
1.4013250081310198
1.4006654249128052
1.4000325841653145
1.3988958142787917
1.3993194338359836
1.3987355164071906
1.3988458987527255
1.3987811894975024
1.3983378931323804
1.399263469071811
1.3990387890286577
1.398094492050669
1.4009538484548107
1.401341475858465
1.401380502455055
1.4007342366469824
1.4007279909969528
1.4015586915730909
1.4015134458055356
1.4093995766867997
1.4089731271900485
1.4071878363285635
1.4071878363285635
1.407193017971981
1.407365505835028
1.40681085551315
1.4070344979500504
1.4065888081202347
1.407929079793709
1.4093930011350888
1.4090686405296426
1.4096027155251358
1.4030351960767917
1.405078035682101
1.4047401228145382
1.4047406739102417
1.402552682493594
1.4031417651637943
1.4028778030406435
1.4018366520268508
1.4019436983182885
1.402781705682678
1.4064311980563808
1.406814852194749
1.406752123122461
1.4070845424454963
1.4066325657882024
1.4067857283316272
1.3993901516648342
1.401277198531645
1.4014969933197132
1.4014776688556485
1.4008181630643328
1.4001854033595582
1.399048860306743
1.3994723980114103
1.3988885744556452
1.3989989307989779
1.3989342080454108
1.3984909797460887
1.3994164080799711
1.3991917669129925
1.3982475993329033
1.4011065431444694
1.4014941342138616
1.4015331298818978
1.4008869441091933
1.4008806873372697
1.402521203558328
1.402476012015512
1.4103548419004528
1.4099287732153165
1.408145128633557
1.408145128633557
1.408150315994193
1.4083226376687386
1.4077685106911184
1.4079919400263525
1.4075466862204116
1.4088856899203088
1.4103482759618973
1.4100242046680935
1.4105577832174045
1.4039963537033522
1.4060372917252666
1.4056997104094404
1.4057002794010425
1.4035143091447575
1.404102826404521
1.4038391121140354
1.402798938040518
1.4029058975204935
1.4037431248082586
1.407389232699672
1.4077725212408103
1.4077098449346401
1.4080419548289094
1.4075904165373236
1.4077434294560205
1.4003546835456941
1.4022399838979809
1.4024595655463032
1.4024402761750179
1.4017813914075026
1.4011492243278
1.400013707076455
1.4004368612379972
1.3998535753915466
1.3999638340229446
1.3998991822498446
1.3994563636921638
1.4003809391261923
1.4001565035458556
1.3992132162178919
1.4020695045031757
1.4024567262360799
1.4024956977168272
1.4018501184406813
1.401843873199707
1.4025361941014827
1.4024909133162295
1.4103695307071493
1.4099435761480443
1.4081600276756105
1.4081600276756105
1.4081651377938222
1.4083375024773832
1.4077833182300654
1.4080067859265202
1.4075613725117075
1.4089005391705633
1.4103629390930583
1.4100389570716094
1.4105725358848462
1.4040112121217792
1.4060521707632798
1.4057144613412935
1.4057148953447731
1.4035290169452976
1.4041176652609904
1.4038539327400608
1.4028136910936826
1.4029205575495625
1.4037577934054404
1.4074038453064088
1.4077871998429894
1.407724564155321
1.408056677369983
1.4076050051471924
1.4077580713313644
1.4003696426402041
1.4022548883515111
1.4024745348655525
1.4024551198703767
1.4017961762283826
1.4011639762249715
1.4000286832824411
1.4004517631948399
1.399868513581072
1.3999787365612817
1.3999140054283308
1.3994712032136782
1.400395725379602
1.4001713133535119
1.3992280064426605
1.4020842815652126
1.4024715698800088
1.4025104529366013
1.401864830527123
1.4018585433745177
1.4019404196775318
1.4018951261176171
1.4097782854664331
1.4093520702249425
1.4075674864782177
1.4075674864782177
1.4075726109033158
1.4077450679315664
1.407190574842328
1.4074141648256802
1.4069685199212996
1.408308429265674
1.4097716938616773
1.409447513200982
1.409981397458656
1.4034163016396433
1.405458425727944
1.4051205418370802
1.4051209959788042
1.4029338525906108
1.4035228186075117
1.403258937781198
1.402218110534542
1.4023250518799588
1.403162765805733
1.4068109133859055
1.4071944776756795
1.4071318001430537
1.4074641030091737
1.4070121919300713
1.4071653378989661
1.3997726324609419
1.4016589655598746
1.4018787282678242
1.4018593206672205
1.401200008443152
1.4005674513451676
1.399431475376622
1.3998548084499762
1.3992712195767805
1.3993815109146093
1.3993167544151828
1.3988736962803596
1.3997987556003715
1.39957421162383
1.3986303675384903
1.4014882798686157
1.4018757801023523
1.4019146984490047
1.4012687127647208
1.4012624281880617
1.402261257005944
1.4022159815209425
1.4100967072043173
1.4096706189000314
1.4078865839132155
1.4078865839132155
1.4078917102440531
1.4080641118761366
1.4075097932349838
1.4077333121844475
1.4072878126213584
1.4086272993078737
1.4100901188039467
1.409766034580466
1.410299753356079
1.4037366875151633
1.4057781777423328
1.4054404043687139
1.405440864475738
1.4032543948076652
1.403843172354421
1.4035793741389955
1.4025388725390973
1.4026457849473604
1.4034832388475935
1.4071302582670029
1.4075137006910332
1.4074510407471132
1.4077832404703114
1.4073314755131117
1.4074845716070972
1.4000941430878955
1.4019798940153196
1.4021995856766873
1.402180189773677
1.4015210845575419
1.4008887250012485
1.399753090966526
1.400176296192172
1.3995928865554144
1.399703145322598
1.399638412483327
1.3991954909290512
1.4001202659491119
1.3998957905014504
1.3989522398334864
1.4018092669881845
1.4021966441097584
1.402235554393981
1.4015897708752167
1.4015834901422075
1.400421455176174
1.4003762848343635
1.4082635478891243
1.407836944223266
1.4060513535839763
1.4060513535839763
1.4060566057951167
1.4062290752637523
1.405674410710793
1.405898045058062
1.4054524466590157
1.406792730469551
1.408256994805452
1.4079325147035195
1.4084666531023349
1.40189825527689
1.4039413196414778
1.4036034825191221
1.4036041559249
1.4014158205942284
1.4020048547782422
1.4017408777097753
1.4006996638221774
1.4008068071116857
1.401644906576872
1.4052948845420477
1.4056785246329864
1.4056157513018095
1.4059482072302216
1.4054962980010008
1.4056494305589513
1.3982526853364585
1.4001400065532155
1.4003597687908433
1.4003405557882185
1.3996810247241405
1.3990482194329075
1.3979113378127932
1.3983349932273268
1.3977510672889164
1.3978614690682096
1.3977968104698302
1.3973535145536555
1.3982791014042315
1.398054412137609
1.3971101497811955
1.3999694461950627
1.4003570231550788
1.400396103546346
1.399749879833057
1.399743660270465
1.4018111311970212
1.4017658451115167
1.409642354209981
1.4092165333960571
1.4074334714380061
1.4074334714380061
1.407438565343591
1.40761089307863
1.4070568432251471
1.4072802596685927
1.4068349324020568
1.408173779033253
1.4096357593821693
1.4093118795627533
1.4098453184136137
1.4032857367283946
1.4053261637842271
1.4049885183138733
1.4049889262138089
1.4028036390829302
1.4033921581675604
1.4031284913411257
1.4020885096482678
1.402195330151765
1.4030323479632876
1.4066774323458149
1.407060698994946
1.4069980875635288
1.4073301142696553
1.4068785347812736
1.4070315710556318
1.3996451421925131
1.4015298826877025
1.4017494840544176
1.4017300499670773
1.4010712678992236
1.4004392274486948
1.3993042755983573
1.3997272301975079
1.3991441406067298
1.3992543277999656
1.399189598373335
1.3987469154983054
1.3996711848100925
1.3994468362055739
1.3985037730518346
1.4013592961422412
1.401746495650259
1.4017853514792216
1.4011398901790295
1.4011335966068281
1.4031783330600127
1.403133233975823
1.4110071400903992
1.4105812648126694
1.4087987008188274
1.4087987008188274
1.4088039396713374
1.408976119825219
1.4084223904057447
1.4086456486021515
1.4082007948797373
1.4095388204693367
1.4110005966074348
1.4106766706694727
1.4112099053628577
1.404652626879631
1.4066922357317577
1.4063549627863092
1.406355627236994
1.4041709997183083
1.4047590448902738
1.4044955133949837
1.4034560572480317
1.403563013873363
1.4043996958353953
1.4080434950793428
1.408426489902128
1.4083638251303454
1.4086957187613804
1.40824456637295
1.4083974429265427
1.4010132307896683
1.4028973556417332
1.4031167498144044
1.4030975620451298
1.4024391434476176
1.401807406907554
1.4006724617902633
1.4010953961137316
1.4005124602305399
1.4006226731544058
1.400558119358461
1.400115574410822
1.4010395921560934
1.400815284410049
1.399872618538411
1.4027270764825654
1.4031140015475059
1.403153010698071
1.4025078778477473
1.402501666381511
1.4010846987011965
1.401039308424435
1.408928905529581
1.408502409986555
1.406716400560483
1.406716400560483
1.4067214782626694
1.4068941075931474
1.406339113998456
1.4065629158829347
1.4061167937318382
1.4074579287483497
1.4089222914723458
1.408597899242727
1.4091322291711392
1.4025617249693192
1.4046055667096742
1.4042673162921397
1.4042676816875297
1.4020787738988314
1.4026683179039328
1.4024042048472956
1.4013624644739806
1.4014694336372215
1.402307852245361
1.4059590070327332
1.4063429349585923
1.4062802319432592
1.4066128142897656
1.4061604376887376
1.4063137466176447
1.3989150818238802
1.4008029528855768
1.40102294180048
1.401003435062723
1.4003435338079604
1.3997104271388126
1.3985736513608733
1.3989972886592874
1.3984132367363569
1.39852359656759
1.3984587336355165
1.3980153165839284
1.39894111264406
1.3987163968497416
1.3977717522499147
1.4006320406570272
1.4010199081983745
1.4010588006385616
1.400412247436854
1.4004059299441054
