1.4283360339680042
1.4287802402593877
1.4267321148397223
1.4269196844979466
1.4279664714143538
1.4281635328126032
1.4339819558887623
1.4334523306137212
1.433597253483297
1.4337846133741183
1.4337102336904985
1.4335739322685588
1.4339452899354583
1.429919475752726
1.4297443519773654
1.4301792610801176
1.432133832013329
1.4301279137653944
1.43079216726253
1.4321855450941738
1.432358935037031
1.431979976400333
1.432044576410991
1.4319659334885264
1.4330552248116413
1.4317847528383305
1.4354705521756954
1.4356052566433224
1.4348557310049088
1.4350606563252553
1.435058718200143
1.433783327269015
1.4287046312759555
1.4291481969757516
1.4271029386294138
1.4272901549975878
1.4283354547722265
1.4285323103581402
1.4343425975657433
1.4338136530242953
1.4339583747229276
1.4341454225154795
1.434071131544656
1.4339349640874473
1.4343057760727649
1.43028581294593
1.4301110088830018
1.4305451706093268
1.4324970348301185
1.4304938484094916
1.4311570353851542
1.432548568462479
1.4327218161885193
1.4323432230328186
1.4324078140668148
1.432329186135185
1.4334170093076404
1.4321482032075628
1.4358289806487214
1.4359635636783672
1.4352148594854346
1.4354195515400885
1.4354176266775274
1.434143985242626
1.4293451079969621
1.4297888277566941
1.4277427722443863
1.4279299705857964
1.42897565591857
1.4291726584895736
1.4349852194246888
1.4344560078716806
1.4346007876823403
1.4347878584052391
1.434713523023792
1.4345772454831376
1.4349481760828227
1.4309268622903693
1.430752064887594
1.431186256843791
1.4331389113170347
1.4311348677341276
1.4317981761142857
1.433190357651127
1.4333637737126166
1.4329848674871337
1.4330495653984567
1.4329708114330133
1.4340591154679359
1.4327897018909264
1.436472052061471
1.4366067548796335
1.4358575303953425
1.4360623559942929
1.4360604409631128
1.434786267137758
1.423854891803528
1.424300305644353
1.422247125485217
1.4224356958372255
1.4234851954010774
1.4236823279306796
1.4295150570419057
1.4289844842648547
1.4291297547261907
1.4293178723554352
1.4292434004388865
1.4291070995488615
1.429479526869952
1.4254424995347539
1.4252665015474095
1.4257033054068822
1.4276625259194111
1.4256521085760685
1.4263188115658543
1.4277150012489213
1.427888223346413
1.4275093075705128
1.4275735841676243
1.427495310879494
1.428586954468018
1.427314014466112
1.4310080941561885
1.4311427331457536
1.4303927079329728
1.4305978212762027
1.4305958158322984
1.429317489846873
1.426133608291731
1.426578420055953
1.4245279076786517
1.4247161202339187
1.4257642290455355
1.4259611925090747
1.4317863541836233
1.4312563953872748
1.4314014792056744
1.4315892904692364
1.4315148961628281
1.4313787017166733
1.4317506130097728
1.4277190990640676
1.4275434224541939
1.427979486494708
1.4299361978579304
1.4279282980513246
1.4285939648707613
1.4299884719143883
1.4301615938789256
1.429782965316577
1.4298472596563587
1.4297689698506097
1.4308592655040908
1.4295878395061854
1.433277290482402
1.433411837981115
1.4326625041409755
1.4328674176045872
1.4328654278810786
1.4315887182942668
1.4278984561083423
1.4283433566087809
1.4262922856099314
1.4264803926161522
1.4275287492890232
1.4277258874941223
1.4335526517891493
1.433022443749592
1.4331675700313784
1.4333553463352904
1.4332809051269004
1.4331445753255174
1.4335165432775951
1.4294843035681057
1.429308707995669
1.4297446512973404
1.4317019465475918
1.4296933680703008
1.4303589799917091
1.4317540497792058
1.4319273926431804
1.4315483756941587
1.4316128283551162
1.4315343528299436
1.432625043521423
1.4313530765021718
1.4350437705955332
1.4351784707908026
1.434428539057066
1.434633601000301
1.4346316289710985
1.4333545095755458
1.4241036339947357
1.4245489171881238
1.4224962141178308
1.4226846094252747
1.4237338335953647
1.4239310216379073
1.4297624085350655
1.4292318712947176
1.4293771104587727
1.4295651123080226
1.429490635408759
1.4293542839751692
1.4297265873854794
1.425690809853951
1.4255149606211737
1.4259514625432177
1.4279102703249007
1.4259002099647478
1.4265665603494853
1.4279625786012602
1.4281359058267271
1.4277568394170441
1.4278212189018546
1.4277428262425043
1.428834298182091
1.427561491091357
1.4312549115569502
1.4313896163625959
1.4306394359453367
1.4308445791592215
1.4308425894411658
1.429564508619165
1.4242003098183935
1.4246455335411878
1.4225929889960338
1.422781248513364
1.4238303625276656
1.4240276289511866
1.4298585776196715
1.4293280002789612
1.4294732304980622
1.429661151244903
1.4295866595059479
1.4294502426438225
1.4298224827746397
1.4257873049294583
1.4256115689276447
1.4260478519540853
1.428006547750747
1.4259965408374162
1.4266626571194918
1.4280587089126768
1.428232157067987
1.4278528994155217
1.427917382785438
1.4278388690892188
1.4289303325077194
1.4276574732311316
1.4313507924607083
1.431485576575544
1.4307351496820868
1.4309403486850367
1.4309383732192127
1.429660343172168
1.4257786009915983
1.4262240114361877
1.4241705504528535
1.4243588357045602
1.4254084041254376
1.4256058036558132
1.4314393616053276
1.4309085083688806
1.4310538045243293
1.431241777146516
1.4311672422426156
1.4310307279329364
1.4314031176558162
1.4273662766940987
1.4271905101637967
1.4276268989044658
1.429586488136291
1.4275755348148824
1.4282418606527156
1.4296386037632398
1.4298121939720052
1.4294326609082042
1.4294972254335223
1.429418615546295
1.4305106027394967
1.4292371027581845
1.4329321595232682
1.4330670469726001
1.4323161385889034
1.432521463668486
1.432519494102581
1.4312408703742265
1.4256079133810609
1.4260529143239655
1.4240011246650042
1.4241890295865147
1.425237689202826
1.4254351033985004
1.431263936070727
1.430733363050533
1.4308785452030792
1.4310662401225176
1.4309917273154769
1.4308551818453605
1.43122720380821
1.427194187903962
1.427018751076322
1.4274544377853724
1.4294125056834557
1.4274029984459338
1.4280684398690375
1.4294643109145169
1.42963801140964
1.4292583742221634
1.429323090086809
1.429244306139696
1.4303355464759386
1.4290628011524622
1.4327551951154192
1.4328901408095447
1.4321392734342915
1.4323445655646256
1.4323426240083441
1.4310649511905358
1.4245389328293492
1.4249839873897232
1.422932119224904
1.423120208204361
1.4241689504353667
1.424366235625556
1.4301952736480947
1.4296647985969777
1.429809982990791
1.4299977822250503
1.4299232966060365
1.4297868567212075
1.4301589432876531
1.426125352912545
1.4259497640002614
1.4263857375318048
1.4283438230345076
1.4263343873949361
1.4270001207208403
1.4283958389678537
1.428569350167277
1.4281900201484738
1.4282545796867576
1.4281759781277719
1.4292671496817182
1.4279945751855354
1.4316868420082827
1.4318216619920694
1.4310712099669736
1.4312764054545046
1.431274443256684
1.4299967914706773
1.4262348000942484
1.426679997008309
1.424627491716084
1.4248156592044408
1.4258647319113953
1.4260620628376586
1.4318929088309877
1.4313622825057386
1.431507511604206
1.4316953801936365
1.431620874860668
1.431484405205899
1.431856613034918
1.4278217224251666
1.4276460624656753
1.4280822020808692
1.430040889075221
1.428030846362915
1.4286968166935905
1.430092944886008
1.430266487689168
1.429887076452366
1.4299516379854633
1.4298730330951808
1.4309645309048298
1.429691586214595
1.4333849690142768
1.4335198159842815
1.4327691814157455
1.4329744287400974
1.4329724635950432
1.431694423032097
1.4252257260652907
1.4256714095110024
1.4236168343114197
1.4238053731165907
1.4248555474071787
1.4250529371606881
1.4308896452950608
1.4303586052477792
1.4305039774051629
1.4306921351625153
1.4306175855273744
1.43048109199132
1.4308537268875532
1.426814335887523
1.4266383495554464
1.4270752063171948
1.429035809771515
1.4270238923941818
1.4276908078418342
1.4290881323290552
1.4292616490135828
1.4288821853655647
1.4289466489979974
1.428868155150694
1.4299606402485354
1.428686637161999
1.4323834691285007
1.4325183177479701
1.4317673820253116
1.4319727290710598
1.431970740832073
1.4306914831633537
1.4270177538975395
1.4274634422570283
1.4254081453704857
1.4255960174393902
1.426646384526216
1.4268444095302864
1.4326832410979573
1.4321515243944565
1.4322969613474386
1.4324847826658513
1.4324100823593373
1.4322730816704676
1.432645638722075
1.4286065700380313
1.4284311243273993
1.4288670149977634
1.4308285446514781
1.4288153052284676
1.429481350771939
1.4308800206281855
1.4310544102669742
1.4306734801913719
1.430738624562729
1.430659334814715
1.4317526617286762
1.4304773014004477
1.4341765442694157
1.4343119826107176
1.4335589427983102
1.4337647950242378
1.4337628913198668
1.4324828945517738
1.423285590516807
1.4237330826492154
1.421670143260649
1.4218594220879117
1.4229138650333233
1.4231120796103018
1.4289725517713565
1.428439331453857
1.4285852959378493
1.4287742045727803
1.4286993467715314
1.4285622803274598
1.4289364243853506
1.424880654374836
1.4247039742210696
1.4251425673940024
1.4271111613959404
1.4250910303855568
1.4257606193921657
1.4271636644822192
1.4273379180427406
1.4269568595402753
1.4270216103141597
1.4269427680693572
1.4280397178803883
1.4267604941610037
1.4304724177203176
1.43060783567326
1.4298537737878032
1.430059973062495
1.4300579799296274
1.428773503515381
1.4199605575136698
1.4204081768972792
1.4183444795956723
1.418533648367197
1.4195884355633968
1.419786861628208
1.4256495048416187
1.4251159685280201
1.4252619900034063
1.4254508694112737
1.4253759536053878
1.4252387242852267
1.4256129546556868
1.4215561212149836
1.4213795237636921
1.4218180037552504
1.4237873792073308
1.4217663552356914
1.4224359196953957
1.4238396896441985
1.4240142061880188
1.4236326810314357
1.4236976168458273
1.423618557373148
1.424716022437794
1.423436105827831
1.4271496656866356
1.4272852662832645
1.42653047643137
1.4267368575717594
1.4267348845910428
1.4254498652704424
1.4198016961422106
1.4202494076582726
1.4181854325593157
1.418374780882096
1.419429747082524
1.419628080888122
1.4254914978837225
1.424957992786311
1.425104031030971
1.4252930204862466
1.4252181207657313
1.4250809695099969
1.4254552941376448
1.4213975485596775
1.4212208006887799
1.421659575060299
1.4236291656801123
1.4216079990158537
1.4222778857294813
1.4236816649946975
1.4238560343266804
1.4234747380713255
1.4235395442786867
1.4234606356856805
1.4245581521836477
1.4232782545317453
1.4269920804326865
1.4271275852661056
1.4263730806915291
1.4265793985751896
1.4265774074107789
1.4252922760243665
1.4210136690325137
1.4214617422859153
1.4193960943491617
1.41958559067636
1.4206414106077525
1.4208399093780448
1.4267080791789821
1.4261741380275266
1.4263202947375087
1.4265094343682998
1.4264344730145628
1.4262972071772244
1.4266718336372044
1.4226108122571395
1.4224339256219047
1.4228730472756606
1.424844236004997
1.4228214266141288
1.423491848039548
1.4248967714253307
1.4250712881325123
1.424689672906268
1.4247545365419192
1.4246755582694135
1.4257739677100185
1.4244930259315463
1.42820987015105
1.4283454888511642
1.4275903590440278
1.4277968473734768
1.4277948552302904
1.4265086800947724
1.418511153414929
1.4189589653734571
1.4168942716143886
1.4170834178524583
1.4181386869963268
1.4183372967925
1.4242027821653014
1.4236689120872523
1.4238150062026724
1.4240039142734742
1.4239289429543078
1.4237915760298396
1.42416595466826
1.4201074328955332
1.419930843769433
1.4203693615483313
1.4223397248159766
1.4203176293914865
1.4209873456068098
1.4223919261300084
1.4225666530931402
1.4221847365993303
1.4222498060103799
1.4221705889954335
1.4232686551381635
1.4219879791820358
1.4257035049525728
1.425839255284848
1.4250838150687553
1.4252903631395146
1.4252884024480255
1.4240027176393575
1.4214144775912714
1.4218623490203932
1.4197974967361853
1.4199867787643694
1.4210421580640253
1.4212406894792207
1.427106613080695
1.4265727831030088
1.4267188861633828
1.4269078753365934
1.4268329188571194
1.4266956173611862
1.4270700592790995
1.4230109378200257
1.422834235462962
1.423272972137464
1.4252434473901299
1.4232212985188188
1.4238912488368045
1.4252957958185923
1.4254704018518807
1.4250886766008533
1.4251536421267965
1.4250745461487189
1.4261726208125354
1.4248919970422613
1.4286076240488144
1.4287432950719
1.4279881013320055
1.4281945936136993
1.4281926186699783
1.4269068830863552
1.4239787055715865
1.4244253518918926
1.422365794405001
1.4225542205428965
1.4236068045718284
1.4238051129821487
1.4296560319134723
1.429123323043939
1.4292690584014929
1.4294573594735163
1.4293825322719749
1.429245350714385
1.4296187269504166
1.4255708942902707
1.42539494958415
1.425831995282599
1.427797537814743
1.425780263173158
1.4264479373989079
1.4278493147581048
1.4280238835391905
1.427642463205038
1.4277075948207594
1.427628313262122
1.4287238037503827
1.427446003933023
1.4311526654581874
1.4312882627558872
1.4305340752122377
1.4307402569098346
1.430738330116983
1.429455745007929
1.4205157114650264
1.4209625922714717
1.418902119859824
1.419090804057875
1.420143897566984
1.4203421594541654
1.4261956601384695
1.4256628312109911
1.425808628042473
1.4259971085170753
1.4259222776869498
1.4257851444238463
1.4261587361796395
1.4221086911475853
1.421932524974652
1.4223700311367118
1.4243363903282376
1.4223183659212975
1.4229865994057431
1.4243883960267578
1.4245628491997429
1.4241815765488195
1.4242465805523243
1.4241674465420637
1.4252633147193472
1.4239851636659966
1.4276932072102326
1.4278287357309407
1.4270746509211685
1.427280821198857
1.4272788732750785
1.4259957873232731
1.4209973268145744
1.4214444538134074
1.41938290643844
1.4195717521609827
1.4206254102324554
1.420823726845513
1.4266802750395193
1.4261472103166672
1.4262930820294508
1.426481695481808
1.426406836326429
1.4262696710443064
1.4266434756716553
1.422591167836718
1.4224148579043319
1.4228526886762247
1.4248200532879354
1.422801029026096
1.4234697061689607
1.424872160565905
1.4250466348625017
1.4246652780430253
1.4247302593168252
1.424651150152425
1.4257475506254962
1.424468811053275
1.4281786933690337
1.4283142459150484
1.427559926091236
1.4277661666564911
1.4277642103803996
1.4264804799723294
1.4235965182558163
1.4240438470789292
1.421981504051416
1.4221705640729732
1.4232246627761822
1.4234229467443367
1.4292817411378063
1.4287485652411858
1.428894490603577
1.4290832545135144
1.4290083904838726
1.4288712608603442
1.4292452500297603
1.425191042273832
1.4250145480632748
1.4254527638144217
1.4274208419028025
1.425401157121406
1.4260703053717048
1.427473136172643
1.427647521143133
1.4272662743484394
1.4273311537319477
1.4272521622731198
1.428348897522979
1.4270698399425599
1.4307809394712694
1.4309164396943133
1.4301621838032583
1.4303684204162688
1.430366446940712
1.4290822769807467
1.4206587038036187
1.4211059999648723
1.4190437762095696
1.419232792469986
1.420286822324754
1.4204851201711437
1.4263435790110963
1.425810411998651
1.4259563295367221
1.426145064501661
1.4260701992263405
1.4259330569669213
1.426307015158642
1.422253119853631
1.4220766628317159
1.4225148030985055
1.4244827780041749
1.4224631824685756
1.4231322425676123
1.4245350305107276
1.4247094417632116
1.4243281573100723
1.4243930624155052
1.424314041113872
1.4254107334514974
1.4241317090988708
1.4278426438214598
1.4279781604985233
1.427223865806349
1.4274301098870235
1.4274281403429288
1.4261440316738199
1.4252642170636984
1.4257102403517918
1.4236533098803816
1.4238412379247307
1.424892417435174
1.4250906719066814
1.4309341536045328
1.4304019518624496
1.4305475061601198
1.4307354254966378
1.4306606499628889
1.430523481899772
1.4308963084819126
1.426854251231202
1.4266787427985543
1.4271148373399083
1.4290779563008373
1.4270630383522414
1.427729472656104
1.42912936303215
1.4293039946939872
1.4289225920631587
1.4289878720259876
1.4289084214044094
1.4300026756521576
1.4287261857837117
1.432428510541347
1.4325641256045132
1.4318102528844674
1.4320163238775852
1.4320144295152073
1.4307333784821086
1.4219391840605615
1.4223853345998558
1.4203276462154046
1.420515464204017
1.4215669879652477
1.4217654539245874
1.427611106674795
1.4270785889366129
1.427224200225677
1.4274120903351315
1.4273372567967455
1.427199925857539
1.427572838752249
1.42352971807135
1.4233542923411768
1.4237902737011567
1.4257541741122277
1.423738363202376
1.4244047729593337
1.4258053881941293
1.4259802828392656
1.425598413554319
1.425663878557655
1.4255842107082002
1.426678980209563
1.425401797450539
1.4291057585076652
1.4292415562145175
1.4284869555280344
1.4286932083868498
1.4286913341766236
1.4274097402371702
1.4213309185903613
1.4217773538370269
1.4197183911977644
1.4199063662041762
1.4209585509173042
1.421157108348793
1.4270063770405812
1.4264735567541356
1.4266192574525078
1.4268072862723042
1.4267324133060089
1.4265950228269217
1.4269681782467794
1.4229224570965926
1.4227468892720052
1.4231832027992857
1.4251483061936543
1.4231312811383328
1.4237981649048344
1.425199600030438
1.4253745578830486
1.424992526162103
1.4250579951550664
1.4249783206430184
1.426073742655786
1.424795819508658
1.4285020125196533
1.4286378641989423
1.4278828984255785
1.4280892549580348
1.4280873748533416
1.4268050033600093
1.422545170505713
1.4229915019136772
1.4209329771103276
1.4211208691011488
1.422172819727862
1.4223713681695487
1.4282193973224242
1.4276866615572201
1.4278323320789454
1.428020297276158
1.4279454329211607
1.4278080446911525
1.4281811085020288
1.424136349920081
1.423960854807739
1.4243970098088377
1.42636170927467
1.4243450770015136
1.4250117541143668
1.4264129414094455
1.4265879097421812
1.42620588097179
1.426271374689271
1.4261916720000662
1.4272868879727483
1.4260091831504393
1.4297146533668466
1.4298505080070465
1.4290955947042832
1.429301932785993
1.4293000580863786
1.4280179422723727
1.4212251687377457
1.4216721499866565
1.4196109589148964
1.4197994410282377
1.4208528374807872
1.4210513753585434
1.4269069444200477
1.426373750511932
1.4265196032141743
1.4267080023043026
1.4266330998755263
1.426495750943689
1.4268693967102541
1.4228185754834417
1.422642568055305
1.423079817624744
1.425046949464102
1.4230279962969314
1.423696059283072
1.4250986571620687
1.425273467966203
1.4248915750768245
1.4249568422840173
1.4248773998518167
1.4259738176738634
1.424694888316287
1.428404631730119
1.4285404057496827
1.4277853852983946
1.427991785763182
1.4279898683123242
1.4267062289382637
1.4205615127236524
1.4210087903861843
1.418946165021049
1.4191347076165264
1.4201888201031596
1.4203875507020802
1.4262472014618868
1.425713589268079
1.4258595447870026
1.4260480361626493
1.4259730696092943
1.425835580824071
1.4262094664675775
1.4221559943405024
1.4219799225253114
1.422417368408273
1.424385891991732
1.422365474589546
1.4230338959849538
1.424437552268871
1.424612563012191
1.4242302758350323
1.4242956519143646
1.424216080117054
1.4253133050572702
1.4240333980287105
1.4277458301488628
1.4278817509431614
1.4271260276570747
1.4273326135029782
1.4273307029362687
1.4260461423948154
1.4190363330692903
1.4194838778798207
1.4174202183177187
1.4176090627344926
1.4186637535497428
1.41886242374729
1.424724991813594
1.424191250677666
1.4243372754948376
1.4245259752180612
1.424451006281801
1.4243135784269554
1.4246877105679185
1.4206317136180178
1.4204553831473723
1.4208933649783024
1.4228628084038537
1.4208415519905162
1.4215106207958819
1.42291473919944
1.4230896080526658
1.4227075062171815
1.4227727289623724
1.4226933345562438
1.4237909800977167
1.4225106886053736
1.426224667550718
1.4263605031140048
1.425604921362915
1.4258114883212465
1.4258095526921473
1.4245244300170865
1.4189600422573614
1.4194075836716553
1.4173436432853554
1.4175322026018273
1.4185869622741032
1.418785899472424
1.424649296377016
1.424115274781692
1.4242613252929766
1.4244498800091427
1.42437484808553
1.4242372068110298
1.4246113013537829
1.4205554907773625
1.4203793917637595
1.420816958475886
1.422786770620734
1.4207649782293301
1.4214336698827434
1.4228383417137582
1.4230135786782587
1.422630859554873
1.4226963702282702
1.4226166392230448
1.4237146283691953
1.4224337768974455
1.4261487329177975
1.4262848169408513
1.425528352018846
1.4257351307135298
1.4257332309624309
1.4244478105444405
1.4211924422306297
1.4216389067429185
1.4195795440072472
1.419767277674499
1.420819600093093
1.4210184106471198
1.426868843730713
1.426335734100696
1.4264814683175011
1.4266693810752384
1.4265944463672695
1.426456855104419
1.4268300039037616
1.4227841566761383
1.4226087831199512
1.4230447570127858
1.425010332309162
1.422992682029977
1.4236592767957879
1.4250613082066719
1.4252366078885628
1.4248539965381617
1.4249197277374066
1.424839746469067
1.425935554998746
1.4246570386444188
1.4283643735365428
1.428500457221578
1.4277446470784183
1.4279512078795633
1.4279493597214081
1.4266666291942902
1.4217226531201606
1.4221693730741984
1.4201091361801235
1.4202972682043362
1.4213501138693614
1.4215487627729988
1.427401647406367
1.426868524571658
1.4270143146793384
1.4272024822094769
1.4271275698152717
1.4269901197963042
1.4273635177413098
1.4233151961218355
1.4231394862028335
1.4235761318974145
1.4255424382750812
1.4235241990742902
1.4241915568503345
1.4255938118667468
1.4257688329268314
1.4253866387698872
1.4254521117524779
1.425372430577837
1.4264685051020087
1.425189841566777
1.4288982665316419
1.4290341721833668
1.4282788413231224
1.4284853015292196
1.428483415530059
1.427200266482849
1.4212941492894569
1.4217410769208987
1.4196799643549967
1.4198682624103915
1.4209215762482463
1.421120243131488
1.4269756068426804
1.426442314965488
1.4265881654264632
1.4267764602017698
1.4267015305849673
1.426564076067842
1.426937657230811
1.4228874104748581
1.4227115551313656
1.4231485178783116
1.4251156321130503
1.4230966073479288
1.423764378431269
1.4251671291087318
1.4253421292085657
1.4249599291505137
1.4250253526840684
1.424945727863741
1.4260422144680838
1.424763114283214
1.4284729848372555
1.428608884567158
1.4278534487657129
1.428059945873303
1.4280580490639847
1.4267743886581223
1.4209900165543565
1.4214370865394845
1.4193753368461763
1.419563713410471
1.4206173577242747
1.420816070343591
1.4266732420255739
1.4261397988742492
1.4262856940398785
1.4264740581703563
1.426399108839599
1.4262616245525335
1.426635326978076
1.4225837799874796
1.4224078535967795
1.4228449824273761
1.4248126981537634
1.4227930663159074
1.4234610744040193
1.424864235026886
1.4250392667304574
1.4246569854544058
1.4247224109827743
1.42464278283115
1.4257395956911951
1.4244601253122733
1.4281711118432496
1.4283070385593701
1.4275514202144848
1.4277579691588953
1.4277560694023435
1.4264720202195418
1.4201833682016716
1.4206303192456118
1.418568886602583
1.4187569915866491
1.4198104155888769
1.4200092849701496
1.4258655801947862
1.4253320568427366
1.4254779341184578
1.4256661360441172
1.4255911570339759
1.4254535418898397
1.4258271177563968
1.421776770138495
1.421601070209722
1.422037761249112
1.4240052530054559
1.421985728061244
1.422653267944032
1.4240564956497186
1.424231769212977
1.4238491054513607
1.4239147387499407
1.4238348685245796
1.4249316643424517
1.4236520895918228
1.4273628736507669
1.4274989589852667
1.4267428476879846
1.4269495082105255
1.4269476369584377
1.4256636893255468
1.4219990905833146
1.4224456740367912
1.4203859942508403
1.420573999498321
1.4216265422284906
1.4218251960205615
1.4276765055615006
1.4271434761322088
1.4272892282389218
1.4274773032014774
1.4274023981728923
1.4272649377671127
1.427638213125441
1.423591166525123
1.4234155665070085
1.4238519781910504
1.4258177774574696
1.4238000202846406
1.424467083255775
1.425869047583839
1.4260441054060427
1.425661876541207
1.4257273999702402
1.4256476607756372
1.4267434863474893
1.4254650743648694
1.4291726117290253
1.4293085367956817
1.4285532196049184
1.4287596688279331
1.4287577921653134
1.4274749600882852
1.4207017528521235
1.421148457703676
1.419088100023967
1.419276043483542
1.420328902923406
1.4205277175788018
1.426380965293736
1.4258476777370603
1.42599348013148
1.4261815490793845
1.4261065983944967
1.4259690152693796
1.4263423782643811
1.4222942934493619
1.4221187372800417
1.4225551037095987
1.4245215900457582
1.4225030649564459
1.4231701611808143
1.4245727311105716
1.4247479835502184
1.4243654039571552
1.4244310599854397
1.4243511649142184
1.4254474284363028
1.4241684422045446
1.427877387491966
1.4280134488011587
1.427257572517917
1.427464162752892
1.4274622998531163
1.4261789966764904
1.4196717785551287
1.4201189548358473
1.4180564064631462
1.4182445326748983
1.4192985074732354
1.4194975467076347
1.4253570196451786
1.4248231536445026
1.4249691113845782
1.4251573709181704
1.425082337640428
1.424944597527876
1.4253183526400877
1.421266004239245
1.4210902754470218
1.4215270797581083
1.423495662512729
1.4214749768698691
1.4221427566595386
1.4235468377974438
1.4237222954980198
1.4233392780576224
1.4234050192309353
1.4233250213061128
1.424422461114303
1.4231420937897166
1.4268550085665137
1.4269912271826397
1.4262345043222786
1.426441324307526
1.426439461413203
1.425154787001389
1.4192155794524781
1.4196629692637255
1.4175994651999153
1.4177877091750177
1.4188421796872779
1.419041287525789
1.4249034724195182
1.4243693795076449
1.4245154043047012
1.4247037678710506
1.4246287050223754
1.424490920254913
1.4248648572609852
1.420810558508177
1.420634723145143
1.4210717765817051
1.423041261573799
1.421019665321837
1.421687800618664
1.4230924966746754
1.4232680017808572
1.4228848625134605
1.4229506066789943
1.4228706037572265
1.4239685329489702
1.4226876103333057
1.4264021990755047
1.4265384581709581
1.4257814614954367
1.4259883592359148
1.4259864919207417
1.4247012343435184
1.4200104015660846
1.4204574086843829
1.418395536692016
1.418583492365895
1.4196370953809363
1.4198361533820039
1.4256937156736016
1.425159951962519
1.4253058638773068
1.4254940018983175
1.4254189747405164
1.425281211605261
1.4256548131531006
1.4216040522223319
1.421428470519638
1.421864965335828
1.4238329377964896
1.4218128234273897
1.422480220260887
1.4238839678526212
1.42405948859731
1.423676398790575
1.4237422161322553
1.4236621303446655
1.4247592782883018
1.4234791957441202
1.4271910581140874
1.4273273125991648
1.4265705646071656
1.426777381076994
1.4267755314506743
1.4254912352998983
1.4233699669163145
1.4238154442021627
1.4217607421632494
1.42194816310067
1.4229981308716915
1.423196404896931
1.429033586225066
1.4285017581046524
1.4286471603984532
1.4288347094646392
1.428759963393371
1.428622753783004
1.4289950900184378
1.424958132844353
1.4247830640152543
1.4252182225144499
1.4271793130303898
1.4251663231936424
1.4258315782778659
1.427230305900519
1.4274050846108328
1.427023543148437
1.4270890248970367
1.4270093421956114
1.4281026006340798
1.4268271169760824
1.4305258913308816
1.4306615840537726
1.4299077660116508
1.4301137930724381
1.4301119360562249
1.4288321529038543
1.4270454912407229
1.427489797974572
1.4254409538947954
1.4256283214683094
1.426675411328157
1.4268727487169817
1.4326932401703405
1.4321632499146624
1.4323082286549982
1.4324955071613457
1.432421055879075
1.4322845387884018
1.4326559504660732
1.4286293600885824
1.4284543950580186
1.4288890475681495
1.4308443911491935
1.4288375441410281
1.4295016271398586
1.4308958062294848
1.4310695538034912
1.4306899749283377
1.430754838142684
1.4306758867982792
1.4317657277661575
1.430494477488621
1.4341819766955817
1.4343169266620646
1.4335664653821352
1.43377162088958
1.433769713237389
1.4324937688840054
1.4258035440534247
1.4262479604791003
1.4241985985441286
1.4243860008654015
1.4254333523527571
1.4256307493558915
1.4314527132265242
1.4309225805808896
1.4310675962015593
1.4312549151180791
1.431180442876175
1.4310438833796704
1.4314153853422205
1.4273878071810033
1.4272128082918738
1.4276475514012983
1.4296033932912788
1.4275960284561762
1.4282602603085164
1.4296548064857242
1.4298286119454608
1.4294489141938624
1.4295138051249476
1.4294348206064411
1.430524944917787
1.4292533576739919
1.4329418080517664
1.4330768014584876
1.4323261188339982
1.4325313336459273
1.432529426977965
1.4312531551384988
1.4277899540456058
1.4282344123825017
1.4261851319802352
1.4263728148951185
1.4274201939149824
1.427617360663616
1.4334390641278387
1.4329091451887097
1.4330541496432734
1.433241619299438
1.43316719894223
1.4330308253445188
1.4334023945588708
1.4293742923577681
1.429199063676635
1.42963422946233
1.4315899001961279
1.4295828570485214
1.430247496403938
1.4316416512685675
1.4318151307008926
1.4314359719697503
1.4315006016919603
1.4314219222640971
1.4325118231863827
1.4312406440527607
1.4349285105378742
1.4350632854319576
1.434313355905544
1.434518392367195
1.434516452279078
1.4332403450849276
1.428389145486848
1.4288338056480234
1.4267837295932115
1.4269716268071093
1.4280194464587097
1.4282165805624403
1.4340405302261254
1.433510500113228
1.4336555582173995
1.433843178331144
1.4337687530996734
1.4336324151605564
1.4340041689169756
1.429974166794882
1.4297987538355779
1.4302343046005273
1.4321906888109954
1.4301829851438317
1.4308480956066822
1.4322426268753061
1.4324160169815248
1.432036968275165
1.4321014961070828
1.4320229343847914
1.4331131700838662
1.4318416729420456
1.43553075664011
1.4356654792112222
1.4349156136175665
1.4351206461269725
1.43511868883939
1.433842142093345
1.4257667747525202
1.4262116835629723
1.424160171701361
1.4243478970716166
1.425396377683699
1.4255938841385867
1.4314219430286235
1.4308913387922424
1.4310365041755144
1.4312240890475447
1.4311495601551338
1.4310129366205904
1.4313848643262521
1.4273527605592686
1.4271774741512342
1.427612866480324
1.4295707192106748
1.4275613546657722
1.4282264738349515
1.429622335564018
1.4297961832709787
1.4294163171822736
1.4294811626539499
1.4294022278271632
1.4304934167300851
1.429220652448548
1.432912780369368
1.4330478218267035
1.4322966691741328
1.4325020245611955
1.4325001011886083
1.4312225404366112
1.4257826437853875
1.4262270451085783
1.4241775623879718
1.4243647761446072
1.4254121414068022
1.4256097041616944
1.4314320311138928
1.4309017337462917
1.4310467616537008
1.4312339819879862
1.4311594714553997
1.4310227788527452
1.4313942458652917
1.4273669045085295
1.4271920593690823
1.427626523213482
1.4295825450619557
1.4275748943383324
1.4282388646389965
1.429633725729549
1.4298077625688481
1.4294276793811307
1.4294927533579094
1.4294135549428224
1.4305038682520816
1.4292319583117594
1.43292092901209
1.4330560780762795
1.432304850028793
1.4325101948695993
1.432508311301022
1.43123188533214
1.430208868591043
1.4306535278128711
1.4286028100903807
1.428790088835844
1.4298380737425884
1.4300357924723732
1.4358616326909952
1.4353309837905923
1.435476099986676
1.435663406873893
1.4355888433193837
1.4354520383842049
1.4358237156201
1.4317940610294808
1.431619149837941
1.4320538024383949
1.4340110184678567
1.4320021177997886
1.4326664161585956
1.4340621735391896
1.434236368233813
1.43385596902576
1.4339211251553468
1.4338418288836028
1.4349328290954149
1.4336600933533419
1.4373513595776464
1.4374866254694418
1.436734824659996
1.436940321495845
1.4369384423535703
1.4356612283149093
1.4252851594029725
1.4257298220210364
1.4236793851227447
1.4238669489685087
1.424914865018228
1.4251123167472386
1.4309373281275737
1.430406959686566
1.430552050188537
1.4307395020828118
1.4306650015156543
1.4305284100001303
1.4309001248342361
1.4268702838701357
1.4266951412215538
1.4271302089408113
1.4290870562509765
1.4270786915609739
1.427743367071734
1.4291385710248707
1.4293123976082198
1.428932615688068
1.4289974838894484
1.4289185242168023
1.4300091808239361
1.4287370050612698
1.432427294210567
1.4325623116425954
1.431811394004065
1.4320166791035616
1.4320147640832872
1.4307378477875552
1.4274462997994808
1.4278904047090502
1.425842356281819
1.426029509556319
1.4270761587844298
1.427273528818158
1.4330917740720537
1.4325618949901444
1.4327068200808724
1.4328939481296399
1.4328195017216323
1.4326829489723636
1.433054176107968
1.4290294856514685
1.4288547048990756
1.4292889724299527
1.4312436025343263
1.4292374160457182
1.4299010279371147
1.4312948306227466
1.4314686675228594
1.4310889786229228
1.4311539437275613
1.4310748746775845
1.4321643808686746
1.4308934485993363
1.4345797305933459
1.4347147328828005
1.433964207670113
1.4341693671298028
1.434167476677077
1.4328919718755884
1.4294186045275343
1.4298627152902283
1.4278145868437158
1.428001691850383
1.4290483686195874
1.4292457892778234
1.4350642674100804
1.434534330459457
1.4346792622538715
1.4348663670902269
1.4347919083338845
1.4346553154278632
1.4350265412393648
1.431001825567378
1.4308270836686652
1.4312612832726528
1.4332160077574276
1.431209696224047
1.4318732503153058
1.4332671722579937
1.433441077523963
1.433061272698135
1.4331262902440298
1.4330471598427943
1.4341367433372672
1.4328656924264886
1.4365522027967241
1.4366872514873277
1.435936557400681
1.4361417577141085
1.4361398736506905
1.4348642970424446
1.426211147616092
1.426655341261878
1.4246067342130988
1.4247937819385523
1.4258406790279172
1.4260382238032054
1.4318580716775797
1.431327943352462
1.4314729109065765
1.4316600039956935
1.4315855106857047
1.4314488225812076
1.43182010637579
1.427794690155507
1.4276199904405507
1.4280541372325855
1.4300093512239873
1.4280024860646936
1.428666043058062
1.430060408487564
1.4302344662871138
1.4298543890005044
1.4299195124263187
1.4298402576569185
1.4309301588860066
1.4296586855953226
1.4333462107064765
1.4334813656924883
1.432730242586203
1.4329355505255161
1.4329336777670965
1.431657763156867
1.431155757072199
1.431599962424235
1.4295511953368913
1.4297381465266812
1.4307850986982324
1.4309827447225363
1.436803058353632
1.4362728142910857
1.4364177952525734
1.436604841916867
1.4365303239102087
1.436393555492207
1.4367648366385828
1.4327393699873248
1.4325647479797288
1.432998758917985
1.4349541616701906
1.4329470464213516
1.4336104878144436
1.4350050917580572
1.4351792862893196
1.434798977150928
1.4348642054592546
1.4347848279873372
1.4358748838231905
1.434603173249627
1.4382911551132322
1.4384264029015423
1.4376749420473387
1.4378803316941278
1.437878471714323
1.436602413490579
1.4307549485134419
1.431199355689757
1.429149792949868
1.4293369584386721
1.43038435124196
1.43058196462136
1.436404524451919
1.4358741692156036
1.4360192038266992
1.4362064009485729
1.436131878067652
1.4359951453082451
1.436366610996688
1.4323392444244387
1.4321644381386718
1.432598834056182
1.4345549502850579
1.4325471745166616
1.4332110870171872
1.4346060673647956
1.4347801725699514
1.4343999734563426
1.434465099874377
1.434385840108032
1.4354762307206737
1.4342042021389116
1.4378934012154676
1.4380285966808066
1.437277199759361
1.437482585453905
1.437480708274635
1.4362042104989965
1.4263491087195146
1.4267931951303627
1.4247447450932986
1.4249314247028595
1.4259781565628356
1.4261759593490944
1.4319953965228445
1.4314650722595732
1.4316100353311532
1.431796919790628
1.431722372104586
1.4315854728295134
1.4319566274169038
1.4279323601383402
1.4277579645926717
1.4281915377397205
1.430146716521883
1.4281397081666882
1.428802681354456
1.43019735238089
1.4303717887718397
1.4299910971478829
1.4300565332264215
1.429976913680767
1.4310669524744475
1.4297951375291762
1.4334829169207493
1.433618323327439
1.432866369520839
1.4330718707457581
1.4330700392704174
1.431794082596584
1.426100366528307
1.4265445835865915
1.4244956564606852
1.4246825111148103
1.425729518368548
1.4259272656418667
1.4317480450296853
1.4312176852297103
1.4313626795985714
1.431549679838041
1.4314751371347132
1.4313382884032058
1.4317095669013762
1.4276840498191432
1.4275095055189073
1.4279433806033854
1.4298989721163935
1.4278916067780087
1.428554932570825
1.429949775028551
1.4301241062915253
1.4297435653013517
1.4298088984921908
1.4297293983177568
1.4308196087603746
1.429547660903931
1.4332360995199875
1.433371440110597
1.4326196415084749
1.4328251128627392
1.4328232656615503
1.4315470638242913
1.4286904839405905
1.4291353893548067
1.4270835966689972
1.4272710369389514
1.4283195864080593
1.42851735986372
1.434346247592045
1.4338153628962689
1.4339605539736537
1.434147993838626
1.434073401958863
1.4339365650046647
1.4343084551121164
1.4302765377186135
1.430101482767621
1.4305364599779078
1.4324946814275548
1.4304847809045858
1.431149522921813
1.432545938078336
1.4327201538965713
1.432339670519965
1.4324048039198474
1.432325532493964
1.4334170650015632
1.4321437407406201
1.4358368457364477
1.43597213565355
1.435220099830064
1.4354256669534788
1.4354237794588915
1.4341459209639655
1.4294349467454739
1.4298800037627366
1.4278277747544372
1.4280155303657607
1.429064368994885
1.4292619718103554
1.4350920715495428
1.4345612581703158
1.4347064749619285
1.4348941059767177
1.4348195450220178
1.4346828515607815
1.4350548992049137
1.4310214699877992
1.4308461513862378
1.4312816418720886
1.4332401904744896
1.4312300938120794
1.4318953921858923
1.433291783117419
1.433465730793973
1.4330856675613775
1.4331505674691236
1.433071567959782
1.4341631604217884
1.4328899073047598
1.4365833795787402
1.4367184944234428
1.4359669903534724
1.4361724384310939
1.4361705185005806
1.4348924971648875
1.4276537146396857
1.4280991124386782
1.4260451698262295
1.4262329331451662
1.427282611739001
1.4274804946464155
1.4333154773941448
1.4327841211076215
1.432929461947609
1.4331171677680916
1.4330425192378216
1.432905618245585
1.433277934096148
1.4292414910968794
1.4290661486269818
1.4295017750569337
1.43146200734695
1.4294501071141819
1.4301157364482482
1.43151346715663
1.4316877252220885
1.431307073508376
1.4313721614488495
1.431292939714687
1.4323855368138612
1.4311110355151764
1.4348078180540493
1.4349431560217658
1.434190650170198
1.434396357868747
1.434394453669535
1.4331153062620783
1.4237707754750721
1.4242160509366406
1.422162144550273
1.4223493511886796
1.423398878327964
1.4235971849981068
1.4294321201267792
1.4289004031801344
1.429045751824327
1.4292331504329334
1.429158409235928
1.429021163966966
1.4293933156603327
1.425358258407239
1.4251833738563113
1.4256181473762533
1.4275785244155226
1.4255661950983327
1.4262309790751222
1.427629330293781
1.427804198330201
1.4274225468430222
1.4274881304819143
1.4274083300749167
1.4285012537365969
1.4272260880867975
1.430923645228646
1.4310593902745086
1.4303055082996285
1.4305115393126608
1.4305096994959128
1.4292303558954371
1.4257544332571326
1.426198762464133
1.4241489566395513
1.4243355126733022
1.4253828779526665
1.4255810024655757
1.4314043159873162
1.4308734754692753
1.4310185391162697
1.4312054115464419
1.4311307725477942
1.4309936278340478
1.4313649576947836
1.4273386139868176
1.4271643061387385
1.4275977887768174
1.4295543416984609
1.4275457975103
1.428208837204535
1.4296047194343553
1.429779545060191
1.4293981519797798
1.4294638532568202
1.4293839219579287
1.430474836652075
1.4292018732085259
1.4328924684466295
1.4330281473383932
1.432275075346837
1.4324808585956754
1.4324790546460224
1.4312021557729941
1.4252083533347342
1.4256529345872473
1.4236019737800643
1.4237886430704736
1.4248366004532955
1.4250348303165883
1.4308614242263924
1.4303302900442638
1.430475435276246
1.4306624174717617
1.430587737799526
1.4304505209100078
1.4308220623181962
1.4267934305918597
1.4266190178380083
1.4270527571590303
1.42901040988126
1.4270007407934269
1.4276641663459433
1.4290608256087491
1.4292357407240521
1.428854147549197
1.4289198785377895
1.4288399107334997
1.4299314350268155
1.4286577644229561
1.4323504268088085
1.4324861761270284
1.4317327002474722
1.4319385946376153
1.4319367887249572
1.430659173588907
1.424689968684282
1.4251347961291831
1.4230827603586806
1.4232695911735813
1.424318113118766
1.4245163977079358
1.4303460391274423
1.4298146691499405
1.4299598892632237
1.4301470044364943
1.4300722964390051
1.4299350475304677
1.4303068018102119
1.4262759072809927
1.426101350767688
1.4265354146985432
1.4284940728409579
1.4264834038982248
1.4271472731091606
1.4285445901478957
1.4287195263868109
1.4283378490434024
1.4284035573022904
1.428323614343861
1.4294156709329646
1.4281414118102342
1.4318359129676093
1.4319716863111365
1.4312179754175394
1.4314239400952495
1.4314221258302793
1.430143866237963
1.4241783790377396
1.4246234317194186
1.4225702802192433
1.42275713226183
1.4238062050031246
1.4240046594454212
1.4298374785778347
1.4293057659517063
1.4294510665293443
1.4296382393105478
1.4295634770454568
1.4294261031685038
1.4297980366939027
1.425765141381743
1.425590556004988
1.4260247332075402
1.427984482348231
1.4259726527068501
1.4266367618246676
1.428034932295621
1.428210052671854
1.4278280216496642
1.427893837783285
1.4278137671253943
1.428906467704816
1.4276314160081278
1.431328047883356
1.4314639545085093
1.4307096320518335
1.4309157561922496
1.4309139502850445
1.4296349639138055
1.4266877317304705
1.427131648978898
1.4250838753221686
1.4252703843938566
1.4263167444705362
1.426514566023464
1.432332092551268
1.4318018705775892
1.431946787823882
1.4321335507707753
1.4320590092046745
1.4319220869068983
1.4322930879299172
1.4282704081214268
1.4280961596652877
1.42852942331744
1.4304839918056438
1.4284775547242083
1.4291401449558043
1.430534482436067
1.4307089818711294
1.4303282178808352
1.430393730127741
1.4303140227193198
1.431403769648446
1.43013223948358
1.433818966468323
1.4339544087439644
1.4332024298057255
1.4334079275152256
1.4334061093078887
1.4321305308950936
1.422678615630275
1.423124395182869
1.4210681788312987
1.4212556119830229
1.4223063233292212
1.4225048407001328
1.4283463366049312
1.4278140323301112
1.4279595441442796
1.4281471622835729
1.4280723397393909
1.4279349501188854
1.428307524907157
1.4242678916173228
1.42409279725485
1.424528084140679
1.4264906607811207
1.4244760816645858
1.4251416373579382
1.4265415426425678
1.426716589657924
1.4263345379818564
1.4264001810438522
1.4263203076260589
1.4274144504860788
1.4261378705156578
1.4298395619530033
1.429975447851779
1.4292207581008987
1.4294270113965404
1.4294251676537824
1.428144391527262
1.422865172273681
1.4233108538406973
1.4212549953057587
1.42144229717406
1.4224928019749365
1.4226913609805536
1.4285318502248008
1.4279995726025083
1.4281450609437163
1.4283325922480132
1.4282577659667952
1.4281203384386163
1.428492820293803
1.4244541243567204
1.4242791415601732
1.4247142019929304
1.426676469085238
1.4246621577060952
1.425327448945662
1.4267272256568224
1.4269023515181598
1.4265201868667547
1.426585907094525
1.426505944148316
1.427599958271633
1.4263234779845917
1.4300246750035743
1.4301606102644104
1.429405804110172
1.4296120798088043
1.4296102478604333
1.4283296556064815
1.422526549262725
1.4229723999921617
1.4209158650768883
1.421103337483063
1.4221542140672356
1.4223527543061842
1.4281951541963775
1.4276627742844918
1.4278083084509876
1.4279959612678659
1.4279211288667064
1.4277837243612315
1.4281563597807898
1.4241160763736336
1.4239409464875572
1.4243763164152112
1.4263391938014778
1.424324311148575
1.424989985344313
1.4263900956016453
1.4265651584188694
1.4261830661338024
1.426248710193205
1.4261688351097634
1.4272631410976342
1.4259863760301876
1.4296886254560004
1.4298245248478851
1.4290697438252848
1.4292760230393362
1.429274177822962
1.4279932073079722
1.4224575687110137
1.4229034730579195
1.4208468596367885
1.4210345161009093
1.4220854752997767
1.42228388653324
1.4281264917737453
1.4275942098309362
1.4277397462386991
1.4279275033703986
1.427852698157266
1.4277153992370786
1.4280880992602332
1.4240472413822174
1.4238719594114966
1.4243076161616437
1.4262705111525298
1.4242557000975782
1.4249216661961162
1.4263216236549825
1.426496497176507
1.4261147120601134
1.4261801997931538
1.4261005070978388
1.427194744303414
1.4259181500632607
1.429620272348864
1.4297560460304095
1.4290016803579668
1.4292078629292155
1.4292059970713016
1.4279250475881138
1.422312297347373
1.422758251915512
1.4207012791643252
1.420888834586091
1.421939945256678
1.422138494485429
1.4279821339145344
1.4274496694814072
1.4275952338245497
1.427782950264012
1.4277081092515544
1.427570702497
1.4279434295255407
1.423902183550145
1.4237269809518234
1.42416250940566
1.4261257907204616
1.4241105152853948
1.4247763961347806
1.4261767542226378
1.426351806559737
1.4259697113241157
1.4260353306590003
1.4259554837527155
1.427049995780672
1.4257730123884063
1.429475984608807
1.4296118810397804
1.42885704754658
1.4290633452113783
1.429061494589925
1.4277802683956091
1.4216209460613338
1.4220672028962187
1.4200087158323746
1.4201962834684438
1.4212481377142085
1.4214469302886306
1.4272948842943998
1.4267619437068662
1.4269076175703765
1.4270954030829455
1.4270204855975743
1.4268828988328814
1.4272558644142603
1.4232119423231155
1.4230367141914193
1.4234723710318893
1.4254371384711935
1.4234202737563384
1.4240864552148533
1.4254879909646871
1.4256633116068285
1.4252807061575354
1.425346486805816
1.4252664491831628
1.426361845632671
1.425083765927982
1.4287896552309294
1.4289257448377868
1.4281700396358281
1.4283765635354806
1.4283747261874828
1.4270925070190166
1.4167412322919115
1.417189808696991
1.4151212091273568
1.415310313499438
1.4163674828928885
1.4165667769900028
1.422443398122004
1.421908250854868
1.4220546288267377
1.4222436747616876
1.422168493737736
1.422030616552792
1.4224055895871535
1.4183403397018224
1.4181637450228068
1.4186024818779541
1.420576702027457
1.4185504458363385
1.4192208268742774
1.420628530438001
1.4208040307125234
1.4204206647956967
1.420486216152121
1.4204064303193662
1.4215068234710493
1.420223228771703
1.423946389812944
1.424082692686654
1.4233248198877273
1.4235319948262284
1.4235300769023402
1.4222418019481613
1.4165959609282708
1.4170445875545832
1.414975628654893
1.4151646319846192
1.41622195284979
1.4164213849421918
1.4222990402627933
1.4217637105053387
1.4219101164125882
1.4220991216553014
1.4220239048320242
1.4218859198127138
1.422260919852461
1.4181952818697503
1.4180187665631334
1.4184573751219702
1.420431981595389
1.418405261024155
1.4190755568129418
1.4204836610056566
1.4206593400957532
1.4202756640596992
1.420341347017968
1.4202614069742427
1.4213620749483071
1.4200780910968482
1.423802102072887
1.423938527696025
1.4231801870763405
1.4233874771083912
1.4233855744209634
1.4220970227556569
1.4186350092542241
1.4190826779197188
1.4170179796203783
1.4172064288811128
1.418261532804177
1.4184606814903296
1.4243262494472781
1.4237919118558555
1.4239380193585336
1.4241265448476363
1.4240514549193863
1.4239136507687966
1.4242878316241196
1.4202309576175105
1.4200549413063825
1.4204923948371346
1.4224629884321243
1.420440303079465
1.4211089701859736
1.4225143668757374
1.4226898668235373
1.4223066810460332
1.4223723767599377
1.4222924285268357
1.4233909329266012
1.4221093885642728
1.4258259808841154
1.4259622475508558
1.4252050546624129
1.4254120152227943
1.4254101356238464
1.4241241722995015
1.4181511148796275
1.4185990029287756
1.4165332689190442
1.4167217876752973
1.417777414853377
1.4179766827681493
1.423845195559644
1.4233105731883096
1.4234567544516554
1.4236453607611026
1.4235702289135863
1.4234323399513331
1.4238067013764137
1.4197478518023519
1.4195717677740929
1.4200094025034316
1.4219809927162959
1.4199572717097617
1.4206262365232896
1.422032367388216
1.4222079831074774
1.421824559577083
1.4218903107244645
1.4218102961431587
1.42290936722986
1.421627148935014
1.4253456435964844
1.4254819971437014
1.4247243615661391
1.4249314407354887
1.4249295631049985
1.4236429448084875
1.4180589550348308
1.4185073471750043
1.41643930320007
1.4166280484696412
1.4176848598546345
1.4178843384701754
1.4237594120377959
1.423224202338286
1.4233705467716078
1.4235593726117424
1.423484159417049
1.4233461261032523
1.423720910623238
1.419657485012436
1.4194811911726313
1.419919339267857
1.4218931290818946
1.4198671582760152
1.420536894806106
1.4219445797370032
1.4221203744352002
1.4217365507159174
1.4218023612864026
1.4217222736943003
1.4228225639793424
1.4215389313638742
1.425261560320842
1.4253980547209713
1.4246396113674091
1.4248469128193684
1.4248450312628678
1.4235569804403125
1.4177203320238747
1.418168893326469
1.4161001729712002
1.4162890887786443
1.4173462719469336
1.4175457317958056
1.423422716009373
1.4228874040202695
1.423033794278879
1.423222741631595
1.4231475223169605
1.4230095120258672
1.423384450110225
1.419319437029349
1.4191429961000155
1.4195814536901377
1.421555853798134
1.419529311718495
1.4201994312047574
1.4216074496818263
1.42178318133591
1.4213994299829649
1.4214651643850826
1.4213851646557474
1.4224857468053436
1.4212018294094706
1.4249255107732681
1.425061969304446
1.4243035510825226
1.4245108560499002
1.424508961225397
1.423220532141803
1.417086650306777
1.417535036593826
1.4154670726381735
1.4156558661755767
1.4167126500194769
1.4169120780105098
1.4227869186997701
1.4222517668689743
1.4223981045986094
1.4225869536511553
1.422511752804797
1.422373759647753
1.4227485454918418
1.4186851450965265
1.4185088124030425
1.4189470284251573
1.420920723858793
1.4188948780976862
1.419564672427915
1.4209722381017567
1.4211479644340974
1.420764256640706
1.4208300147699344
1.420749988529091
1.4218502015107504
1.4205666875367224
1.4242890881174644
1.4244255361164442
1.4236672616368415
1.4238745222350628
1.423872634289255
1.4225846552734565
1.4174874588655346
1.4179356433283041
1.4158684750251973
1.4160570542635857
1.4171133974757495
1.417312858111686
1.423185452601483
1.4226504119444563
1.4227966960244838
1.4229853946194493
1.422910198647354
1.4227721698317148
1.4231467711337367
1.4190852706594128
1.4189091222440995
1.4193469532869605
1.421319935243926
1.419294750002376
1.4199640732251713
1.421371262495018
1.4215470781534658
1.4211632603352906
1.421229120354812
1.4211489764083962
1.4222488546132672
1.4209656586474373
1.4246868420152285
1.42482334233718
1.4240650039248193
1.4242722684752853
1.4242703977289428
1.422982858265039
1.418577339685283
1.4190254856330684
1.4169585166214538
1.417147100366534
1.4182033471891637
1.4184027710788274
1.4242747971367462
1.4237398232326095
1.4238860927846302
1.424074785647009
1.4239996007775697
1.423861599482792
1.4242361711312221
1.420175008323303
1.4199988582429512
1.4204366817283443
1.4224094661221969
1.4203844951712172
1.4210537880428884
1.4224608151978562
1.4226365887724417
1.422252849221712
1.4223186825219012
1.422238570083939
1.4233383280731933
1.4220552839765963
1.4257760741620413
1.4259125445368634
1.4251543361973422
1.4253615673617341
1.4253596941575462
1.4240722877912557
1.419035817812982
1.419483284654197
1.417419382007402
1.4176076169691223
1.4186622802604496
1.418861461591506
1.424724783348991
1.4241905569313376
1.4243366107844075
1.4245249858159303
1.4244499007619433
1.4243120609527582
1.4246860572660145
1.4206310831803968
1.4204552511474393
1.4208923196989376
1.4228621998172575
1.420840174984155
1.4215083709832297
1.4229133912689993
1.4230889805429057
1.4227056847406183
1.4227714823448152
1.4226914164061406
1.4237895860291179
1.4225083596749875
1.4262237347818798
1.4263600537715913
1.425602796950391
1.4258097614630167
1.4258078990635346
1.4245223752910845
