1.4091282885079623
1.409607265569196
1.4098638196269917
1.4095840187034099
1.409062224258233
1.4092603744528585
1.4080291612603362
1.4087929440002702
1.4073455826740662
1.4054696871545442
1.4058035541399108
1.406206823930643
1.4052898209618132
1.4055644354736878
1.405435652287596
1.4084271281462786
1.4081026730779216
1.4072789747093755
1.4081074444751795
1.4079318086097303
1.4078265983313716
1.407678058540893
1.4076396568046192
1.4074206477099587
1.4068503898134923
1.4080567917814357
1.4085361645703163
1.4090589259728667
1.4088229018252267
1.4083025436727512
1.408583383923367
1.4088640743710317
1.4090597950762103
1.409258957776865
1.4085115153158252
1.4059065824955048
1.4062476028293442
1.4070763271996427
1.4067133728009131
1.4067410035893935
1.406952151653142
1.407022892431567
1.4060995342491838
1.4060669051290873
1.4120790123430123
1.4123226498293715
1.4102912666658007
1.4112057994859804
1.4123062881881858
1.412843198010483
1.4097615175203195
1.4095602629891846
1.4100389598889633
1.410295462572381
1.4100156987807089
1.4094940106473293
1.4096921260033766
1.4084615072116167
1.409224930839087
1.407778286450232
1.4059031912936097
1.4062369026905988
1.4066399313538274
1.4057232067735552
1.4059977872736429
1.4058689773441413
1.4088592997588045
1.4085350204392686
1.4077116983827522
1.4085398297294358
1.4083642432463803
1.4082590208197348
1.4081105031248118
1.4080720691770738
1.4078531436910717
1.407283067937555
1.4084890061585182
1.4089682027093275
1.4094907535624466
1.4092547318491613
1.4087346473916869
1.4090153463324593
1.4092958955567378
1.4094915183545764
1.4096905419320456
1.408943371483742
1.4063396706353568
1.4066805324835876
1.4075090230773255
1.407146107798067
1.4071737111514535
1.4073847790827958
1.4074554582044578
1.4065324856933128
1.4064999261584854
1.412509641716701
1.4127531694096331
1.4107223564670353
1.4116368176624854
1.412736766583635
1.4132732378938078
1.4101928359581526
1.4147624384563553
1.415239050082684
1.4154944979805457
1.4152158726501032
1.4146963309488483
1.4148936346868008
1.4136682969089676
1.4144284505215157
1.4129880257177017
1.4111209105000933
1.4114531933724548
1.4118544630560879
1.410941568277552
1.411215032950435
1.411086719413409
1.4140643936693083
1.4137415180612845
1.4129217156299183
1.413746332198772
1.4135714767672531
1.413466665980127
1.4133187541684618
1.4132804529766794
1.4130624529491058
1.4124947645205592
1.4136956028841157
1.4141727780287614
1.4146931129539264
1.4144580333899541
1.413940195047949
1.4142196857808464
1.414499027448699
1.4146938085938663
1.4148919508463063
1.4141479304428646
1.4115553867327437
1.4118947897239387
1.4127198304224367
1.412358386243815
1.4123858622045913
1.4125960381948395
1.4126663965689676
1.4117473467465387
1.411714961067454
1.4176992107347577
1.4179416983293436
1.415919340054797
1.416830111499441
1.4179253347730643
1.4184593902137692
1.4153920747119553
1.415252207547578
1.41572844818831
1.4159838840903447
1.4157052360890683
1.4151857222358524
1.4153830258669664
1.4141584037839001
1.4149181316234563
1.413478582565735
1.4116123586144023
1.4119444579975275
1.4123454054037585
1.4114327327861624
1.4117062243106142
1.4115778174064746
1.414554302867789
1.4142316520176248
1.4134122880019973
1.4142365394318253
1.4140617191006668
1.4139568503885775
1.413808931050221
1.4137705561620406
1.413552641585323
1.4129851083798748
1.4141854700013092
1.4146624709113298
1.4151825810954854
1.414947427752538
1.4144299344189688
1.4147092510667154
1.4149884187632427
1.4151830796707492
1.415381024849635
1.4146372708561095
1.4120461928854517
1.4123854092816042
1.413210282905838
1.4128487922011348
1.412876225431946
1.4130863199376076
1.4131565851525458
1.4122379583556879
1.4122056934933138
1.418187414876536
1.4184297756587647
1.4164078215915503
1.4173187612451206
1.4184133287484293
1.4189467328491265
1.4158808128893698
1.4159143704062807
1.4163902349353965
1.4166455458349174
1.416367019522901
1.4158477613197706
1.4160449721548483
1.4148212194457153
1.4155804154250262
1.4141419024541442
1.4122769215376016
1.4126087895076238
1.4130094161845805
1.4120972637755316
1.4123706377503145
1.4122422528975298
1.415216851302711
1.4148944443582105
1.414075645425589
1.4148993595434554
1.41472463579832
1.4146197926157613
1.4144719397255772
1.414433552636559
1.4142157755654075
1.4136485728513926
1.4148481745563353
1.4153248797327906
1.415844653192805
1.4156095801204458
1.4150924716317776
1.4153715855384255
1.4156505506105834
1.4158450706695107
1.416042841926787
1.4152995468906433
1.4127102884390168
1.4130492688019203
1.413873686096257
1.413512346236225
1.4135397490367507
1.4137497113405837
1.4138199052966758
1.4129018839308838
1.4128696838125154
1.4188475557312605
1.4190897505433744
1.4170689128580891
1.417979493303454
1.4190732771609285
1.419606163235969
1.4165422572128439
1.4120933252039922
1.4125706993055909
1.4128266232218532
1.4125474657927055
1.4120269571871844
1.4122246318956062
1.4109972480115724
1.4117586775191178
1.410315859860133
1.4084455550359176
1.4087783965822156
1.4091803046281421
1.4082657733372959
1.4085397619119937
1.4084111734353204
1.4113940183265827
1.411070616611624
1.410249430679712
1.4110754662183598
1.4109002946434668
1.4107952658882938
1.410647073230555
1.4106086734493315
1.410390294301202
1.4098215943531192
1.4110245188983992
1.4115025285080556
1.4120237608477664
1.4117882126434922
1.411269524938754
1.4115494784657452
1.4118292826884251
1.4120243867525883
1.4122228305443563
1.4114775071312207
1.4088806168239028
1.4092205907580064
1.410047122627564
1.4096849820180948
1.4097124942400823
1.409923036068472
1.4099934931596032
1.4090728676640554
1.4090404646423678
1.415035055599418
1.41527795344975
1.4132519380621509
1.4141644827574682
1.415261529073799
1.4157963539371137
1.4127237737728875
1.411711204876586
1.4121894220255589
1.4124455565682976
1.4121662155633745
1.4116452741214403
1.411843099690195
1.41061385576429
1.4113764156528534
1.4099313670114475
1.4080584852142757
1.408391817487638
1.4087944481420123
1.4078789326616896
1.4081530954723684
1.4080245295166898
1.4110111838707837
1.4106872453354595
1.409864867133826
1.410692004016303
1.4105166535513962
1.4104116195138379
1.410263323582001
1.4102249896873886
1.4100063336859288
1.4094369996748306
1.4106414570482355
1.411120056121576
1.4116419761011465
1.4114063435690272
1.4108868148610523
1.4111672066455483
1.4114474488649071
1.411642856956549
1.4118417065419036
1.411095470816825
1.4084947077039174
1.4088351818139517
1.4096625596410068
1.409300202987748
1.4093277913651776
1.4095385989494054
1.4096092300606553
1.408687356348644
1.4086547726075025
1.4146571991218793
1.4149004459313714
1.4128723637935545
1.4137853870716262
1.4148841166688844
1.415420190411396
1.4123434653863576
1.4104536042878912
1.4109315617794855
1.4111880969745927
1.4109082156612063
1.4103864693228803
1.410584630809851
1.40935536656804
1.4101179916931537
1.4086730186261118
1.406799530117785
1.4071328984982332
1.4075352818325944
1.406618852550397
1.4068935589542408
1.4067645045812789
1.4097527985375464
1.4094289591598275
1.408606450601154
1.4094339377562544
1.4092583907310883
1.40915301072727
1.4090044409915319
1.4089658289032185
1.4087470482915723
1.4081771953500846
1.4093823216739898
1.4098612305050175
1.410383387867684
1.410147141571667
1.409627727212831
1.4099080923112768
1.410188307919427
1.4103837005474045
1.410582318401792
1.4098355844995873
1.4072346382403456
1.407575151617593
1.4084034526906188
1.4080403456738222
1.4080678574174375
1.4082787877382292
1.4083492695913375
1.407427051928589
1.4073947620635343
1.4134000816437846
1.4136433752908824
1.4116130146756494
1.4125280759975187
1.413626777315798
1.4141618792887798
1.4110839592399513
1.4106180575991853
1.4110966636748223
1.411353205736791
1.4110733821423749
1.4105516155452376
1.410749765633025
1.4095192681352686
1.4102826251022114
1.4088361395221
1.4069611352688536
1.4072948187649834
1.4076977662783137
1.4067809854704236
1.407055626833867
1.406926750280662
1.4099170373447596
1.4095928070342618
1.4087695470814543
1.409597651708233
1.4094220509431439
1.409316782739822
1.4091682354226525
1.4091297599899801
1.408910836346175
1.4083407336728078
1.4095466588986296
1.4100258574528848
1.4105483941144255
1.4103122961878107
1.4097922830437704
1.4100729492092356
1.4103534656855747
1.4105490661530935
1.4107480317801937
1.4100008557290697
1.4073973886482127
1.4077382223870092
1.408566779683044
1.4082037787582329
1.4082313668167479
1.4084424333959102
1.4085130810151452
1.4075901458583329
1.4075576375549472
1.4135672164847908
1.4138107271587932
1.4117797482025538
1.4126944492316607
1.4137942821635505
1.4143305406458402
1.411250255697734
1.4105034584417073
1.4109819788192213
1.4112386732664273
1.4109586455091745
1.4104365726462322
1.4106348501549577
1.4094043202720383
1.4101677166657067
1.4087212295535925
1.4068459644352087
1.4071796679543442
1.4075825327696496
1.4066653976865326
1.4069402443145709
1.4068111857191938
1.4098021356942736
1.4094779352450106
1.4086546107286448
1.4094828608084538
1.4093071842756681
1.4092017868411775
1.4090531359268963
1.4090145575137312
1.408795583657412
1.4082252787958587
1.4094314742009089
1.4099107962575501
1.4104334307106443
1.410197102521137
1.4096771208540655
1.4099577829001717
1.410238295281616
1.4104338940297323
1.4106327785545196
1.4098854043531095
1.4072818172602128
1.4076226723277814
1.4084515855817448
1.4080883016406294
1.408115862104593
1.4083269780488172
1.4083975722652804
1.4074744920573068
1.4074420910580674
1.4134528545399347
1.413696387352766
1.4116645302082877
1.4125799984881826
1.4136798433063327
1.4142157556463877
1.4111349692912551
1.4115467515652917
1.4120243201302223
1.4122804478060993
1.412001049082206
1.411480127899083
1.4116779648670212
1.4104499541970617
1.4112117822437966
1.4097682461154593
1.4078968800632066
1.408229897220888
1.4086319636962932
1.407716799741663
1.4079910275927425
1.407862283817307
1.4108469450635706
1.4105233974610252
1.4097017706535258
1.4105282900643248
1.4103529933393408
1.4102478475012863
1.4100995291508809
1.410061058600627
1.4098425456313253
1.4092734613521078
1.4104771198235964
1.4109554291737094
1.4114769698544056
1.4112411889528838
1.4107222590301125
1.4110023497475892
1.4112822910987592
1.4114774913508603
1.4116759931635017
1.410930199587343
1.4083319572960507
1.4086721110445353
1.4094992326485822
1.409136769903337
1.4091642819658676
1.4093749532917246
1.409445418636848
1.4085242624188998
1.40849189711609
1.4144900642808738
1.4147330940634606
1.4127056302666505
1.4136190138374851
1.4147166118211318
1.4152515290543357
1.4121771689285754
1.4119503237727753
1.4124275239151185
1.4126836960985119
1.4124042025237373
1.41188319528763
1.4120810784933298
1.410853706678553
1.4116151619959225
1.410172421443305
1.4083017707730716
1.408634628403449
1.409036371827389
1.4081212810098938
1.4083956079131612
1.4082667130613782
1.4112505346438313
1.410927202225243
1.4101059504998488
1.41093219085809
1.4107568984906345
1.4106516530003703
1.4105032901358414
1.4104647151414107
1.4102462615956088
1.409677244905322
1.410880568221874
1.4113587640868315
1.4118801360180842
1.4116442043128057
1.4111255994802376
1.4114055304405377
1.4116853121469044
1.4118804024668048
1.4120786956299192
1.4113330721899435
1.4087361187483305
1.4090761106208751
1.4099032097784743
1.409540601821772
1.4095680650044968
1.409778680204389
1.4098490414401499
1.4089282170450261
1.4088960005952789
1.4148923000661788
1.4151352226152885
1.4131078069385112
1.4140216224268383
1.4151186285779298
1.4156528278139504
1.4125795540329598
1.4111157671465933
1.4115933485265721
1.4118497587191654
1.4115699990950386
1.4110485084067983
1.4112465770977323
1.4100181822298554
1.4107802754947236
1.4093363385145208
1.4074640930409832
1.407797230008329
1.4081992926134164
1.407283383539766
1.4075579723939406
1.4074289400723339
1.4104153469724685
1.4100917515004125
1.4092698080247452
1.410096757867884
1.4099213074287418
1.409815952954454
1.4096674496668884
1.4096288253777367
1.409410182271657
1.4088406598216023
1.4100450262290158
1.4105236393264784
1.4110454599650037
1.4108092939395744
1.4102902644256397
1.4105704267829864
1.4108504397667674
1.4110456915461655
1.411244135478944
1.4104978605341212
1.40789873379391
1.4082390111379088
1.4090668558810377
1.408703899708912
1.408731381022242
1.4089421791412056
1.4090125897354675
1.4080909775037846
1.408058752382736
1.414060222498509
1.4143033501754918
1.412274105942188
1.413188808055852
1.414286725728297
1.4148213096756224
1.4117454035634258
1.4118855787691131
1.4123632560992527
1.412619739919982
1.412339895738505
1.4118182557119763
1.4120163823603689
1.4107877125193204
1.4115499785319703
1.4101057224022782
1.40823303425685
1.4085662470489213
1.4089683892557792
1.4080522383621394
1.4083269107541951
1.4081978296378244
1.4111849701500727
1.4108613065211746
1.4100391742745302
1.4108663230105105
1.4106908253677384
1.410585433215633
1.4104368855754497
1.4103982412756733
1.4101795442726852
1.4096098734741471
1.4108145360510722
1.4112932686440283
1.4118152154572632
1.4115789715956018
1.4110598309317666
1.4113400547203687
1.4116201291051333
1.4118154238257712
1.4120139025569722
1.4112674406675045
1.4086677263801977
1.4090080812718357
1.409836148568301
1.4094730806709757
1.4095005649794967
1.409711415167884
1.409781835364228
1.4088600033727179
1.4088277830929326
1.4148307110174732
1.415073894871144
1.4130441044768838
1.4139590941740239
1.4150572557112469
1.4155919191721051
1.4125152776777845
1.4122597586403338
1.412737246633161
1.412993639700962
1.4127138924541376
1.4121924372031633
1.4123904942812384
1.4111622975469487
1.4119242711076625
1.4104805731065762
1.4086085944206717
1.4089416795252252
1.4093436617544777
1.4084278454770134
1.4087024229939253
1.4085733817578492
1.411559404176644
1.4112358672875287
1.4104140492492037
1.4112408862859693
1.4110654523076251
1.4109600937839075
1.4108115978615272
1.4107729628352212
1.4105543475986941
1.4099848858629562
1.411189097688043
1.4116676520394817
1.4121894024948631
1.411953237280886
1.4114342989986184
1.4117144142526836
1.411994380162003
1.412189599305621
1.4123879968640038
1.4116418125900934
1.4090430965071938
1.4093833210226563
1.4102110878402647
1.4098481447079634
1.4098756168762616
1.4100863882844235
1.4101567783264308
1.4092352946518276
1.4092030927258683
1.4152037656230716
1.4154468567022453
1.413417802542599
1.4143324807813535
1.4154302185267795
1.4159646563033979
1.4128891763760367
1.4150220191700984
1.415498355760991
1.4157538652911612
1.4154751327325354
1.41495546954103
1.4151528311296027
1.4139279340733653
1.4146878346607028
1.4132479664534923
1.4113812998302695
1.41171347503812
1.4121145020461214
1.4112015876085355
1.4114751626708688
1.411346706971965
1.4143239260453933
1.414001207038387
1.4131816542517828
1.4140061045744519
1.4138312370396637
1.413726330649757
1.4135783669587831
1.4135399720599782
1.4133220035863514
1.4127543220324197
1.4139549798233657
1.41443210022888
1.4149523365877452
1.4147171054085648
1.4141995009250958
1.4144788790040979
1.414758108101609
1.414952811950355
1.4151507919276634
1.414406850989493
1.4118151854717398
1.4121544794155314
1.4129795755931018
1.4126179731631985
1.4126454093892014
1.412855555964286
1.412925830781306
1.4120069842246217
1.4119747242035106
1.4179579033955005
1.4182003203544171
1.4161778201262467
1.4170890473632924
1.4181838587313793
1.418717342345609
1.4156506870037286
1.414158070207654
1.4146349671214564
1.4148905794003823
1.414611772577937
1.4140918967628386
1.4142893280285673
1.4130632421708047
1.4138238609830702
1.4123825589011603
1.4105142915521383
1.4108467779367428
1.4112482871997516
1.4103348159850506
1.4106084590709593
1.4104800568588742
1.413459582820341
1.4131365123156925
1.4123162069050297
1.4131413340659396
1.412966367766363
1.4128614856730308
1.412713477790946
1.412675147315068
1.4124570116241253
1.4118889657842946
1.413090551069201
1.4135680239508581
1.414088681408586
1.4138534453606963
1.4133352934872243
1.4136149541859138
1.413894465730196
1.4140893653936217
1.414287623617303
1.413543138653659
1.4109490091920356
1.4112886201070454
1.4121141838377367
1.4117525031688911
1.4117799942650817
1.4119903011049775
1.4120606992355251
1.411141081336363
1.411108682144714
1.417096644648124
1.4173392811938943
1.415315640523778
1.4162270110102826
1.4173229019404814
1.417857262578959
1.4147880501280623
1.4128416849464336
1.4133186803734066
1.413574422783812
1.4132954592239708
1.412775320169559
1.4129728557373453
1.4117464180668284
1.412507262670502
1.4110655612687295
1.4091966753635603
1.4095292615348232
1.4099308496255394
1.4090169875670442
1.409290786391454
1.4091622776753698
1.4121428863797247
1.4118197381443314
1.4109991806290592
1.4118245927692776
1.4116495485232403
1.4115445870248442
1.4113964978027103
1.4113581165684272
1.4111399009532204
1.4105716191307383
1.4117736421723415
1.4122512952989623
1.4127721349229658
1.4125367440140608
1.4120184610724567
1.4122981975303754
1.4125777848021637
1.412772737712288
1.4129710191584197
1.412226250976398
1.409631357077895
1.4099710702596475
1.4107970011714914
1.4104351100920698
1.4104625980336118
1.4106729823015518
1.410743379084009
1.4098234502222737
1.40979108390824
1.4157811648106151
1.4160238771119527
1.4139993341935815
1.4149112559721275
1.4160074547048647
1.4165418281996984
1.4134715711693913
1.415396199041319
1.4158723462948992
1.416127765072141
1.415849129448168
1.4153296510322178
1.4155269430504724
1.4143025191009935
1.4150621272363948
1.4136228171577905
1.4117568599940915
1.4120889075144236
1.4124897745448204
1.41157719472341
1.411850674910599
1.41172225909199
1.4146983600719643
1.4143757678047404
1.4135565292264562
1.414380667849911
1.4142058639795503
1.414100991218032
1.4139530792448605
1.4139146936195257
1.4136968069123608
1.413129334421229
1.4143295414603367
1.4148064836243335
1.4153265236253452
1.4150913710938495
1.4145739689919472
1.414853238536413
1.4151323591584783
1.4153269874302052
1.4155248862346952
1.414781222912082
1.4121905555987362
1.4125297191663522
1.4133545148650655
1.412993037200186
1.413020461285966
1.4132305290808258
1.413300773743509
1.4123822755037312
1.4123500338364465
1.4183309580010988
1.4185732821855186
1.4165515181919621
1.4174624339706223
1.4185568215469124
1.4190900794769017
1.4160245857019809
1.4147918307926177
1.4152682633336715
1.4155238464919784
1.4152450293760022
1.4147252168462081
1.414922636392239
1.4136974643628306
1.4144575376979494
1.4130173503412489
1.4111502410461367
1.411482492078712
1.4118835986884848
1.4109704424309089
1.4112441010311239
1.4111155965374553
1.4140935492229976
1.4137707620591484
1.4129510205015674
1.4137756697170785
1.4136007549786607
1.4134958109109357
1.4133478028673452
1.413309387957915
1.4130913655873802
1.4125235356849644
1.413724489645422
1.4142017295464302
1.4147220920800052
1.4144867830645917
1.4139690674312226
1.41424850694148
1.4145277974399753
1.4147225442299607
1.414920559005692
1.4141764311228766
1.4115841780580278
1.4119235495494589
1.4127488682803653
1.4123871541252624
1.412414593346456
1.412624791990964
1.4126950764100663
1.4117760100935557
1.4117437549137068
1.417728391914465
1.4179708650500695
1.4159478186609427
1.4168593334814645
1.4179543887143293
1.4184879518420912
1.4154205611180875
1.4155989752075846
1.416074670903464
1.4163303430768026
1.416051336259066
1.4155313516233023
1.4157288636448557
1.4145049693258127
1.4152642972022016
1.413825700996941
1.4119600224658662
1.4122919544438342
1.412692414950676
1.4117794049673709
1.412053261671961
1.4119244550255983
1.4149007283835187
1.4145783715875844
1.4137593801942137
1.4145834713046086
1.4144085652812481
1.4143034219091046
1.4141553248372667
1.4141167010394817
1.413898797515947
1.4133311027913933
1.4145313864419777
1.415008399372674
1.415528424407362
1.415292813784436
1.4147757483314722
1.415054868327377
1.4153338395362658
1.4155283664618494
1.415725963938527
1.4149821763280772
1.4123925009625882
1.4127315487021388
1.4135568225401496
1.413194817962132
1.413222159423715
1.4134322458162933
1.4135023220166705
1.4125839193458083
1.4125519618720854
1.4185328634850756
1.418775122153725
1.4167521720046643
1.4176645506601713
1.4187584222279255
1.4192905493613206
1.4162253313268565
1.411951313835299
1.4124282466312357
1.4126846499569672
1.4124048326138692
1.411883362184441
1.4120814422745587
1.410854280662627
1.4116156420856663
1.4101732176185326
1.408302487889914
1.408635309741579
1.4090368081676974
1.4081212506197396
1.4083959045143144
1.4082666943729507
1.4112511081652552
1.4109279036259783
1.4101067115444446
1.4109330439159058
1.410757647216686
1.410652180941901
1.4105036552357673
1.410464894290975
1.4102463942170536
1.409677121498879
1.410880689004376
1.4113590123786115
1.4118804537182619
1.4116441393234311
1.4111257085947004
1.4114055698850274
1.4116852820006192
1.4118803259404769
1.4120784221005418
1.4113325893046385
1.4087359833860427
1.4090759403684925
1.4099035288886124
1.4095404666245008
1.4095678716229314
1.4097785334835244
1.40984877831166
1.4089278835740404
1.4088958768913236
1.4148930876575028
1.4151359983075809
1.4131073724152832
1.4140224348217103
1.4151192208805439
1.4156526483185625
1.4125791071056433
1.4120659129927773
1.4125429314868363
1.4127991824273312
1.41251956924707
1.4119984050834467
1.4121963577526258
1.4109692285258573
1.4117305505221711
1.4102881275870403
1.408417658723559
1.4087504605522179
1.4091520416763617
1.4082368384036301
1.40851128703361
1.4083822589344193
1.411366009815741
1.4110427754152297
1.410221647897254
1.4110478348156847
1.410872513884162
1.4107671768405459
1.4106187547315234
1.410580096767224
1.4103616469058167
1.4097925763758283
1.410995873702097
1.4114740735739462
1.4119954171220428
1.411759332990105
1.4112408707844053
1.4115207361940916
1.4118004524045786
1.411995498063838
1.4121936753262163
1.4114480406805994
1.4088515547740426
1.4091914904277203
1.4100187229899113
1.4096559437421048
1.4096833763350867
1.4098939888306175
1.4099642870615245
1.4090435373750663
1.4090114233882027
1.4150074496023586
1.4152503381136083
1.413222590409549
1.4141368855651881
1.4152336597377617
1.4157674333180152
1.412694393512122
1.41332549370652
1.4138022371651437
1.414058549737947
1.413778829329502
1.413257543675629
1.4134555541954283
1.412228865690255
1.4129899346613586
1.411548068322831
1.4096780480537359
1.4100107422178827
1.4104120806663958
1.4094968577346139
1.4097714167540443
1.4096422464929754
1.4126255421918263
1.412302464392332
1.411481586519118
1.4123076071913645
1.4121322741565725
1.4120268415101758
1.4118783675218447
1.4118396158505226
1.4116211975430626
1.4110521338876887
1.412255250641347
1.4127333957740649
1.4132546407558617
1.4130184050087158
1.4125001766615515
1.4127799294173424
1.4130595330574887
1.413254501420327
1.4134525164075735
1.4127069612272276
1.4101113535130387
1.4104511801193123
1.4112784681605761
1.410915530661488
1.4109429235196962
1.4111535066000644
1.4112237212738634
1.4103031748531492
1.4102711865242596
1.416266142263101
1.4165089601386824
1.4144810704809982
1.4153958214290403
1.4164921836960769
1.417025385449855
1.4139530058038954
1.4135272798102616
1.414003839057592
1.4142601738841531
1.4139804060502674
1.4134590773699023
1.4136571110085823
1.4124307419310005
1.4131916245374219
1.411750155986754
1.409880493408668
1.4102131078091633
1.4106142847319434
1.4096990983687294
1.4099737069142537
1.4098444611150118
1.412827336981957
1.4125043667744408
1.4116836764422795
1.4125095575882471
1.4123342267322194
1.4122287442597183
1.4120802480143253
1.4120414441209146
1.4118230555252043
1.411254025664296
1.4124569748404858
1.4129350632306255
1.413456223837701
1.4132199126886769
1.4127018468866142
1.4129815197638167
1.4132610435815613
1.4134559569782992
1.413653867640782
1.412908397528528
1.4103134342391785
1.4106531799074826
1.411480456725522
1.4111174466207057
1.4111448150390107
1.4113553700563968
1.4114255326755138
1.4105051521662129
1.410473238263854
1.416467260155754
1.4167100244145963
1.4146821588169285
1.415597125723717
1.4166931920744756
1.4172260348296624
1.4141541983560875
1.4143912287727056
1.4148672276971266
1.415123459774932
1.4148437662048658
1.4143226501480939
1.414520614109618
1.4132954338335613
1.4140555982150547
1.412615563539086
1.4107475016867996
1.41107980491054
1.4114804995783137
1.410565869992214
1.4108404105141628
1.4107111112281028
1.413691680207009
1.4133690614971353
1.4125491237890324
1.4133743280967594
1.41319909600552
1.413093589236444
1.412945137182162
1.412906268865824
1.4126880474874306
1.4121193819124207
1.4133214035946506
1.4137991395086473
1.4143198790168598
1.4140835727365453
1.4135660543244855
1.4138454445820008
1.4141246859529744
1.4143194035350326
1.414517035951143
1.4137721098643619
1.4111796105188834
1.4115190392159689
1.412345848480887
1.4119829166150133
1.4120102301631303
1.4122206249157052
1.4122906642212953
1.4113710550544714
1.4113392803226499
1.4173285189031306
1.4175710635751195
1.4155443384193973
1.416459162076727
1.4175541488653736
1.4180861145963122
1.415016835231754
1.4132178449427029
1.4136941163395491
1.4139502302817026
1.4136707161198672
1.4131498354543686
1.4133476952206732
1.4121221510626047
1.4128825154256817
1.4114420043234828
1.4095736697610677
1.4099060566873869
1.4103069948048543
1.4093925339016098
1.4096668918334896
1.4095377924185402
1.4125184674491442
1.4121957017121558
1.4113755776929242
1.4122008621603674
1.412025672915229
1.4119203034761805
1.411771940288639
1.4117331964271038
1.4115149695221187
1.4109463847066614
1.4121484453743167
1.4126261752779752
1.4131469573609217
1.4129108797205965
1.4123931473682336
1.4126726359516704
1.4129519755664626
1.4131467601394825
1.4133445664066973
1.4125996571283777
1.4100064564803154
1.4103459695057015
1.4111725786637315
1.4108099037345145
1.4108372631672457
1.4110476619763623
1.411117795789233
1.4101980745594112
1.4101661461332644
1.4161557945988612
1.4163983903276391
1.4143721632128408
1.4152862673692017
1.4163816021256257
1.4169142063402151
1.4138445760130103
1.4159437627425433
1.4164194481863848
1.4166748943463499
1.4163961762488
1.4158766472171302
1.4160739738602868
1.414850386899578
1.4156095026014603
1.414171227077692
1.412306252083645
1.412638088213881
1.4130385518169777
1.4121261379288885
1.4123997058310027
1.4122711300215762
1.4152460068564006
1.4149236883560745
1.4141049502972376
1.4149286970617616
1.4147539140097276
1.414648937546571
1.414500988424461
1.4144624876177945
1.4142446882036819
1.4136773440157975
1.4148770613176422
1.4153538312504592
1.4158736323188834
1.415638329795083
1.4151213440150507
1.415400406699059
1.4156793206018592
1.4158738063056053
1.4160714500861729
1.4153280475706551
1.4127390797643007
1.4130780286274398
1.413902723954185
1.4135411141176724
1.4135684801786152
1.4137784651367085
1.413848585137775
1.4129305472779008
1.4128984776587687
1.4188767369109672
1.4191189172641
1.4170973914642346
1.418008715285478
1.4191023311021937
1.419634724864291
1.4165707436189765
1.4162895403400255
1.4167649481854214
1.4170203994743524
1.416741646328665
1.416222109707769
1.4164194478569467
1.415196378457417
1.4159551880904617
1.41451754933367
1.4126531988182658
1.4129849033220574
1.4133851250235874
1.4124728405002513
1.4127464465911972
1.4126177863291272
1.4155918588507062
1.4152697065252993
1.4144512814448587
1.4152747758767295
1.415100011464258
1.4149949811255673
1.4148470171115803
1.4148084533456708
1.414590711512861
1.4140234618337588
1.4152228569758083
1.4156995114200237
1.416219157930583
1.4159837808163556
1.4154670488130916
1.4157459845152307
1.4160247715211673
1.4162191696230328
1.4164166627044417
1.4156734359279273
1.4130855232037247
1.4134243383003575
1.4142489444783588
1.4138872750759413
1.4139146075519502
1.4141245377362586
1.4141945851303892
1.413276841739007
1.4132448697414957
1.4192213979281827
1.4194634880667683
1.4174421764005762
1.4183536923056559
1.4194468322790754
1.4199787208718737
1.4169157089837796
1.4163189326762877
1.4167941614364097
1.417049747985785
1.4167708030545643
1.4162509956051283
1.4164484495623855
1.4152255459112801
1.415984275266896
1.4145468739572178
1.4126825293643093
1.4130142020283147
1.4134142606559843
1.412501714653608
1.4127755146718857
1.412646663453174
1.415621014404396
1.4152989505231635
1.4144805863165075
1.4153041133950355
1.4151292896756653
1.4150241260563765
1.414876065810464
1.4148373883269065
1.4146196241511355
1.4140522329981637
1.4152517437371153
1.4157284629376925
1.4162481370566615
1.4160125304909927
1.4154959211963651
1.4157748056758637
1.4160535415124436
1.4162479052591272
1.4164452708638275
1.415701936607939
1.4131143145290086
1.4134530981258775
1.414277982336287
1.4139160429573887
1.4139433386938143
1.4141532915323836
1.4142232649714876
1.4133055050860244
1.413273663587749
1.4192505791078898
1.4194926547874944
1.4174706550067213
1.4183829142876796
1.4194758862203403
1.4200072825001953
1.416944195389912
1.4144843760501065
1.414959986047863
1.4152158106064388
1.4149365996258658
1.4144163087242965
1.4146139481667883
1.4133900214625825
1.414149388765697
1.412710791028433
1.4108448516322214
1.411176803633195
1.411577181442012
1.41066381718348
1.4109378791526652
1.4108088904641298
1.413785826733033
1.413463499798333
1.4126444438414043
1.41346868040483
1.4132936986137723
1.4131884260104604
1.4130402253415109
1.4130014985632326
1.412783544827184
1.412215647914444
1.413416201744257
1.4138933381773393
1.4144134610035815
1.4141776201177616
1.4136605861417673
1.4139397020183133
1.4142186691323064
1.4144131943384886
1.4146107107128525
1.4138667249521168
1.4112769295745884
1.4116159986429113
1.4124416284388506
1.4120793408445285
1.4121066547115604
1.4123167904691998
1.4123868132668054
1.4114682655447828
1.4114364153752055
1.4174185015402196
1.4176607823476979
1.4156369540103988
1.4165500999166931
1.417643983370708
1.418175764361868
1.4151100449203775
1.414629357606371
1.4151046068705688
1.4153606454466905
1.415081123075097
1.4145604044174727
1.4147582291315235
1.4135347107637501
1.4142938644683796
1.412855821795716
1.4109900701287525
1.4113219344882213
1.4117219869233821
1.4108082487305729
1.4110826263538025
1.4109533134612178
1.4139304574586324
1.413608316986184
1.412789446110459
1.4136136618807311
1.4134385922187072
1.4133330947814458
1.4131847386360763
1.4131458151702818
1.4129278427756662
1.4123597505493553
1.4135603939857868
1.414037599182123
1.4145577212336193
1.4143214984696981
1.413804729829208
1.4140837289325006
1.4143625793812566
1.4145570255716162
1.414754298568536
1.4140101941227845
1.4114211569255843
1.4117601382752758
1.4125861795082164
1.412223450646309
1.4122506971840143
1.4124608528915534
1.4125307387292791
1.41161224922184
1.4115806320143822
1.4175628322561065
1.4178050645667442
1.4157802160875823
1.416694585037067
1.417788068471805
1.4183189314942546
1.4152533708056723
1.4088990901930063
1.4093778958579937
1.4096347546862642
1.4093545454370087
1.408832138460222
1.4090305434967243
1.4077992655338756
1.4085631271272612
1.4071157627370507
1.4052393454872538
1.4055732525186324
1.4059763569133137
1.4050586453940317
1.4053336704350956
1.4052045231646595
1.4081973248453068
1.4078729294994181
1.4070491020037563
1.4078778626756216
1.4077020752747784
1.407596606534082
1.4074478595493811
1.4074092518521202
1.407190142332432
1.406619480059594
1.4078264223859944
1.408306042179647
1.4088289991653045
1.4085925144918792
1.4080722192933406
1.4083530513052391
1.4086337335631125
1.4088294508294879
1.4090284513255165
1.4082806125639042
1.4056754397195044
1.4060165027108884
1.406845938997045
1.4064824185657059
1.4065099941650834
1.4067212409589553
1.4067918749318378
1.4058682266471318
1.405835812135328
1.4118502884533004
1.4120939702173168
1.4100608306772686
1.4109768979990243
1.41207741047375
1.412613628011577
1.4095309447073618
1.4088049528530815
1.40928441479114
1.4095414499963015
1.409261081925877
1.4087383129872086
1.4089368456583249
1.40770410392078
1.4084688564868748
1.407019739072476
1.4051412784249893
1.4054755724578476
1.4058792387093064
1.4049607285929202
1.4052359051954404
1.4051067626170588
1.4081026047978589
1.407777789797486
1.4069530209067882
1.4077826573097354
1.4076067239404746
1.4075012418185349
1.407352406290106
1.4073138430051473
1.407094512371234
1.4065233374640138
1.4077315034538858
1.4082115952191747
1.408735099478405
1.4084985321000374
1.4079775783615964
1.4082587544244367
1.4085397805300655
1.4087357365523596
1.4089350500931839
1.4081864803614534
1.4055782560260874
1.4059197135363288
1.4067498399289429
1.4063861295334614
1.4064137629982185
1.4066252221263253
1.406695989014817
1.4057713496278061
1.4057388007867282
1.4117595182248877
1.412003475752446
1.4099686496094956
1.410885147764186
1.4119869836658019
1.4125241577414096
1.4094381819460546
1.4098049528530816
1.4102844147911402
1.4105414499963018
1.4102610819258774
1.409738312987208
1.4099368456583246
1.4087041039207802
1.4094688564868745
1.4080197390724756
1.4061412784249896
1.4064755724578475
1.4068792387093065
1.4059607285929199
1.4062359051954407
1.406106762617059
1.4091026047978588
1.4087777897974856
1.4079530209067888
1.4087826573097353
1.4086067239404747
1.4085012418185348
1.408352406290106
1.4083138430051474
1.4080945123712338
1.4075233374640135
1.4087315034538859
1.4092115952191746
1.4097350994784055
1.4094985321000366
1.4089775783615963
1.4092587544244366
1.4095397805300653
1.40973573655236
1.409935050093184
1.4091864803614533
1.4065782560260878
1.4069197135363287
1.4077498399289432
1.4073861295334613
1.407413762998219
1.4076252221263252
1.407695989014817
1.4067713496278065
1.4067388007867279
1.4127595182248878
1.413003475752446
1.4109686496094962
1.4118851477641858
1.4129869836658016
1.4135241577414097
1.4104381819460545
1.4086689018155258
1.4091478034306746
1.4094047358870805
1.4091244420804756
1.4086018857654
1.4088003487593603
1.4075687958233407
1.4083328301645075
1.4068851466248076
1.4050082867031204
1.4053422695592244
1.4057454535556768
1.4048275002164048
1.4051026087953502
1.4049734127301496
1.4079669480229113
1.4076424845201803
1.4068184682535418
1.4076474278182478
1.407471593213775
1.407366086795261
1.407217295457943
1.4071786677500573
1.4069595043334604
1.4063886937121386
1.407595932208051
1.4080756714971967
1.4085987546575642
1.408362192147906
1.4078417857994676
1.4081226792426214
1.4084034229014786
1.4085991831090932
1.4087982184035448
1.4080501926972873
1.4054444323057924
1.4057855728448152
1.4066152316843081
1.4062515995277696
1.4062791781223385
1.4064904769856332
1.4065611205605981
1.4056372525160652
1.4056048428455243
1.411620776972265
1.411864514912969
1.4098308292119646
1.4107471841171957
1.4118479404567001
1.4123842375080597
1.4093008188217209
1.4094093211017826
1.4098884977523671
1.4101453685764644
1.4098651819980432
1.409342747173218
1.4095411523165582
1.408309158658943
1.4090734460253203
1.407625205889017
1.405747897372944
1.4060819878935595
1.4064854145656422
1.4055674808854213
1.4058424790749156
1.4057134251715933
1.4087074156468256
1.4083827955430774
1.4075585296316773
1.4083876554425678
1.4082118329413644
1.4081064221256305
1.4079576826676212
1.407919148666758
1.407699953696214
1.4071291362002782
1.4083365552687999
1.4088163492970778
1.4093395310237453
1.409103120129295
1.408582479922321
1.4088634860193696
1.4091443422485683
1.4093401797526044
1.4095393773221871
1.4087912721506588
1.406184633566796
1.4065258831532224
1.407355486513643
1.4069920126083852
1.407019630937728
1.407230959216187
1.4073016863482595
1.4063776150379814
1.4063450797094676
1.412362084311522
1.4126058928878948
1.4105723491405149
1.411488248253344
1.4125894164983843
1.4131262853762199
1.4100422065299476
1.4077127956382047
1.40819237915652
1.4084500530232504
1.4081688785950095
1.4076448213078165
1.4078438753823836
1.4066100902758325
1.4073755460259763
1.4059253077583562
1.4040446455964102
1.4043792550733223
1.4047829931859164
1.4038627510114996
1.4041387331580912
1.4040089646926042
1.4070090317932589
1.4066840528970228
1.4058584618990129
1.4066891580594805
1.4065128700582734
1.4064069329860496
1.406257683230683
1.4062187924573033
1.405999147652925
1.4054269480555475
1.4066368260867814
1.4071176448422629
1.4076418351918618
1.407404419729446
1.4068831556587775
1.4071645364326146
1.4074457672044483
1.407641869222576
1.4078411018020969
1.4070913823883935
1.4044808016080947
1.4048225838570034
1.4056543790811178
1.405289570106675
1.4053171450682231
1.4055289098519652
1.4055995768408167
1.4046738056665093
1.4046415420302167
1.4106703231791224
1.4109145326721606
1.4088755994952669
1.4097950223190918
1.4108977414630817
1.411434328480466
1.4083445253301141
1.4087785307043907
1.4092573696885031
1.4095149630602353
1.4092338154703736
1.4087099277802817
1.4089089352965736
1.4076766584191387
1.408441209579672
1.4069928029746108
1.4051140992294742
1.4054483177659798
1.4058514120978343
1.4049317632690996
1.4052077269182104
1.4050778294277309
1.4080751698084415
1.4077506500018266
1.4069259991689271
1.4077558789648756
1.4075796919072208
1.4074736807123176
1.4073244528910005
1.4072854454726045
1.4070659975972934
1.4064941960802797
1.4077029790400857
1.4081833885768453
1.4087070734528597
1.408469587457276
1.4079490333217113
1.408230051597273
1.4085109200999344
1.4087067713372818
1.408905621345667
1.408156531025528
1.4055490586139394
1.4058904429536596
1.406721759401429
1.4063569560602
1.4063844517116575
1.4065960281676064
1.4066665197882489
1.4057416858678313
1.4057096358286074
1.4117326998191524
1.4119766361085968
1.4099388674336657
1.4108583629667786
1.4119597066323788
1.4124950576269235
1.4094083547579725
1.4084327531069085
1.4089118696894658
1.4091694579322327
1.408888345390508
1.4083644652896425
1.4085634612999136
1.4073306668612997
1.40809552409067
1.4066464807186325
1.404767152494853
1.405101502657803
1.4055048388912248
1.4045850606977368
1.4048609861580157
1.4047311731201797
1.4077293178141357
1.4074046318326017
1.4065796680213067
1.407409800149908
1.4072335944526906
1.4071276371333215
1.4069784242038805
1.4069394797447277
1.4067199742881138
1.4061480782623181
1.407357183381919
1.4078377084072808
1.4083615478411609
1.408124136436003
1.4076033285236695
1.4078844737811012
1.4081654691806258
1.408361408019854
1.4085604087273975
1.4078111426682551
1.4052026151745152
1.4055441332807417
1.4063755388772552
1.4060107951019312
1.4060383243383228
1.4062499555680557
1.4063205197956345
1.4053953914067252
1.4053632437458803
1.4113880388019369
1.411632065305929
1.4095940824973239
1.4105133859466
1.4116152054554971
1.412151061619341
1.4090633893931697
1.4080585732356872
1.4085378791555574
1.408795558151253
1.4085143486748752
1.4079902837984553
1.4081893493790436
1.4069560818336715
1.4077212315149779
1.4062716300143339
1.404391592331031
1.4047260701814988
1.4051295663925258
1.4042094535828622
1.4044854739182855
1.4043556210001549
1.4073548837875645
1.4070300710662478
1.406204793046633
1.4070352368744483
1.4068589675128038
1.4067529765650462
1.406603711917803
1.4065647581851797
1.4063451709621047
1.4057730658735086
1.406982621744948
1.407463325011827
1.4079873608035607
1.4077498707507183
1.4072288604568182
1.4075101142487862
1.4077912181237566
1.407987232540004
1.4081863144203663
1.407436770745666
1.4048272450475188
1.4051688935299211
1.4060005996052911
1.4056357310649439
1.4056632724415579
1.405874982451516
1.4059455768334312
1.4050201001276157
1.404987934112944
1.4110149841963382
1.4112591034748279
1.4092203844316085
1.4101399993392703
1.411242242639964
1.4117783244880484
1.4086894906949174
1.410656380454157
1.4111338863880505
1.4113906749792542
1.411110422472104
1.4105881699139646
1.4107865514042341
1.4095578167928597
1.4103201616589607
1.408875902465262
1.4070026925895596
1.407335945427643
1.4077379222384505
1.4068210627943578
1.4070961457156026
1.4069667005148874
1.409955166849101
1.4096315629426714
1.4088093015689112
1.4096367412109527
1.4094610920327864
1.409355441418343
1.409206686583938
1.4091678363231745
1.4089490388951589
1.4083789637202488
1.4095841666556306
1.4100631462533584
1.4105852886497012
1.4103485842622534
1.409829506552356
1.410109722102241
1.4103897882972145
1.410585079579049
1.4107833961056238
1.410036537915583
1.4074365836041973
1.4077769811533798
1.4086057603657027
1.4082421264357683
1.4082695555551867
1.4084805044736972
1.4085508178644985
1.407628695770666
1.407596690099173
1.4136019871277612
1.4138452152590888
1.4118136684883515
1.4127301926870675
1.4138283779968113
1.4143623491731996
1.4112847048648272
1.4099942175954545
1.4104720996409645
1.4107290132346817
1.4104486390382718
1.4099261308300468
1.4101246051163525
1.4088950011310448
1.4096578778573912
1.4082125825768532
1.4063381296663608
1.4066716139175468
1.4070739114576287
1.406156531804989
1.406431732275903
1.4063022650238326
1.4092926184141792
1.4089687706020861
1.4081459441453203
1.408973921099323
1.408798175335133
1.4086924991911594
1.4085436779085818
1.408504839848657
1.4082859049150742
1.4077154992487313
1.4089214621006048
1.4094007374318978
1.4099232165523816
1.4096864318943463
1.4091669693395477
1.409447387630531
1.4097276564498742
1.4099230885802878
1.4101215790284716
1.4093742618810499
1.4067724880506334
1.4071131216330641
1.407942357175284
1.4075785724006784
1.4076060319503823
1.4078171130707209
1.4078874977203684
1.4069647701954708
1.4069326997799716
1.4129418462730372
1.41318524037448
1.4111525772218136
1.4120694606287343
1.4131684295843123
1.4137029187863566
1.4106232605413527
1.4100226198691932
1.4105005901758352
1.4107574078876584
1.410477165674039
1.4099548498305954
1.410153243040562
1.4089235946008338
1.4096864849440809
1.4082411110251731
1.4063667430955613
1.406700231285674
1.4071026107497178
1.4061854363485002
1.4064605037554385
1.4063311608363065
1.4093212004464444
1.408997313199215
1.4081744879723734
1.4090024055598136
1.4088267048204892
1.4087211161804376
1.4085723615075394
1.408533595680328
1.4083146849319037
1.407744393819579
1.4089502280794095
1.4094294406577867
1.4099518779782823
1.4097152465583582
1.4091957326083584
1.4094761693466744
1.4097564565874354
1.40995190074271
1.4101504607172344
1.4094032454463659
1.406801414738205
1.4071420517109667
1.4079710759230744
1.4076074754793968
1.4076349564738124
1.4078460135877104
1.4079164406899571
1.4069937670134733
1.4069616173301802
1.41297023986142
1.4132136314029133
1.411181490351187
1.412097870215886
1.4131968912229629
1.4137316599100669
1.4106521938748018
1.41076303915545
1.411241284497528
1.4114980405770428
1.4112179055916065
1.4106957112384138
1.4108940465977595
1.4096639574364358
1.410427100804894
1.4089811702893826
1.407106353765385
1.4074399496200092
1.4078425717596834
1.4069254170175163
1.4072003740350045
1.40707117327775
1.410061668070359
1.4097376242221125
1.408914549350509
1.4097426331841338
1.4095669445480787
1.409461451510807
1.4093127487172175
1.4092740765970293
1.4090551342946576
1.408484836307719
1.4096908511401591
1.4101701184576683
1.4106926543444633
1.4104561745397477
1.4099364267312118
1.410216976123423
1.4104973759345254
1.410692897386221
1.4108916196358767
1.4101443248997376
1.4075416159992087
1.407882362019374
1.4087113307524097
1.408347888560013
1.4083754092892025
1.408586495818264
1.408657006477619
1.40773412953539
1.4077018541941237
1.4137115472006774
1.4139550093778392
1.411923010279737
1.4128389343520342
1.4139383672646477
1.4144737077782272
1.4113935815830283
1.4111950136366722
1.4116729788172955
1.4119296835224322
1.4116495856689055
1.4111274976275097
1.4113257981482776
1.4100963033877163
1.4108590876437102
1.4094138740655486
1.4075398579044507
1.4078732981706976
1.4082756791828686
1.4073588028292587
1.4076337258349592
1.4075044983342953
1.410493839682885
1.41016997158346
1.4093472730238854
1.41017501843839
1.4099993791847287
1.4098938739991704
1.409745193301136
1.4097064889694841
1.4094876302757708
1.408917514431781
1.4101230655172416
1.4106021565966786
1.411124481934043
1.4108880045636818
1.4103685304501472
1.4106489385325154
1.4109291971202318
1.4111246206645878
1.4113232037910575
1.4105761810676545
1.4079747041390613
1.4083152916736168
1.4091440266300916
1.4087806235571665
1.4088081168512618
1.409019123247918
1.409089572250509
1.4081670809795195
1.4081348752235219
1.4141421765743654
1.4143855289581013
1.4123541000809718
1.4132699525285388
1.4143688456600965
1.4149037476615522
1.4118249000208614
1.4091302686330103
1.40960871100143
1.4098657273439026
1.4095852788836734
1.4090625580518554
1.4092611020153167
1.408030309228484
1.408793904179758
1.4073471750245217
1.40547112138823
1.4058049168161701
1.4062076966112589
1.405289760181504
1.4055650286759935
1.4054356149107416
1.4084282751891266
1.408104075879392
1.4072804967985673
1.4081091505908103
1.4079333060618326
1.4078276542144332
1.407678788740745
1.4076400151037474
1.4074209129528474
1.406850143000606
1.4080570333464402
1.4085366611538763
1.4090595613732224
1.4088227718464776
1.408302761901676
1.4085834628123466
1.4088640140784612
1.4090596420235544
1.4092584107181112
1.408510549545216
1.4059063117709287
1.406247262324578
1.4070769654199187
1.4067131024063706
1.4067406168262626
1.4069518582114122
1.4070223661745873
1.406098867307212
1.4060666577211756
1.4120805875256603
1.4123242012139567
1.4102903976193448
1.4112074242757244
1.4123074727934142
1.4128428390197068
1.4097606236656866
1.4093036524630134
1.409781822359007
1.4100389568371317
1.4097583289686724
1.4092353727455802
1.4094340209042617
1.4082035919994405
1.4089669869691308
1.4075207342401241
1.4056449533139619
1.4059786650393231
1.4063812013847177
1.4054630962721082
1.4057385473566668
1.4056089337203035
1.4086014879469915
1.4082774356643717
1.4074540428946754
1.4082826165272024
1.4081067291521234
1.4080009399746973
1.407851985634268
1.4078130875424675
1.4075939909181596
1.407023140206365
1.4082299915667744
1.4087096253845484
1.4092324830291612
1.4089954648624263
1.408475668857928
1.4087562714426773
1.4090367244649726
1.4092322854191044
1.4094308802625568
1.4086830022812
1.4060794658094966
1.4064203320348452
1.4072502352370753
1.4068861152868695
1.406913583822147
1.4071248211507552
1.4071952346066499
1.406271847802272
1.4062397919105614
1.41225331182993
1.412496874461437
1.4104625728259015
1.4113803189832497
1.4124800195331622
1.413014747275804
1.40993288288443
1.409447643956754
1.4099257204655957
1.410182837818928
1.4099022223277722
1.4093793015419454
1.4095779380877673
1.408347707316534
1.4091109825820698
1.4076649688321794
1.4057894546936498
1.4061231145562194
1.4065255705257793
1.4056075582093552
1.4058829979566516
1.4057533754058187
1.408745545151167
1.4084215514514873
1.4075982841191341
1.4084267449452874
1.4082508740310067
1.4081450808041516
1.4079961338289073
1.4079572249999526
1.4077381562451972
1.4071673662477193
1.408374063025802
1.4088536380975518
1.409376425559021
1.4091394082037378
1.4086197034309063
1.4089002589123747
1.4091806648602083
1.40937619317856
1.409574741647617
1.408826954337172
1.4062238285227804
1.4065646419195927
1.4073944671963021
1.4070303602859204
1.4070578196761672
1.4072690302939734
1.4073394231976133
1.406416164950315
1.4063841322536939
1.412396854954493
1.4126403809881907
1.4106062694263128
1.4115239917087512
1.412623512331645
1.4131580939035788
1.4100766556970412
1.409498488173094
1.409976860221448
1.4102343679692178
1.4099532822658722
1.409429571762108
1.4096285212141033
1.4083972350046061
1.4091611876443664
1.4077139759348873
1.4058366061279168
1.4061705653504604
1.4065732578031425
1.405654072955337
1.4059299799181346
1.4058000378553064
1.4087954558293183
1.4084712289374053
1.407647205291221
1.408476521055303
1.4083004163016375
1.4081943848595897
1.4080451938641978
1.408006132760029
1.4077868242324818
1.4072153262870504
1.408423336335223
1.4089034521418635
1.4094267861021592
1.4091893041638328
1.4086692061866033
1.4089499889457597
1.4092306220761115
1.4094263101345599
1.4096249282709676
1.4088762913053894
1.4062708721803596
1.406611992377398
1.4074429191975664
1.4070781810554565
1.407105630981757
1.4073170738836966
1.4073874627430665
1.4064632716080474
1.406431337544271
1.4124504154419664
1.4126941687423662
1.4106573504357236
1.411576726594287
1.412677170624794
1.4132117907657984
1.4101272188210283
1.4101028564217954
1.4105809431826757
1.410838286549381
1.410557382338038
1.4100340059481176
1.4102328278723368
1.409002289742769
1.4097657771828116
1.4083194427514287
1.4064432250758716
1.4067769807861723
1.4071794336594778
1.4062608252478384
1.4065365537976096
1.4064067004098408
1.4094002666782852
1.4090762346829975
1.4082527140161096
1.409081519188135
1.4089055253025276
1.4087995651666854
1.4086504702417129
1.40861143842164
1.4083922655574623
1.4078211250233148
1.4090283881501375
1.409508206219767
1.4100312176474992
1.4097938921930908
1.4092741077473279
1.409554720540693
1.4098351837946148
1.4100307533348042
1.410229255499971
1.4094810830945947
1.4068772497210682
1.4072181619942916
1.4080485657822666
1.4076840641303803
1.407711498921267
1.4079228109735584
1.4079931600765092
1.4070695370182227
1.4070376164670109
1.4130529815286008
1.4132965858778155
1.4112610499667426
1.412179827083445
1.4132796034573771
1.4138139184006084
1.410731243404921
1.4100166595380557
1.4104947488619453
1.4107521487319938
1.4104711723406047
1.4099476820496606
1.4101465503184787
1.4089159353493275
1.409679475832997
1.4082330612312408
1.4063566676714272
1.4066904473436606
1.4070928994429024
1.4061741420074585
1.4064499427578494
1.4063200316608462
1.4093139470600646
1.408989905490875
1.4081663214903537
1.4089952127488465
1.4088191881204075
1.4087131862573186
1.4085640543449145
1.4085249917770617
1.4083057928855287
1.4077345647172137
1.4089419694312213
1.4094218482503205
1.4099449156696189
1.409707513190429
1.4091877088264335
1.4094683359477724
1.4097488135282163
1.4099443933738651
1.4101428839630592
1.4093946152839503
1.40679060502064
1.4071315420129662
1.407962090428758
1.4075974900914954
1.4076249187325414
1.4078362561434545
1.4079065942962328
1.4069828800351993
1.4069509875203399
1.4129670131721275
1.4132106371002215
1.4111747451018501
1.4120937859271183
1.4131936262388098
1.4137278745248658
1.410644890331891
1.4097435674004204
1.4102208034248973
1.4104777666550967
1.4101972625596693
1.4096746607092323
1.4098731927393207
1.4086447451703747
1.409406943098519
1.4079630801606773
1.4060899671108467
1.4064231602082846
1.4068248927953337
1.4059077156445825
1.4061830533565158
1.406053350575455
1.409042059988745
1.4087185935355284
1.4078964551392632
1.408723900708056
1.4085481779409572
1.4084423482692399
1.4082934675806622
1.4082544621173163
1.4080356441885369
1.4074654006199063
1.4086707061570487
1.4091497525145844
1.4096719083277593
1.4094348982755402
1.408916014587713
1.4091961461396512
1.4094761284173276
1.4096713630136601
1.4098694941131578
1.409122522840923
1.4065230929423373
1.4068634308823216
1.40769255482935
1.4073285652773815
1.407355942362346
1.407566912582936
1.407637120516285
1.406715019282703
1.406683195341888
1.4126887430755577
1.4129319397289752
1.4108995388300158
1.411817046238266
1.4129149475179916
1.4134482135535538
1.4103706110105405
1.4112253960354584
1.4117029147844002
1.4119599858923202
1.4116793724849364
1.41115655042168
1.4113551636349455
1.4101260448256532
1.4108886549098882
1.4094439948643236
1.4075699055673367
1.4079032782150847
1.4083052511555736
1.4073876465924606
1.4076630905168004
1.4075333567699149
1.4105235687579984
1.4101999169820592
1.4093773389401305
1.4102052090145119
1.410029406122187
1.4099235468715103
1.4097746070999453
1.4097356031002837
1.4095166755354898
1.408946162189743
1.4101520730610504
1.410631356406127
1.411153778760299
1.4109166892489442
1.410397511947883
1.4106777991376385
1.4109579369652228
1.4111532797743542
1.411351538421066
1.4106041988623617
1.4080033601020572
1.4083438812467535
1.409173383598158
1.4088092562413428
1.4088366546115614
1.4090477303231779
1.4091179889631185
1.408195410855551
1.4081635453658192
1.4141721453453961
1.4144154713711194
1.4123821441638889
1.4132999869054346
1.414398491903976
1.4149321297944861
1.4118529394996773
1.4104486340192781
1.4109264431817126
1.4111837916773835
1.4109028524179037
1.4103794684387563
1.4105783018689966
1.409348281300608
1.4101114626718134
1.408665765007407
1.406790171810493
1.4071237958943492
1.4075260068660875
1.406607527819201
1.406883294557804
1.4067533567173915
1.4097461186725906
1.409422252852222
1.4085990451637296
1.4094275980031028
1.409251622757058
1.4091456087456817
1.408996498928833
1.4089574041495165
1.408738288866642
1.4081672428412761
1.4093741838083036
1.4098538863893313
1.4103767432591985
1.4101393432143632
1.4096198125453687
1.4099002983568643
1.410180634713923
1.410376116652232
1.4105744681182395
1.4098264714518676
1.4072236931604922
1.407564471667209
1.4083947863064399
1.4080302250886487
1.4080576262946014
1.4082688835731088
1.4083391600691233
1.4074158314793288
1.4073840085497378
1.4133976425458161
1.4136411566804832
1.4116058349030847
1.4125248041036234
1.4136241046342588
1.4141579144081908
1.4110762087697242
1.414506817992708
1.4149826352688444
1.4152389461037513
1.4149591329281987
1.4144378599439105
1.4146358933689145
1.4134109556808656
1.414170986741303
1.4127312696828214
1.4108633896372875
1.4111956370593093
1.4115961694272858
1.4106814273859505
1.410956089634612
1.4108266571011436
1.4138071553789189
1.4134846346871224
1.4126648211864379
1.4134899720543541
1.4133147113990472
1.4132091130766202
1.4130606017778438
1.413021650491638
1.4128034327976386
1.4122347133829272
1.4134367090748736
1.413914448995762
1.4144351601208192
1.4141987014138444
1.4136813256286533
1.413960650335555
1.4142398262106488
1.4144344991320656
1.4146320156474403
1.4138870783550177
1.4112950465445955
1.4116344190228138
1.4124613616923243
1.4120982585353459
1.4121255414937197
1.4123359335419339
1.41240590984267
1.4114863753845117
1.411454703115574
1.4174436684393104
1.4176861790734399
1.4156591218904355
1.4165744252150774
1.417669180025206
1.4182007201003772
1.4151316747109162
1.4088941199243925
1.4093727772602207
1.4096304493890548
1.4093491821937059
1.4088251375760983
1.40902421455587
1.407792180266443
1.4085565981059205
1.407108509118346
1.4052299871799623
1.4055641499147489
1.4059670819468066
1.405047320662836
1.405323406038659
1.405193375300772
1.4081906449803512
1.4078662231918129
1.4070416965663326
1.40787152292247
1.407695307300748
1.4075892045524938
1.4074399174866825
1.4074008270984177
1.4071813829075013
1.4066095275507855
1.4078182845203082
1.4082986980639605
1.4088223545568188
1.408584716134575
1.4080643046258785
1.4083452573508268
1.4086260603576084
1.4088218669343155
1.4090206010419641
1.4082714995161838
1.4056644946396515
1.4060058227605046
1.406837272612866
1.4064722979805326
1.4064997630422469
1.4067113367938346
1.406781765409624
1.4058570061978717
1.4058250586215313
1.411847849355332
1.4120917516069171
1.410053650904704
1.4109736261051287
1.412074737792211
1.4126096631309883
1.409523194237135
1.4150249893576696
1.4155005239093414
1.4157567268665274
1.4154770230029312
1.414955970231463
1.41515392247329
1.4139296560255872
1.4146892749299342
1.4132503549791748
1.4113834511807972
1.411715519052509
1.4121158110670464
1.4112014964380717
1.411476052474327
1.4113466509066834
1.4143256466096654
1.4140033112405919
1.41318393738557
1.4140086637478986
1.4138334832178172
1.413727914474349
1.4135794622585607
1.4135405095086702
1.4133224014506853
1.41275395181309
1.4139553421708722
1.414432845104219
1.4149532896882784
1.4147169104404407
1.4141998282684833
1.4144789973375673
1.4147580176627537
1.4149525823713713
1.415149971339532
1.414405402333579
1.4118147793848759
1.4121539686583817
1.4129805329235157
1.4126175675713846
1.4126448292445044
1.4128551158016915
1.4129250413958363
1.4120059838116636
1.4119743530916427
1.4179602661694717
1.4182026474312948
1.4161765165565618
1.417091484547909
1.4181856356392217
1.4187168038594444
1.4156493462217792
