1.7427564719922526
1.742901516673976
1.742738221733493
1.7443494308670797
1.7437288062561036
1.742754528792756
1.74280491062222
1.7434917594909314
1.743121953940656
1.7432318879406166
1.7422051030643384
1.7431924304732744
1.7429891633658299
1.7431340942815794
1.7429706282881012
1.7445814300843223
1.7439609523935875
1.742987002920722
1.7430371778047928
1.7437238163113662
1.7433539066076007
1.7434638927931934
1.7424373425533868
1.743424296499584
1.7428826475393522
1.7430276399346083
1.7428642871046207
1.7444752496892793
1.7438547161505533
1.7428806196522566
1.7429309179708063
1.7436176474062923
1.7432478213008715
1.7433577696950728
1.7423311322003219
1.7433182601867188
1.743331474407946
1.7434767801424786
1.7433129174088058
1.744927810566118
1.7443057577588004
1.7433293274005788
1.7433796466066116
1.744068032334143
1.7436972002559599
1.7438074588497652
1.7427783033890283
1.7437677749169138
1.7415374759909577
1.7416824553641483
1.7415186822542952
1.7431307454152745
1.7425097734285495
1.7415351301869373
1.7415851805412954
1.7422723257598969
1.7419019596725431
1.742012099448774
1.7409847243060792
1.7419723466302521
1.7442906030456722
1.7444356153619935
1.744271698342204
1.7458844332770502
1.7452631989636225
1.744288178676795
1.7443381806847824
1.745025599164935
1.7446550083116452
1.744765222484156
1.7437374103264278
1.744725400076679
1.7436034852227669
1.743748695577404
1.7435847723387081
1.7451990866376723
1.7445772511991147
1.7436012167106152
1.743651408818383
1.7443395271751516
1.7439687170298763
1.7440789810150137
1.7430501804439136
1.7440392277443801
1.7421447677779511
1.7422898231877002
1.7421259087834295
1.7437389760276947
1.7431176154177577
1.742142380226259
1.7421924258215964
1.7428799922392875
1.7425093588979435
1.7426195820733636
1.741591562407526
1.742579776962656
1.7419989325102299
1.7421440310134069
1.7419801192246551
1.7435935187783391
1.7429720318718924
1.741996581775723
1.7420466709584108
1.74273438531364
1.7423637094842421
1.7424739416625714
1.7414457144886242
1.742434153848634
1.7429372142739081
1.7430823210128683
1.742918373246632
1.744531940743783
1.7439103882556606
1.742934843898187
1.7429849209942825
1.7436727036648998
1.7433019716440177
1.7434122224214164
1.742383885993711
1.7433724172102398
1.741752059564944
1.7418971910112524
1.741733135312564
1.743347206640115
1.7427254574069655
1.7417496302655808
1.741799671101898
1.7424876587186784
1.7421167581233443
1.7422270646979525
1.7411984005089727
1.7421872072950604
1.7435386631443834
1.7436833316705407
1.7435194849780689
1.7451293077336072
1.7445091845981886
1.743536011749654
1.7435857170689946
1.7442718552291427
1.7439017235149663
1.7440118236679838
1.7429858409554726
1.743971915027832
1.7456174234586923
1.745761802775191
1.745599124043196
1.7472033224813546
1.746585393898655
1.7456153919948283
1.7456654683347563
1.7463493122760292
1.7459810280291133
1.7460905192109077
1.7450681909995904
1.7460511673326267
1.746412609029106
1.7465570038599143
1.746394161921481
1.7479989499505304
1.7473807893985445
1.746410470771186
1.746460470927772
1.7471445483195212
1.7467760324549535
1.7468856028311075
1.7458628867319335
1.7468461640168678
1.7459538915842905
1.7460981314702102
1.7459352983662026
1.7475388393405524
1.7469211536171876
1.7459516342868298
1.7460014879309858
1.7466850133836571
1.7463166743230207
1.7464262038894574
1.745404268695546
1.7463867132351438
1.7457239392851702
1.745868257122162
1.7457054652266766
1.7473095028763976
1.7466916301416895
1.7457217752632932
1.7457717281687428
1.7464554811811026
1.7460871133358424
1.7461966423090278
1.7451744013526553
1.746157203645492
1.7462903597098889
1.7464344601652293
1.7462714726892097
1.747874356199751
1.7472569133357199
1.7462878765788314
1.7463375075272152
1.747020714491286
1.746652320616928
1.7467618885680076
1.7457403463915016
1.7467222591376612
1.7461221256470896
1.7462662958177195
1.7461033855277062
1.747706597770152
1.7470890334764537
1.7461197554328307
1.7461694977291002
1.7468528639374716
1.7464844974699745
1.7465940462287324
1.7455723075435237
1.7465544861864026
1.7461209384936638
1.7462654195113276
1.7461025828039318
1.7477080354518193
1.7470896223068144
1.7461188738701139
1.7461689612014009
1.746853334468226
1.746484733627551
1.7465943220095228
1.7455711908941298
1.7465549177888218
1.7449723641514867
1.7451169240774789
1.7449542198300758
1.7465599154493763
1.7459414160989637
1.7449704603151488
1.7450206989178858
1.7457052029246987
1.7453366925340832
1.7454462383265839
1.7444229708290702
1.7454069382381423
1.744874065548378
1.7450185795091728
1.7448555988918408
1.746461723313595
1.7458430478418874
1.7448719223599716
1.7449219613448876
1.7456066078732646
1.7452377822666532
1.7453474450449045
1.7443238769144787
1.7453079712352495
1.7452160118228892
1.7453603147233023
1.7451969200450115
1.746802565678968
1.7461840528843915
1.7452133948608324
1.7452629957817758
1.7459473582166523
1.7455782119200927
1.7456880162677482
1.7446646989027497
1.7456482300110814
1.7449833204493124
1.7451277371156988
1.7449645134904035
1.746570566461726
1.745951906746908
1.7449809207328666
1.7450307285992035
1.7457153013962179
1.7453462592531483
1.7454560114151714
1.7444324594137013
1.745416363984772
1.7441794314561017
1.7443236801555355
1.7441600450848
1.7457659515777435
1.745147328243547
1.7441765947831909
1.744226008172906
1.7449104448139587
1.744541039492887
1.7446509422272225
1.743627433483071
1.7446109996465815
1.7461582198144496
1.7463021842887112
1.7461385502058446
1.747742212715832
1.7471244430997845
1.7461551536504427
1.7462042897656762
1.7468877306550379
1.746518629602058
1.7466284645179495
1.7456063592033884
1.7465884182069253
1.7456338579054307
1.745778022332521
1.7456145645336878
1.7472192989998787
1.746601129870571
1.745631082621405
1.745680512856733
1.7463644599833081
1.745995378107711
1.7461051788437887
1.7450824238765368
1.7460653059525706
1.7457010542906652
1.74584513885217
1.7456814573418746
1.747286202540609
1.7466680188107748
1.7456980507077997
1.74574727766152
1.7464311908678087
1.7460618993074686
1.7461717846292373
1.745148996663765
1.746131755464279
1.7454317825503012
1.7455759266767996
1.7454121758270547
1.7470175892221418
1.7463991480324463
1.7454287765021923
1.745478022870078
1.7461622206446803
1.745792774213318
1.7459027057361356
1.7448794917550376
1.7458626590734696
1.7460571821368849
1.7462011364608503
1.7460373558525282
1.7476413578269636
1.7470234521807224
1.7460540005908363
1.746103044772349
1.7467866109857235
1.7464173276548616
1.746527227964123
1.7455048931426391
1.7464870947673747
1.7458468895583859
1.7459909310264632
1.7458272469006493
1.7474316597899648
1.7468136023566398
1.7458438491583355
1.7458930325247055
1.7465767977934559
1.7462075487211695
1.7463174250400293
1.7452948445826668
1.7462773785783012
1.7457458518808209
1.7458898831986025
1.7457260525473324
1.7473308049010965
1.7467126114375775
1.745742696098729
1.7457917875313782
1.7464756781241422
1.746106246773973
1.7462161884862026
1.7451933785219174
1.746176055138751
1.7466000166130995
1.746744091024309
1.7465802629885576
1.7481853476517408
1.7475670278917124
1.746596897648193
1.7466460326681927
1.7473300711984945
1.7469605973602713
1.7470705480754105
1.7460475306030152
1.7470304320247279
1.743308710845263
1.7434534573224922
1.743289651838543
1.7448999712694515
1.7442796611226907
1.7433061527261178
1.7433559573067519
1.744042323026588
1.743672162527788
1.7437822620875543
1.7427559736125822
1.74374240543818
1.7457855360896695
1.745930171672695
1.7457664688901602
1.7473756198718309
1.7467557590631158
1.745782963259796
1.745832716925508
1.7465185818241042
1.7461486748758643
1.746258700632603
1.745233154935124
1.7462188615814056
1.7429722427196648
1.7431171286274734
1.7429534775155362
1.7445644544102537
1.7439439014041584
1.7429699104341156
1.7430199377105227
1.743706621918959
1.7433365162338805
1.743446577409004
1.7424198959166264
1.7434068595356629
1.7453704290815846
1.745515167323031
1.7453513978165656
1.746961549304008
1.7463413047389222
1.7453678906036532
1.7454177072708803
1.7461040046753284
1.7457339003680123
1.7458439813287092
1.7448178021074954
1.7458041420765735
1.744828781758795
1.744973089065965
1.7448092934043102
1.7464161217975633
1.7457971401975714
1.744825875109013
1.744875255902736
1.7455600739318033
1.7451903945050264
1.745300385436631
1.744276281296512
1.7452603732168002
1.74324544068791
1.7433899203687915
1.7432261351692127
1.7448342928001415
1.7442148060141116
1.7432426813068687
1.7432922364499936
1.7439776462292131
1.7436077968502206
1.7437178237934616
1.7426928896209055
1.7436778807607094
1.744307158924232
1.7444516303693298
1.744287881147235
1.7458958708346974
1.7452764496303437
1.7443044191844048
1.7443539864141218
1.7450393278779537
1.7446695346904455
1.7447795430346167
1.7437547181158184
1.744739617399103
1.7469746170265161
1.7471188812402583
1.7469550829630844
1.7485615790469191
1.7479427237434364
1.7469716735595493
1.7470210107659216
1.7477056808574507
1.7473360439187278
1.7474460258474234
1.7464221292154143
1.7474059963308228
1.7434950527076527
1.7436394636305006
1.7434756924963855
1.7450832676914527
1.7444640031410252
1.7434922479214408
1.7435417437268361
1.7442268974420547
1.7438571398908853
1.7439671440302273
1.7429425757467145
1.7439271837509402
1.7466212282547524
1.7467655868911327
1.7466017578675128
1.7482090865136515
1.7475899130354746
1.746618338780941
1.7466677510754223
1.7473527853574156
1.7469830072511001
1.7470930257846846
1.746068604882698
1.747053013464384
1.7446239673292088
1.7447682901506876
1.7446043312825945
1.746211749266739
1.7455925356974609
1.7446209538853708
1.7446702584957514
1.7453553099752954
1.744985398930867
1.745095469056831
1.7440709770288552
1.7450553699010416
1.7441444030103457
1.74428887254093
1.7441249408158954
1.7457334379112726
1.7451138150950491
1.7441415282472625
1.744190991456666
1.7448765265598987
1.7445064949030245
1.7446165872396355
1.7435914235601557
1.744576557321159
1.7438920519161472
1.7440366260196656
1.7438728100736407
1.745481800266874
1.74486199530615
1.7438893465282614
1.7439389767594942
1.7446247507291779
1.7442547601825937
1.7443648237307225
1.7433393652881888
1.7443248978942711
1.7459958286681685
1.7461403771070818
1.7459765778420395
1.7475853179088299
1.7469656088871985
1.7459931146922971
1.7460427291731513
1.746728395016372
1.7463584538095565
1.7464685035566967
1.7454432034950962
1.7464285777704793
1.7441668018054237
1.7443112447141464
1.7441472384186245
1.7457557390915162
1.745136111408451
1.7441638509427275
1.7442132463915947
1.7448987701880658
1.7445286686362766
1.7446387891681183
1.7436136144892318
1.7445987071583948
1.7451668018054243
1.7453112447141463
1.7451472384186246
1.746755739091516
1.7461361114084506
1.7451638509427274
1.7452132463915953
1.745898770188066
1.7455286686362765
1.7456387891681182
1.7446136144892315
1.7455987071583945
1.7441695408798807
1.7443139479737015
1.7441498118337064
1.7457584018446037
1.7451387340704367
1.7441664660471572
1.7442157538119243
1.7449012948059457
1.744531060316043
1.7446412324402651
1.7436159866353897
1.7446010635950524
1.7440881629229374
1.7442325690595017
1.7440683416680367
1.7456771853828914
1.7450574168027895
1.7440850205785858
1.7441342563331963
1.7448198941469186
1.7444495404223326
1.7445597545427745
1.7435343393575584
1.7445195335560804
1.7430645769744335
1.743209320579893
1.7430452413415338
1.7446563218843154
1.7440357093197494
1.7430618163204048
1.7431114648705681
1.743798121049506
1.7434276028466567
1.7435378283950822
1.7425110317790886
1.7434978153212644
1.7419777208685772
1.7421225351465837
1.7419586243457008
1.7435697799164285
1.7429491467281302
1.7419751406429747
1.7420249525511813
1.7427116711547193
1.7423412995934133
1.7424514639532975
1.741424640208942
1.7424115724089777
1.7446636515380574
1.7448085786247802
1.7446447476254228
1.7462565642374737
1.7456356833229993
1.744661221046438
1.7447111878898816
1.7453982136752577
1.7450278270327584
1.7451379812032313
1.7441107534420626
1.7450981763436961
1.7430170403098209
1.7431618729739053
1.7429980727209944
1.7446090567707409
1.743988494030961
1.7430145558250454
1.7430644475803807
1.7437511091752924
1.7433808637003856
1.7434909812659698
1.7424642777747785
1.743451159210135
1.7450170403098209
1.7451618729739058
1.7449980727209946
1.746609056770741
1.745988494030961
1.7450145558250456
1.7450644475803807
1.745751109175293
1.7453808637003856
1.74549098126597
1.7444642777747787
1.745451159210135
1.7430476563282682
1.7431923549257866
1.743028090568969
1.7446393462102463
1.74401865833032
1.7430447238337985
1.743094224776298
1.743780926657099
1.7434102124729365
1.743520513010893
1.7424935851423278
1.743480378357343
1.7422791605484196
1.7424240562269977
1.7422596943998028
1.743872783109156
1.743251393298165
1.742276316399048
1.7423259554311705
1.7430134540082878
1.742642401297458
1.7427527936442604
1.7417247079819822
1.7427126759860723
1.7420268094542206
1.742171809705733
1.7420075636575476
1.7436211454647572
1.7429995735092658
1.742024134680047
1.7420739407339985
1.7427616781775663
1.7423906665770275
1.7425010301353474
1.7414726497100157
1.7424610165591845
1.7420268094542206
1.742171809705733
1.7420075636575476
1.7436211454647572
1.7429995735092658
1.742024134680047
1.7420739407339985
1.7427616781775663
1.7423906665770275
1.7425010301353474
1.7414726497100157
1.7424610165591845
1.7419242198556248
1.74206893492471
1.7419045986129238
1.7435161901411347
1.7428953710978565
1.7419212480787278
1.7419707248480414
1.7426575633596184
1.742286736792488
1.7423970745285835
1.7413699281525024
1.7423569050805563
1.7427139272771262
1.7428587294903226
1.7426944896610443
1.7443064921041356
1.7436855212737736
1.7427110966462267
1.742760712600398
1.7434477501673507
1.7430769578587961
1.7431872716044898
1.74215987959253
1.7431471888914827
1.7437335869977477
1.743878398403984
1.743714213848691
1.7453261305312915
1.7447051949251888
1.7437308042372617
1.7437804601149978
1.7444674691776376
1.7440967399122818
1.744207030260826
1.7431796983754482
1.7441669822920611
1.7425484322887836
1.7426932684023684
1.742528975914623
1.7441413964276236
1.7435202640764935
1.742545590604655
1.7425952102226128
1.7432824242314162
1.7429115263916082
1.7430218725373618
1.7419942128907098
1.7429817723768817
1.7436309973991526
1.7437755236229604
1.7436112488040665
1.7452211752076685
1.7446009925137798
1.7436279176359426
1.7436772442290405
1.744363354359689
1.7439928101277424
1.744103074654062
1.7430769768179348
1.7440628708134338
1.744689976561017
1.7448345303639443
1.7446704213670072
1.746280090489137
1.7456600134680254
1.7446870404090487
1.7447364867728392
1.7454225113905497
1.7450521562882004
1.7451623506230696
1.7441364331666898
1.7451222510151694
1.7434655024108097
1.743610062535006
1.7434457350576456
1.7450560795311567
1.7444357353164996
1.743462411594371
1.7435117418512551
1.7441980284237548
1.743827378660555
1.7439376755869338
1.7429113101161147
1.7438974542988326
1.7433196671430884
1.7434642703607126
1.7432999454988711
1.7449106222818012
1.7442901517706348
1.7433166131438351
1.743365986988069
1.7440524214981075
1.7436817292468536
1.7437920351761413
1.7427654621972128
1.7437518311848097
1.7424261829695662
1.7425707247076836
1.7424062866823515
1.7440168026768448
1.7433963880136687
1.7424229964123006
1.742472246822056
1.7431585904031814
1.7427878145535827
1.7428981582742618
1.7418716725502783
1.742857867497675
1.745271765710871
1.745415872107955
1.7452518089107973
1.7468578190518047
1.7462391361591378
1.74526850066948
1.7453175353329518
1.7460019439445054
1.745632126105663
1.745742193213301
1.744718569345533
1.745701955432183
1.7441483292382276
1.744292452106878
1.744128316954752
1.745734662982693
1.7451158489266743
1.7441450249144086
1.744194035404695
1.744878580647025
1.7445086504252139
1.7446187547309913
1.7435949123557075
1.7445784821553962
1.7462269681207145
1.746371127761523
1.7462072137053393
1.7478132166913174
1.7471945435323355
1.74622385527855
1.7462730254630936
1.7469574566881723
1.7465877786391582
1.7466977893563356
1.7456741874873805
1.7466576557577105
1.7446687649193648
1.7448130344971202
1.7446489264880525
1.746256351627226
1.7456371283242633
1.7446655992763003
1.7447147683656095
1.7453997972316286
1.7450297463973716
1.7451398729137964
1.7441153588870073
1.7450996695755137
1.7446097857574998
1.7447540277561366
1.7445897539251118
1.7461974363457577
1.7455781073700174
1.7446064765031941
1.7446555258218106
1.7453406402007683
1.744970400236913
1.7450805969447887
1.7440559025382525
1.7450402893737775
1.7449659136037197
1.7451100253648173
1.7449456524357654
1.746552591632112
1.745933540739965
1.7449624263862313
1.7450112929326396
1.7456960603186837
1.745325828584307
1.7454360402796745
1.7444117990171266
1.7453956286768735
1.746026079919011
1.746169908412193
1.7460056277224802
1.7476100692319134
1.7469919728638499
1.746022430722054
1.746071072004138
1.7467547468187898
1.7463849385871884
1.7464950404678918
1.7454723720152754
1.7464545772761895
1.7453023817293183
1.7454463540598362
1.7452818267587722
1.7468881084913102
1.746269300458497
1.745298668678233
1.7453473125288688
1.7460317614263121
1.7456614748782142
1.7457717249582243
1.7447478767130824
1.745731174579391
1.7453837596862611
1.7455277329740362
1.745363296924442
1.7469693249530227
1.7463506177261443
1.745380114146804
1.7454288100075968
1.7461131620853392
1.745742994771925
1.745853202855715
1.7448295239909133
1.745812704618363
1.7450724294301978
1.745216479711788
1.7450519936192461
1.7466587720271554
1.7460397769829992
1.7450688096546967
1.7451175527666256
1.7458022292237572
1.745431913891036
1.7455421633777946
1.744518009370192
1.7455016649897388
1.7447005680912375
1.7448443927553945
1.7446797470598017
1.7462852033850647
1.7456667037932614
1.7446966488477702
1.7447450820892265
1.7454291441826812
1.7450588590123464
1.7451691288779287
1.744145782903951
1.7451284571203016
1.7445323340284384
1.744676228407885
1.7445116598982984
1.7461174449554655
1.7454988239339955
1.7445285277017692
1.7445770722911114
1.7452612936288667
1.7448910358653926
1.7450012865386537
1.7439777440559732
1.7449606841690428
1.7432870130041835
1.743431215358893
1.743266446677515
1.7448752332519966
1.744255460961415
1.7432833097333396
1.7433320433272284
1.7440175621825393
1.7436467123418375
1.7437571286269726
1.7427316855730859
1.743716525654547
1.7450291837610723
1.7451735623185183
1.745009169105096
1.7466182701014226
1.7459983958485437
1.74502589780548
1.745075013789398
1.7457607371160584
1.745390194261874
1.7455004785737664
1.7444748830088033
1.7454601533543441
1.745829847480399
1.7459741699223512
1.7458093538135449
1.7474192230767733
1.746799036672405
1.7458262067906969
1.7458750312230724
1.7465610223953103
1.746189982047247
1.7463004487382607
1.745274323033462
1.7462598629119004
1.745639214622522
1.7457836334016255
1.745618969049313
1.7472291634669306
1.7466088604997376
1.7456357629492307
1.7456847664900288
1.7463709282133293
1.7459999851670411
1.746110404470503
1.7450840932564087
1.7460699401234059
1.7426195549018997
1.7427639644879644
1.7425992448616656
1.7442095250397744
1.743589186848322
1.7426160553581955
1.7426650189754287
1.7433512092030419
1.7429802031135548
1.7430906458141662
1.7420642744734898
1.743050146722827
1.745101858295219
1.7452460853572769
1.7450812087434469
1.7466904991483283
1.7460705301127195
1.745098096100733
1.745146793434844
1.745832517236318
1.7454614988211634
1.745571970903509
1.7445462000883472
1.7455313157393668
1.744271279511444
1.7444151260111795
1.744250098628724
1.7458568198962603
1.7452378211416244
1.7442670988094506
1.744315339760658
1.7449998972593783
1.7446290858105409
1.7447395374619927
1.7437153555857192
1.7446986570882057
1.7437693163975025
1.7439133362282058
1.7437484105592964
1.7453562073605504
1.744736804225812
1.7437653504758774
1.7438138177866436
1.7444988702158155
1.7441280080494461
1.744238453716315
1.7432136111879433
1.7441976946710869
1.7454355873463607
1.7455797107927413
1.745414809651371
1.747023353254439
1.7464036671692658
1.745431723288305
1.7454803056107435
1.7461656937260668
1.7457947534353047
1.7459052123099117
1.7448799056381448
1.7458645052052266
1.7457693163975028
1.7459133362282055
1.7457484105592962
1.74735620736055
1.7467368042258118
1.7457653504758777
1.7458138177866436
1.7464988702158155
1.7461280080494461
1.7462384537163151
1.7452136111879426
1.7461976946710869
1.7403227709851499
1.740467924267038
1.7403034868814868
1.7419188231513107
1.7412965747553284
1.7403200802272611
1.7403699287733292
1.7410584117953758
1.7406869849215392
1.7407974732820164
1.7397679731907412
1.7407574072629641
1.741171457568516
1.741316725573634
1.7411525504925482
1.7427680403957806
1.7421457458854914
1.7411690515678662
1.741219159069485
1.7419077556339684
1.7415365521483055
1.7416469463269304
1.7406173809795236
1.7416070712756273
1.7421293990528162
1.7422746844867572
1.7421105287021723
1.7437261007883804
1.7431037759206747
1.7421270212813662
1.7421771566199564
1.742865792995515
1.7424945963615663
1.7426049857421118
1.741575371267529
1.7425651280378123
1.7400507601703292
1.740196008832112
1.740031631951585
1.741647547079756
1.7410250813150139
1.7400481909172245
1.7400981665615576
1.7407869169543673
1.7404154681476225
1.7405259511167679
1.739496096135856
1.7404859544354976
1.7412413930282071
1.7413865453528377
1.741222016715817
1.7428376066895985
1.7422152574876815
1.7412386347586901
1.741288431294601
1.7419770111363484
1.7416054650278288
1.741715995384526
1.7406863259129093
1.7416758772239924
1.7400955577604855
1.7402407531785444
1.7400762271570427
1.7416921494402433
1.7410696739418166
1.740092836308154
1.740142676431416
1.7408314042107011
1.7404598156141269
1.7405703549737332
1.7395404779940082
1.7405302541099696
1.7409693822133867
1.741114629917912
1.7409501617859153
1.7425663306180437
1.7419437640473667
1.7409667454486535
1.7410166690828297
1.7417055162953403
1.7413339482539123
1.7414444732192775
1.7404144488580247
1.7414044243965257
1.74107863711432
1.7412237875244383
1.7410590763844775
1.742675173766174
1.7420526229523874
1.7410757438215483
1.7411254363371453
1.741814209818294
1.7414424252404075
1.7415530395895444
1.7405230313572475
1.7415128171460486
1.7425624924286707
1.7427077353469134
1.7425428109575667
1.7441602483094827
1.7435371777091315
1.742559518105799
1.7426091816891902
1.743298513000204
1.7429263487853592
1.7430370837318248
1.742006212468869
1.7429967742016663
1.7411473854205852
1.7412927309972497
1.7411277398839724
1.7427461777416593
1.7421227233849377
1.7411444454496556
1.7411941720345627
1.741883935851428
1.7415115742775074
1.7416223644279305
1.7405908596412392
1.7415820546968332
1.7421441601467018
1.7422892816409186
1.7421234561868173
1.7437425158330278
1.7431187857054387
1.742140428485197
1.74218946904194
1.7428793645484206
1.7425061423026191
1.7426172654044758
1.7415852737352677
1.7425763999161992
1.741676159756914
1.741821218616163
1.7416568119770581
1.7432713156845778
1.7426493854632903
1.7416734150058686
1.7417231884638285
1.742411307295411
1.7420400215891667
1.742150473344756
1.741121497523457
1.742110390129403
1.7427515733655168
1.7428964449144768
1.742731425030491
1.7443462074845708
1.7437241423894514
1.7427482284055515
1.7427974755296038
1.7434856120335511
1.7431137178282223
1.7432244089466444
1.7421951867491585
1.7431839089510832
1.7412468711771198
1.741391951871948
1.7412271635459808
1.742842932195773
1.7422205028116535
1.7412438649675492
1.7412934461352603
1.7419820603721081
1.7416102483873612
1.7417208819288195
1.740691070205225
1.7416805900973071
1.7432889296928193
1.7434339929588254
1.7432691853363567
1.744884871803173
1.74426247277647
1.743285895254049
1.743335448584789
1.7440240230105621
1.7436522041740998
1.7437628425136384
1.7427330799172196
1.7437225333351218
1.7411234347044764
1.7412685318708707
1.7411036715899355
1.742719776126661
1.7420972155791898
1.7411203892124778
1.7411699462070034
1.7418586970746275
1.7414867727069125
1.74159744344651
1.7405674132153992
1.7415571168205206
1.7415216210663969
1.7416665705664285
1.7415015918909647
1.7431168710204155
1.7424946189139543
1.7415183693820153
1.7415677157673612
1.7422560798309963
1.7418841568410446
1.741994847366215
1.740965319406268
1.7419543993614313
1.7435609405076398
1.743705908393751
1.7435410402662588
1.7451561478747282
1.7445339662167842
1.743557784564086
1.7436072107965606
1.74429551785157
1.7439237209480163
1.7440343646788872
1.743004956972105
1.7439939861625884
1.7437303617238644
1.7438749490476533
1.7437099301515357
1.7453224686226592
1.7447012572456893
1.7437267872728033
1.7437757571223746
1.74446289787463
1.7440913079373932
1.7442019312373709
1.7431741124694764
1.744161327511427
1.7444780106296658
1.7446227025263887
1.7444577994092814
1.7460708309782613
1.7454494374567906
1.7444746055538018
1.7445237424252031
1.7452111220439088
1.7448395732169626
1.744950167728459
1.7439220541975098
1.7449096680845393
1.7411049621372805
1.7412497392636024
1.7410847501260627
1.7426987000178378
1.7420769530974132
1.741101563184159
1.7411507352201037
1.7418385075335865
1.7414667544958495
1.7415774090093836
1.7405487110818751
1.741536891817522
1.744186340094224
1.7443311181778018
1.7441662202917323
1.7457799164795502
1.745158270365061
1.7441830086527297
1.7442322326988315
1.7449199081926139
1.74454827438956
1.7446588869068749
1.7436303583597066
1.744618421856494
1.7417515733655171
1.741896444914477
1.741731425030491
1.7433462074845707
1.742724142389452
1.7417482284055514
1.741797475529604
1.7424856120335508
1.7421137178282227
1.7422244089466445
1.7411951867491586
1.742183908951083
1.7419198074283164
1.7420646092619865
1.7418995121919942
1.7435139659141696
1.7428920222487183
1.7419163495515522
1.7419654853277184
1.7426534625873649
1.7422815409751764
1.7423922512859196
1.7413632255971365
1.7423516819023421
1.741441430262879
1.7415860679586217
1.7414209244490693
1.7430342168770363
1.742412712815946
1.7414378054761608
1.7414867548163329
1.742174208641215
1.741802400789757
1.7419130936879332
1.740884788777831
1.7418724377200392
1.7412731962000794
1.741417903611112
1.741252837287566
1.7428664584474372
1.7422448329566793
1.7412696843301598
1.7413187450182182
1.7420063580874006
1.7416345776428035
1.7417452513486584
1.7407167499298533
1.7417046647687806
1.7422759352745363
1.742420606870667
1.742255410702648
1.7438691212005242
1.7432474556186657
1.7422722994345894
1.7423212524385472
1.7430088827052803
1.7426369693225698
1.7427476946208058
1.7417191220760104
1.7427070212054379
1.742382451101014
1.7425270612176378
1.7423617518861283
1.7439753015955672
1.7433536918616999
1.7423786827030545
1.742427512272534
1.7431150516103542
1.7427430546292992
1.7428538177189257
1.7418253324290756
1.7428130575183034
1.7412299505309543
1.7413749862178416
1.7412100127734158
1.7428259565217044
1.742203451822224
1.7412267724809432
1.7412762060409899
1.7419648659797011
1.7415928580136413
1.7417035665446305
1.7406736235684641
1.7416631531333855
1.7417924447277906
1.7419376096949621
1.7417726440970926
1.7433895847736378
1.7427667011846293
1.7417893771293351
1.7418389414514328
1.742528045202759
1.7421559097725374
1.7422666453122537
1.741236079811759
1.7422262837913176
1.7413981845937534
1.7415431505653516
1.7413780999349193
1.7429937149513033
1.7423713316814904
1.741394893626944
1.7414442158391046
1.7421327165335154
1.7417606811605955
1.7418714088839053
1.7408416624164422
1.7418309260846447
1.7452268466888927
1.7453713323115168
1.7452064713908004
1.7468177556521953
1.74619702883753
1.7452233053975175
1.7452722642557303
1.7459588756824331
1.7455876023389554
1.7456981284387558
1.7446711125749368
1.7456575770552312
1.7424693072068698
1.7426138466509475
1.742448368881962
1.744061843563454
1.7434402544533192
1.7424653583804846
1.7425140245919204
1.743201501505141
1.7428293578825422
1.7429401821607107
1.7419117239992223
1.7428993004305902
1.74242724869117
1.7425718055640704
1.7424063470915858
1.7440199039560544
1.7433982844885023
1.7424233280939843
1.7424720221423917
1.7431595388666876
1.7427874020958036
1.7428982215758915
1.7418697142872275
1.7428573571927755
1.7428871532894112
1.7430315542601666
1.7428660133706384
1.7444785768843647
1.7438573314394983
1.742883046141057
1.7429315416668776
1.743618603271797
1.7432465240701605
1.7433573447367505
1.742329448973009
1.7433163763720794
1.742410328045005
1.742554839909964
1.7423891963190217
1.7440029282819856
1.743381233499073
1.7424062356073786
1.7424547820481215
1.7431423444742806
1.742770011722084
1.742880906191702
1.741852267650467
1.742839920228854
