1.7356493852308592
1.7394345682570802
1.7390346503074605
1.738943557891191
1.7397377023274758
1.7399850585116203
1.7419142356769035
1.7416454890592628
1.7417535017632286
1.7419270459088119
1.7358582585064293
1.742097826888234
1.7421132317075432
1.7400239722787698
1.7404175539280318
1.7403483754979334
1.7407622400857807
1.7408919595839822
1.7412680906185087
1.7397475344173832
1.7396290472896034
1.739965292633096
1.7408324519220562
1.7367149401949495
1.740505952976932
1.7401054472332529
1.7400142148780533
1.740808598469426
1.7410565667673334
1.7429886130721925
1.742719393996004
1.7428278382038969
1.743001172326331
1.7369240824260879
1.7431724479395836
1.7431880659279013
1.7410954533331113
1.741489402980673
1.7414204325772382
1.7418347231554454
1.7419648911989098
1.7423417411943907
1.7408190675064124
1.7407002462443386
1.7410371029724752
1.7419056319862625
1.7374778286161214
1.7412702266777333
1.7408695765089268
1.7407783108408026
1.7415729174251284
1.7418209921397574
1.743753737455746
1.7434844160002057
1.743592917966106
1.7437662827877654
1.7376870436637233
1.7439376368246347
1.7439532734743812
1.7418598869567365
1.7422539642710895
1.7421849901760142
1.7425994176832538
1.7427296503020622
1.7431066475531845
1.7415834328075956
1.7414645577570587
1.7418015439712782
1.742670392692012
1.7351609272780233
1.7389553311246493
1.738554480171551
1.738463166374489
1.739257804470032
1.739506101715842
1.7414398289199198
1.7411703418892308
1.7412790060001542
1.7414522739318494
1.7353702321409703
1.7416238101033756
1.7416395298714393
1.7395449826777154
1.739939174315396
1.7398702880260983
1.740284851189895
1.7404152509712072
1.7407925027946152
1.739268571085996
1.739149573248201
1.7394867746408298
1.7403560963920082
1.7372244580589082
1.7410184289994297
1.740617619846681
1.7405263164177476
1.741321001373591
1.741569237984721
1.7435027588365306
1.743233310734741
1.7433419253897908
1.7435152402639316
1.737433746413441
1.7436867244945595
1.7437024159916772
1.741608126688957
1.7420023066417842
1.7419333842457387
1.7423479296613207
1.7424782797977227
1.7428554690603872
1.7413316798549514
1.7412127167884688
1.7415498666393565
1.7424190844335432
1.7369718400680232
1.740767225141945
1.7403662652227099
1.7402749277446719
1.7410699568847539
1.741318274750165
1.7432525212645469
1.7429829755858541
1.7430916177957072
1.7432650205445932
1.7371812090027594
1.7434365573991464
1.7434522455072219
1.7413571821983662
1.7417515206887288
1.7416825572637475
1.7420972675031587
1.7422276540951085
1.7426049771378842
1.7410806090254851
1.7409616090123645
1.741298879969621
1.7421684200827448
1.7350671362393513
1.7388618719541165
1.7384609747354054
1.7383696528095607
1.739164752240093
1.739412979153484
1.7413469161394641
1.7410774288541202
1.7411859968801626
1.741359470042717
1.7352764804114649
1.7415309289859224
1.741546574687579
1.7394518982152294
1.7398462191783117
1.7397772015932078
1.7401918852102978
1.7403221973348828
1.740699426536543
1.7391752721789187
1.739056324322768
1.7393935179674112
1.7402629021450478
1.7354320619462777
1.7392243878236953
1.7388237268482658
1.7387324626833087
1.7395276986542083
1.7397756172392986
1.741708392636364
1.7414391146575168
1.7415474408794587
1.7417211150499432
1.735641307558371
1.7418923141179004
1.7419078263798236
1.7398145683912758
1.740208794216921
1.7401396153819957
1.740554173489112
1.740684240686486
1.7410611392795883
1.7395378065388234
1.7394190330830699
1.7397559516278476
1.7406247614300387
1.734336013208622
1.7381291471907057
1.7377284152972965
1.7376371318684405
1.7384320317361706
1.7386801219155004
1.7406132567142165
1.7403438912726739
1.7404523768127715
1.7406258427473236
1.7345452763100648
1.7407971972964627
1.7408128102012184
1.7387190365972247
1.7391132240510894
1.7390441921042512
1.7394587299182018
1.7395889526449884
1.7399660033106363
1.7384424612622127
1.7383235845801819
1.7386606229678716
1.7395296354600653
1.7333677785990644
1.7371606961280956
1.7367599851348612
1.7366687068900701
1.7374636301879494
1.7377116900499396
1.739644721672522
1.7393753756954287
1.7394838365075898
1.7396573259133647
1.7335770334462999
1.7398286544920547
1.739844253261337
1.7377506086028458
1.738144790214283
1.738075740214071
1.7384902691539152
1.738620467058246
1.738997486443522
1.7374740156466901
1.7373551563503162
1.737692168967135
1.7385611294808327
1.7353650018495317
1.7391518154622057
1.7387517258459246
1.7386605941964866
1.739455059386859
1.7397025271426247
1.7416325331466136
1.7413636694876204
1.7414717344743265
1.7416453430234324
1.7355739639595118
1.7418162025972286
1.741831618162969
1.739741455782558
1.7401352018117817
1.7400660004061221
1.740480038691906
1.74060981946811
1.7409861155631192
1.7394649092034393
1.7393463677433647
1.7396827599640967
1.7405502935504904
1.7347644696964337
1.738554760935065
1.7381543070852872
1.7380630917854474
1.7388581750538452
1.7391058962701942
1.7410376631277282
1.740768545921581
1.740876740201704
1.7410504540866325
1.7349736177294413
1.7412214968196245
1.7412369480137009
1.7391448507845133
1.7395389314160872
1.7394697021126797
1.7398840966684421
1.7400140248231075
1.7403906823194537
1.7388681043910734
1.7387494368807523
1.7390861486268347
1.7399544827865914
1.7359077902365896
1.7396970280637312
1.7392966723734673
1.7392054822577696
1.7400008038682029
1.7402483483354123
1.742179625963719
1.7419106108822682
1.7420186513195026
1.7421925397360658
1.7361169047623002
1.7423634268171198
1.742378785283361
1.7402873326984014
1.7406814149885859
1.7406120580810118
1.7410264361610361
1.7411562120836301
1.741532699702589
1.740010440182812
1.7398918764425995
1.740228450954613
1.7410965278338804
1.7356706786577618
1.7394613017645322
1.7390608016491411
1.738969578220519
1.7397651228239053
1.7400127737078361
1.741944750347272
1.7416756328864702
1.7417837310817124
1.7419576501975005
1.735879865999936
1.7421286157021711
1.7421439928298408
1.7400517663220272
1.7404459762790025
1.7403766156797882
1.740791130688845
1.7409209711867824
1.741297606061382
1.7397748054839959
1.7396561879553194
1.739992891953416
1.7408612885396308
1.7356234068552618
1.739414275268856
1.7390137479119308
1.7389225185630648
1.739718160927586
1.739965816966417
1.7418979234334286
1.7416287913106263
1.7417368840306005
1.7419108368506866
1.7358326102153827
1.7420818025261142
1.742097171738786
1.7400048162021897
1.7403990628723358
1.7403296829892003
1.740744234767161
1.7408740719677578
1.741250724647199
1.7397278149688677
1.7396091968963605
1.739945918285614
1.7408143694623153
1.735782233807475
1.739572019955808
1.7391715970997563
1.7390803936712116
1.7398761531864837
1.740123657638615
1.7420552482249574
1.7417862134244024
1.7418941825046927
1.7420682526808926
1.7359913958965594
1.7422390885040742
1.7422543870393818
1.7401626762302944
1.7405568936883071
1.740487423538301
1.740901930945726
1.741031644034047
1.741408140311631
1.7398855868912566
1.7397670557470322
1.740103648281931
1.7409718395661526
1.7352889749219014
1.7390756153124152
1.7386755104242477
1.7385843825173224
1.7393799852895584
1.7396271659486877
1.7415572054633874
1.741288423955332
1.7413961676573237
1.7415703377285603
1.7354979903971246
1.741740913164224
1.7417561020047896
1.7396661967658529
1.7400602089469177
1.739990635398853
1.7404049069895924
1.7405343850427248
1.740910497297224
1.739389092796545
1.7392707376842111
1.7396070029457744
1.740474456083091
1.7351146415576306
1.7389023930671776
1.7385021773367773
1.7384110227733507
1.7392066295861206
1.7394539366695103
1.7413845187163213
1.7411156446884666
1.7412234818269383
1.7413975917175815
1.73532370606763
1.7415682712057987
1.741583508673259
1.7394929586235317
1.7398870308874734
1.7398175102689846
1.7402318541250565
1.7403614281706687
1.7407376833514965
1.7392158847435062
1.739097459544715
1.7394338452809186
1.7403015609227055
1.7369248017813033
1.7407136932636547
1.7403133603496617
1.7402221783935539
1.7410179104381422
1.7412653187833527
1.7431964700137175
1.7429275082685123
1.74303540864026
1.74320951552583
1.7371339230898184
1.7433802732669077
1.743395537310793
1.7413043423669943
1.7416985055845569
1.741629000558349
1.7420434445745494
1.7421730864928455
1.742549471124472
1.7410272405598173
1.7409087621163941
1.7412452599475237
1.7421132407057711
1.7354126231518543
1.7392159446054558
1.7388140939330468
1.738722564798665
1.7395210858689085
1.7397694932038126
1.7417079741549517
1.7414379736995773
1.7415463500912527
1.7417210029042285
1.735622527952115
1.7418924678239123
1.7419078365006775
1.7398086440209246
1.7402042499449735
1.740134557422636
1.7405505279513565
1.7406807246690192
1.74105857704015
1.7395306041494483
1.7394116372592026
1.7397494395943327
1.740620734438996
1.736466604086253
1.7402648174269757
1.7398635559747675
1.739772150398521
1.7405678679070786
1.7408163482810532
1.742752046120578
1.7424823052880805
1.74259100260754
1.7427645811059167
1.7366761341813948
1.7429362232083183
1.7429519045383106
1.7408552932171841
1.7412499487826174
1.7411809032997652
1.7415959431868342
1.74172640268988
1.742103993292878
1.7405784673665525
1.7404593934601553
1.740796906630149
1.741667091381149
1.7367192220771388
1.7405160212844606
1.7401149105987388
1.7400235390715966
1.7408189123959161
1.7410673115156092
1.7430022836925625
1.7427326404369674
1.7428413102016236
1.7430148008252548
1.7369286715920769
1.7431863903037323
1.7432020750227664
1.741106237707775
1.7415007347356728
1.7414317302817564
1.7418466053449964
1.7419770283924945
1.742354485215381
1.740829538196019
1.7407105012362596
1.741047893299885
1.7419177557319467
1.7361822207049258
1.739982064632101
1.7395806315132316
1.7394891867038167
1.740285224966462
1.7405338169120577
1.7424703435902886
1.7422004857164384
1.742309235318638
1.7424828782205373
1.736391839634478
1.7426545989173126
1.7426702909937364
1.7405727767209727
1.7409675966663671
1.7408985282079539
1.7413137417929592
1.7414442625740076
1.7418220182374886
1.7402958421526087
1.7401767139139164
1.7405143739611502
1.7413849330095832
1.7359768745165407
1.7397778872702923
1.739376330626471
1.7392848576881956
1.7400811423739442
1.740329810418921
1.7422669329321474
1.741996992143396
1.742105774775666
1.7422794718480132
1.7361865580083484
1.7424512449979561
1.7424669416003353
1.740368782350219
1.7407637241199785
1.7406946339165505
1.7411099755564812
1.741240536090418
1.741618407729168
1.74009176183827
1.7399725971967706
1.7403103609592163
1.7411811877361008
1.7352182679775576
1.739023681877019
1.7386216647162829
1.7385300859189894
1.7393271373447319
1.739576129794773
1.7415154791689644
1.7412452165801577
1.7413541670111834
1.7415279898855023
1.735428185936702
1.7416999984770538
1.7417157431487205
1.7396151331012575
1.7400104945845618
1.7399413740222924
1.7403571632182235
1.7404879141808505
1.7408662453913653
1.7393378672266933
1.7392185406759721
1.7395567102878229
1.7404285507760355
1.7330284282012303
1.7368349820734965
1.7364328477291677
1.736341241539193
1.7371384181967542
1.737387511908616
1.7393274304663608
1.7390570801602039
1.7391660938245048
1.7393399136937513
1.7332384029588903
1.7395120005381626
1.7395277717862554
1.7374265168447207
1.7378219692816457
1.7377528643116569
1.7381687536677164
1.7382995725030275
1.738678033164341
1.737149223043005
1.7370298432476519
1.7373681249544284
1.7382402305591016
1.7349811563987299
1.7387879555778203
1.7383857939919574
1.7382941818817383
1.7390914563004347
1.7393405551671965
1.7412806035525175
1.7410102385843595
1.7411192467733925
1.741293100346937
1.7351911471743375
1.741465187362105
1.7414809506952005
1.739379566724883
1.7397750558749787
1.7397059316210688
1.7401218577460322
1.7402526732840027
1.740631151750158
1.7391022325278769
1.738982852188692
1.739321151286626
1.7401933114817854
1.7346967730174025
1.7385052027829455
1.738102869530421
1.738011218187034
1.7388088133598176
1.7390580237982014
1.7409989010222278
1.7407284190127175
1.740837479484491
1.7410113974615575
1.73490685262742
1.7411835630710994
1.7411993371506262
1.7390970502286713
1.7394927037587287
1.7394235565292577
1.739839656352157
1.7399705331681306
1.740349176694769
1.738819607313933
1.7387001726424534
1.7390386186176268
1.7399111531102198
1.732775810210345
1.7365837782160118
1.7361814931051964
1.7360898528661175
1.736887373707917
1.73713654867406
1.7390771928943765
1.7388067450113172
1.7389157862304212
1.7390896939744134
1.732985865548208
1.7392618334427492
1.7392776013018
1.73717557235413
1.7375711833285894
1.7375020373296655
1.7379180915095545
1.738048946800413
1.7384275412418377
1.7368981522135383
1.7367787354715472
1.7371171382846926
1.7379895662083034
1.73396287323714
1.7377635973536447
1.7373620508033754
1.7372705845523306
1.7380675220548036
1.7383160036529022
1.7402530530710714
1.7399831752234625
1.7400917573838364
1.740265787276232
1.7341725790392313
1.7404373794868138
1.7404529375658973
1.7383550357903794
1.738750120229004
1.738680807232352
1.7390962705980522
1.7392266408880996
1.7396043825884586
1.7380776899539758
1.7379586442929165
1.7382963146150494
1.7391670504948948
1.7354871449468279
1.7392909571136084
1.7388891052781739
1.7387975649778693
1.7395944168408093
1.7398432725567887
1.7417818197437167
1.7415116789987106
1.7416205469437918
1.7417943625901091
1.7356969818353016
1.7419662667875941
1.7419819786623598
1.7398822714832531
1.7402774994573391
1.740208364533336
1.7406240079261275
1.7407546694909557
1.741132822165458
1.7396050563099872
1.7394858009333862
1.7398238152882837
1.7406952840910526
1.7334878975131562
1.7372915509344278
1.7368897073164489
1.7367981707278495
1.7375952884035089
1.7378440634772696
1.7397825607909476
1.7395124491152885
1.7396212319260238
1.7397951853946054
1.7336977416749018
1.7399670120222555
1.7399826656606088
1.737883087260442
1.7382783711335883
1.7382091434816205
1.7386248337898988
1.73875541429268
1.7391335087357516
1.7376057384331656
1.7374865341258718
1.7378245059504693
1.7386959279987237
1.733787787306541
1.7375897812875882
1.7371881156776303
1.7370966190583788
1.7378932947886658
1.7381419834532443
1.7400796252767747
1.7398096258400195
1.7399183865712196
1.7400922184607575
1.733997534870137
1.7402639922937264
1.740279657236118
1.73818098187087
1.738576070493311
1.738506903154199
1.738922391869745
1.739052939214319
1.7394308820724373
1.7379037997777596
1.7377846329609352
1.7381224662880075
1.7389935114268378
1.7347405155040414
1.7385427547919121
1.7381410619404203
1.7380495594009246
1.7388463328923467
1.7390950267118255
1.7410327983629312
1.7407627842641757
1.7408715395201075
1.7410454051139437
1.7349502790855842
1.7412171791176696
1.741232836145064
1.739134031751033
1.7395291570866445
1.7394599704636116
1.7398754959480611
1.740006039995295
1.7403840006582547
1.7388568092626318
1.738737641901976
1.7390754926202054
1.7399465923495223
1.7331872551534433
1.7369927267604481
1.7365906969169929
1.7364991166473398
1.737296410455652
1.737545352580814
1.7394847552578891
1.73921450227398
1.739323392298597
1.7394973295239577
1.7333971886400665
1.739669286516123
1.7396849870868503
1.7375843768728256
1.737979800097617
1.7379106048607569
1.7383264498462814
1.7384571445693169
1.7388354488287727
1.7373069949653932
1.737187702098323
1.7375258549507455
1.738397700662939
1.7335374270146406
1.7373403588925607
1.736938567168483
1.7368470476352431
1.7376448649879275
1.73789339298013
1.7398316108464824
1.7395616010408659
1.7396701339238314
1.7398444671549065
1.7337472769782556
1.740016060902297
1.7400315477464086
1.7379324847118442
1.7383278995690032
1.7382584130170622
1.7386742073028956
1.738804547916878
1.7391824498608148
1.7376547753178262
1.7375357247622853
1.737873551604829
1.7387447787990529
1.733157747461985
1.736962959285515
1.736560933194252
1.7364693588756503
1.7372674266919719
1.7375161572078155
1.7394555134412757
1.7391853282009577
1.7392939875504738
1.7394683147714032
1.7333677110226322
1.739640065024515
1.7396556050214766
1.7375552521987694
1.7379508489631703
1.7378813935957904
1.7382973882018813
1.7384278645612319
1.7388060254067668
1.737277486950449
1.7371583299056437
1.7374963809380395
1.738368138365185
1.7344759204169597
1.738285547862851
1.7378830847440152
1.7377914045355878
1.7385893673227597
1.738838628698085
1.7407801284085493
1.740509568286586
1.7406186315852257
1.7407926609082607
1.7346860723529733
1.7409648531712776
1.7409806097262899
1.7388776777437014
1.739273483968867
1.7392042776570864
1.7396205334297077
1.739751421878774
1.740130167905152
1.7386000908689443
1.7384806366364831
1.7388191779471542
1.739691982780189
1.732461166571231
1.7362706641253844
1.7358682028826449
1.7357765256497433
1.7365748754409198
1.736824031011586
1.7387655075002422
1.7384949812500747
1.7386039292111644
1.7387781535319842
1.7326713335442558
1.7389502424254737
1.738965918693603
1.7368631154066736
1.737259008401644
1.7371896720246034
1.737606002607508
1.7377367818747316
1.738115456194149
1.7365853368614723
1.7364659505401434
1.7368044409408012
1.7376772016313122
1.7342388088381322
1.7380498215636522
1.7376472140196892
1.7375555004983374
1.738353686278462
1.7386030540705086
1.7405452527921026
1.740274590290788
1.7403837113474354
1.740557771369695
1.7344490335906089
1.7407300420563292
1.7407458172727697
1.738642111367327
1.739038045259284
1.7389688352558632
1.739385227957517
1.739516180981926
1.7398950742639452
1.7383644561701281
1.738244948149203
1.7385836189459574
1.7394567434859396
1.7321310165200594
1.7359420724764716
1.735539428760448
1.7354477137975441
1.7362470137293826
1.7364961247421318
1.7384384601505707
1.738167860335744
1.7382766848356144
1.7384512829087817
1.732341302891986
1.7386232954277332
1.7386388580544714
1.7365352803450012
1.7369314862312257
1.7368619221387736
1.7372785570194906
1.7374092321432832
1.7377879728651637
1.7362570853787562
1.7361377463199157
1.7364763159283716
1.737349411997773
1.7319228935821416
1.7357290144487723
1.7353268685847503
1.7352352720883393
1.736034360335774
1.736282955341681
1.7382228609665216
1.7379526605548927
1.738061122259379
1.738235893646325
1.7321329517790685
1.7384074896135502
1.7384228735627016
1.7363221331539596
1.7367180252823349
1.7366482880394216
1.7370645603210033
1.7371948580695575
1.73757299147644
1.7360438986211664
1.7359248409958183
1.7362628939233995
1.7371348307939483
1.7328090807334438
1.73661651479504
1.7362142670193113
1.7361226393877072
1.736920715285096
1.7371696986494605
1.7391101399471436
1.7388397696672275
1.7389486158897034
1.7391228227494457
1.733019142363644
1.739294781107664
1.7393104183584158
1.7372087759141275
1.7376044928442824
1.7375351433360546
1.7379512824728092
1.73808195081712
1.738460397515311
1.736931070844372
1.736811773626651
1.7371500656083276
1.738022348044413
1.7326354999355018
1.7364438863706217
1.7360415359701153
1.735949885393715
1.7367482311443576
1.7369972602907633
1.7389381942473083
1.73866776051694
1.7387766150415498
1.7389508995429628
1.7328456178737501
1.7391228843838993
1.7391385120251337
1.7370363535489948
1.737432186461088
1.7373627971544718
1.7377790554720443
1.7379097387467877
1.7382882701398767
1.7367585449145109
1.73663922867964
1.7369775986056577
1.7378500967916986
1.7344324114461007
1.73824149047127
1.7378390411981783
1.7377473736280329
1.7385467632399385
1.7387956265590678
1.7407370067308594
1.7404665772936299
1.7405752094452729
1.7407499615839253
1.7346426157664216
1.7409217661685268
1.7409372236264777
1.7388348065098056
1.7392309289434464
1.739161239707922
1.7395777668268788
1.7397082466683713
1.7400867193424367
1.7385565109697054
1.7384373115399485
1.738775657590281
1.7396482832412288
1.734701288415371
1.738508765707859
1.7381064817600689
1.738014852686913
1.7388140427360161
1.7390627693210838
1.7410033473056121
1.7407330397121834
1.7408415893778817
1.741016334288532
1.7349114116650213
1.7411880344790673
1.7412034591401169
1.739101944891801
1.739497933816224
1.7394282302189656
1.7398446115347832
1.7399750019784765
1.74035329611653
1.7388237000529996
1.738704571797363
1.7390427625907419
1.7399150165562463
1.7336582984950606
1.7374718075197115
1.737068891388345
1.7369771172230024
1.737777394766187
1.73802655732794
1.7399701910121388
1.739699444577303
1.7398082143244968
1.7399831494406421
1.7338687450464576
1.7401551636671586
1.740170647143928
1.7380657791466283
1.7384623521645577
1.738392595232896
1.7388095978026503
1.7389402399530365
1.7393191587233376
1.7377871802274791
1.7376678357303252
1.7380065792503492
1.738880221224615
1.7334056805041753
1.7372206036622266
1.7368175367643743
1.7367257285499267
1.7375263502773495
1.7377755940933841
1.7397199534401546
1.739449109428416
1.7395579067304132
1.7397329297213038
1.7336162076357755
1.7399049965717448
1.7399204766594725
1.7378148346560371
1.7382115662115016
1.738141768250905
1.7385589356444882
1.738689614250422
1.7390686668008342
1.7375361093980124
1.737416727954221
1.7377555925806132
1.738629556873817
1.7323541268194864
1.7361635088590226
1.7357610196616777
1.7356693446989298
1.7364690744545395
1.7367178926036895
1.7386594559059414
1.7383890214116084
1.738497587681575
1.7386724878755662
1.7325643626852334
1.7388442410315386
1.7388596464735535
1.736757100161536
1.7371533210498349
1.7370835378557987
1.737500157533253
1.737630577837813
1.738009041365661
1.7364786481932777
1.7363594819033408
1.7366978285854013
1.7375705140508169
1.7321007562622732
1.7359117111807194
1.735509062999432
1.7354173502758747
1.7362171584030024
1.7364661384486535
1.7384084772867263
1.7381379161461439
1.7382465951052593
1.7384214453517324
1.7323110654349514
1.7385933287014639
1.738608788990849
1.736505339893757
1.7369016634205299
1.7368319319255232
1.7372486695113198
1.7373792073334742
1.7377578628728647
1.736226895240634
1.7361076409347516
1.7364461512534797
1.7373192057923479
1.7349109164859455
1.7387230113771963
1.7383202460123168
1.7382285058960782
1.7390284392550246
1.7392775205624964
1.741220428584123
1.7409497797261901
1.7410585219185808
1.7412333691599806
1.7351212824571396
1.7414053307625728
1.7414208176283834
1.7393167236372193
1.7397131381176134
1.7396434222148875
1.740060259960813
1.7401908656556513
1.7405696506458408
1.7390382510569455
1.7389189435064303
1.7392575659200846
1.7401308855754138
1.734179793455216
1.7379902866137853
1.737587686574207
1.7374959849549576
1.7382957187511014
1.7385446633245119
1.740486769158875
1.740216242144743
1.7403249018511893
1.740499741864587
1.7343900783557396
1.7406715990731128
1.7406870531420227
1.7385838620192149
1.7389801429903906
1.738910412725931
1.7393271046687167
1.7394576209657564
1.7398362274199337
1.7383054401402394
1.738186203763844
1.738524670920545
1.7393976188904308
1.7331437461825838
1.736948669368867
1.7365466533711562
1.7364550857397851
1.7372538063728313
1.7375023504417966
1.7394416335801997
1.7391715112810242
1.739279970158644
1.7394546301996223
1.733353732053515
1.7396261995133726
1.7396416009870381
1.7375415056389298
1.7379372450721962
1.7378675669115924
1.7382836832434525
1.7384139693589142
1.7387920002660573
1.737263415066155
1.7371443770017887
1.7374823345938724
1.7383540011239786
1.735084147784065
1.7388785371540398
1.7384776627115999
1.7383863489453453
1.739181858810032
1.7394299496014243
1.741363760189463
1.7410943262403644
1.7412027542009196
1.7413764458324814
1.735293498738983
1.7415477754357105
1.7415633267150112
1.7394689078838221
1.7398633097742826
1.7397941440705447
1.7402088936238107
1.740339071744098
1.7407161979584265
1.7391920725559242
1.7390732099965622
1.7394103269603218
1.7402796150169382
1.7348005169690652
1.7385963781799838
1.738195340288338
1.73810399100062
1.7389000874321148
1.7391482091529094
1.7410827987064037
1.7408132767853
1.7409216718942493
1.7410955657515976
1.7350099640316659
1.7412668963793658
1.741282400168685
1.7391872071647985
1.739581829334282
1.7395125479270175
1.7399275180937064
1.7400576764299502
1.7404349094733307
1.7389101294651579
1.7387912636428082
1.7391284849535082
1.7399981005530434
1.734531639999795
1.7383291029433943
1.7379278997264476
1.7378365119417403
1.738632807936038
1.7388810663908933
1.7408164581316512
1.7405468143667466
1.7406552919616407
1.7408291930469912
1.7347411681330656
1.7410006280688253
1.7410161646550462
1.7389200687828033
1.7393148244615044
1.7392455574159744
1.7396606733858024
1.7397909211198446
1.7401683326992372
1.738642940381864
1.7385240033853941
1.7388613799530477
1.7397313672380261
1.7342317502064102
1.7380308725902338
1.737629491365266
1.7375380636112108
1.7383348015508808
1.738583146414918
1.740519393645824
1.7402496376420158
1.7403581373164454
1.7405321599808388
1.7344413749378311
1.7407036477973543
1.7407191730795366
1.738622174172375
1.7390171251017816
1.7389477977433956
1.739363115305956
1.7394933961982053
1.7398709593625517
1.7383448790372695
1.7382259045503305
1.7385634196155095
1.7394337838099125
1.7364350722115904
1.7402267631069712
1.7398261350013648
1.739734885683228
1.7405311849050076
1.7407787809212203
1.7427113568252868
1.7424421951238271
1.7425501808083854
1.7427244062679261
1.7366443469167716
1.7428952950565455
1.7429105743728175
1.740817831500029
1.741212280921918
1.7411427311751342
1.7415574769441962
1.7416872198933835
1.742063885560762
1.740540535031535
1.7404219658530093
1.7407587142765908
1.7416273370607231
1.7353700362980486
1.7391624775905525
1.7387617912496856
1.7386705241400096
1.739466244876049
1.7397140628113807
1.741646944814214
1.7413776860451617
1.7414858914542852
1.7416597943268528
1.7355793129651003
1.741830890196039
1.7418463142560827
1.739753055934411
1.740147405243031
1.7400780770589253
1.740492746745228
1.7406227014634192
1.7409995461544028
1.739476062016224
1.739357355927771
1.7396942409536924
1.740563061203846
1.7371499362639344
1.7409434164912772
1.7405426085015536
1.7404513162385433
1.7412476704016906
1.7414954586317446
1.7434289132477663
1.7431596054356073
1.7432677285372513
1.743441880578051
1.7373592925302543
1.7436129255308783
1.7436282738299946
1.7415344992266288
1.7419290571294186
1.7418595771350385
1.7422744496865492
1.742404334975787
1.7427812239350795
1.741257227694413
1.7411385531142856
1.741475490945406
1.742344534781486
1.7368973182730496
1.7406922126337923
1.7402912538775823
1.7401999275654676
1.7409966259128529
1.7412444953971888
1.7431786756757817
1.7429092702867206
1.7430174209431677
1.7431916608587126
1.7371067551195722
1.7433627584354643
1.743378103345539
1.7412835547360375
1.7416782711763628
1.7416087501530473
1.742023787528387
1.742153709273172
1.742530732012576
1.7410061568649466
1.7408874453381806
1.74122450427567
1.7420938704306879
1.7366447002821646
1.7404410087763078
1.740039899253612
1.7399485388923928
1.7407455814240156
1.7409935321626329
1.742928438103798
1.7426589351378339
1.742767113349084
1.7429414411393742
1.7368542177088901
1.7431125913400505
1.7431279328610836
1.7410326102454468
1.7414274852233071
1.741357923171056
1.7417731253702253
1.7419030835705578
1.742280240090073
1.7407550860354801
1.7406363375620764
1.7409735176059342
1.7418432060798898
1.735423847681722
1.739221353856214
1.7388201144672057
1.7387287252409465
1.739526135386958
1.7397741370625164
1.7417096654901192
1.7414400844117022
1.7415482654498193
1.7417227045860775
1.735633437434443
1.7418938814402294
1.7419092054367475
1.739813237760477
1.7402082654334456
1.7401386442988849
1.7405540024477764
1.7406839722812015
1.741061231300456
1.739535569590492
1.7394168015561062
1.739754076935462
1.7406240357498595
1.7322014899486238
1.7360005112944814
1.7355991256042504
1.7355077000895411
1.7363049462245008
1.7365531601214397
1.7384894107819788
1.7382196934524154
1.7383280475860905
1.738502322423789
1.7324111374807962
1.7386736810710843
1.7386891040159138
1.7365922337211304
1.736987302291086
1.736917807530145
1.7373332277977849
1.7374633713883965
1.737840849370252
1.7363146888991476
1.7361957991651662
1.7365332549406172
1.737403577604487
1.7362177489270088
1.7400165826735858
1.73961521154217
1.7395237904753453
1.7403211812317398
1.7405693396488995
1.7425055137847476
1.7422358207220818
1.7423441199246155
1.7425184754090575
1.7364273959687142
1.742689782286211
1.7427051690450974
1.7406084276125344
1.741003521210807
1.7409339710591971
1.741349410347527
1.7414795009958872
1.7418569342218422
1.7403308071529748
1.7402119516464754
1.7405493732713422
1.7414196465687057
1.7342975386862798
1.7380957519274716
1.73769443715522
1.737603030904409
1.7384006131425394
1.7386486554452387
1.7405845467041272
1.7403149168372591
1.7404231116527775
1.7405975947264083
1.7345071687291025
1.7407687978925221
1.74078412019452
1.7386877655151816
1.7390828724569178
1.7390132308078894
1.7394286713686953
1.7395586594298942
1.7399359853392047
1.738410034175759
1.738291247668054
1.7386285836005941
1.7394987035744602
1.734060427107452
1.7378600256282724
1.7374585664308948
1.7373671268671584
1.738164932098242
1.7384130808176625
1.7403496710876807
1.7400799388414607
1.7401881914149873
1.7403627051878432
1.7342701299667376
1.7405339867775738
1.7405493277409998
1.7384521991388073
1.7388474337473347
1.738777788406666
1.739193365896504
1.7393234185330466
1.739700891697998
1.7381743994769423
1.738055559180774
1.738393024599397
1.7392634642802107
1.7329658835024524
1.7367659726369205
1.7363644589564742
1.7362730075522501
1.737071008305603
1.7373191673348243
1.7392560172599947
1.7389862556897733
1.7390944973127638
1.739269078494215
1.7331756183976321
1.7394403604254587
1.7394556855588907
1.7373582988991327
1.7377536069340012
1.7376839230254908
1.7380995740531358
1.7382296200949976
1.738607128869632
1.737080418446687
1.7369615770628561
1.7372990772637922
1.7381696261255792
1.7359023527215667
1.7397028747621397
1.7393013192813436
1.739209857508991
1.7400078114020432
1.7402560310659445
1.7421930873433824
1.7419232868442622
1.7420315779231264
1.742206112162132
1.7361121041251613
1.7423774460342745
1.7423927994386523
1.7402951548878907
1.7406904746076117
1.74062082680585
1.7410364955817095
1.7411665912684813
1.74154416260386
1.7400173096777312
1.7398984335225869
1.7402359852652656
1.7411066380840436
1.7346342283186247
1.7384361933463692
1.7380344807577275
1.7379429842000906
1.7387414034686663
1.738989679224409
1.740927487815861
1.7406575945422864
1.7407658829727501
1.7409405622620215
1.7348440680661619
1.7411119229583956
1.7411272509232625
1.7390288322830834
1.7394243414110842
1.7393546152430917
1.7397704767375766
1.7399005807601007
1.74027827240006
1.7387508027176153
1.738631906457658
1.7389695709269906
1.7398405486766977
1.7355531669424773
1.7393493310682313
1.73894819993229
1.7388568425774038
1.739655143882176
1.7399027823617161
1.7418377484650338
1.741568332452456
1.741676159175788
1.7418511056637291
1.735762745498185
1.7420219459265815
1.742037038671969
1.7399419731145258
1.7403371451149703
1.740267173583019
1.7406826369819408
1.7408122643394062
1.7411892235428814
1.7396638334979362
1.7395452882140983
1.7398823329190727
1.7407519435559426
1.7331254630209936
1.7369243111446908
1.736522910182574
1.7364314884103769
1.7372298721272008
1.7374777989275023
1.7394140830987532
1.739144447920127
1.7392524807690877
1.7394273171289165
1.733335163918409
1.7395983916380804
1.7396135878577346
1.7375169747044257
1.737912309426222
1.7378424425228758
1.738258096095472
1.7383879369630113
1.738765231104357
1.7372388724922534
1.7371201691060125
1.7374574979222952
1.7383277401370882
1.7381572284114362
1.741955860082081
1.7415544800201388
1.7414630634320063
1.7422614705789798
1.7425093670619418
1.7444455480570589
1.7441759323428823
1.7442839404639061
1.744458800294958
1.7383669210546442
1.7446298488336722
1.7446450309178538
1.7425485467100466
1.742943875589416
1.7428739906326958
1.743289635331185
1.7434194513762693
1.7437967142372437
1.7422704268767313
1.7421517408761469
1.7424890439215586
1.7433592341578554
1.7331269681536496
1.7369254987863287
1.7365241142591235
1.7364326999103363
1.7372316152526006
1.7374793807684632
1.739415565193215
1.7391459881532823
1.7392538507335509
1.7394289627379083
1.7333366835976096
1.739599882107403
1.7396149618542316
1.7375186062588022
1.7379140527787202
1.7378440004194446
1.738259747823014
1.73838942656646
1.738766604244944
1.7372402367386093
1.7371216354909824
1.737458879246667
1.73832902795243
1.7383470681877642
1.7421445598856038
1.7417432970072542
1.7416519078118025
1.742450189726958
1.742697984948099
1.7446335967596625
1.744364068762836
1.7444720136505845
1.7446468764867094
1.7385567040324554
1.7448178467725632
1.7448330022803196
1.7427371629665838
1.743132400892332
1.7430625003433313
1.743478044881692
1.7436077930540919
1.7439849264642675
1.74245907106042
1.7423404383044678
1.7426776292549535
1.7435475543747894
1.7376166977233627
1.7414124289430124
1.7410113396074205
1.7409199926206627
1.741718340785735
1.7419659186305954
1.743900678381646
1.7436313012979672
1.7437390785654252
1.7439140719958122
1.7378262597706557
1.7440848603177654
1.7440999247922073
1.7420051171257676
1.7424002774413592
1.7423302698026595
1.7427457154533674
1.7428752931659217
1.7432521898086542
1.7417269422668917
1.7416084317543672
1.7419454249175996
1.742814931597478
1.735912305634558
1.739700590988645
1.7393002846031151
1.7392091167576489
1.7400060332444012
1.7402530938582947
1.7421840722471027
1.741915231581734
1.7420227612128936
1.7421974765630404
1.7361214637999016
1.7423678982250874
1.7423829072728516
1.7402922273615316
1.7406866450460812
1.7406167317707193
1.741031391343662
1.741160680893976
1.74153681912435
1.7400145329218786
1.7398962755975091
1.740232594927728
1.7411003912799068
1.7366411709663037
1.7404315342895986
1.7400310379264001
1.739939820448829
1.7407361390602252
1.7409835783348377
1.7429155085306585
1.7426464588134478
1.7427543263335894
1.742928635444946
1.736850388382501
1.7430993942105635
1.7431146107644668
1.741022641647971
1.7414170251445558
1.7413474044148227
1.7417620690444449
1.741891691178698
1.7422681826393762
1.7407452974690512
1.7406268157626401
1.7409634179407103
1.741831726241876
1.735454341455288
1.7392452097693514
1.7388446290923831
1.738753399068952
1.739550906163046
1.7397981241306022
1.7417304240169775
1.7414614028598043
1.741568993075838
1.7417438504711777
1.7356636447630904
1.7419143772103174
1.7419293873949948
1.739837288500187
1.7402319865466362
1.7401620104973248
1.7405769629490215
1.740706328707772
1.741082716693526
1.739559381778074
1.7394410511042588
1.7397775952560586
1.7406459816556263
1.7381219337051326
1.7419148366579817
1.7415140488553627
1.7414227699668132
1.74222042976341
1.7424678450997073
1.744401153525614
1.7441319715957406
1.7442396937535924
1.744414511434489
1.7383313345920202
1.7445851945085928
1.744600265761118
1.7425070061069492
1.7429018493474704
1.7428319237666412
1.743247039769692
1.7433765445711504
1.7437531736536607
1.7422290839258245
1.7421106473065764
1.7424473982570714
1.743316260299074
1.7379165875167477
1.741710659296173
1.7413097479686017
1.741218440951192
1.7420163471708918
1.7422638386065703
1.744197742867473
1.743928478022698
1.7440362332106203
1.7442111050619644
1.7381260529658908
1.7443818405892366
1.7443969163677169
1.7423030117361957
1.7426979768010817
1.7426280294752383
1.7430432735332138
1.743172818087561
1.74354956314534
1.742025003611486
1.7419065305894306
1.742243385255138
1.743112515025592
1.7322235359418545
1.7360278386227526
1.7356258789842063
1.7355343261688487
1.7363332382836307
1.7365816662381361
1.7385206664995794
1.7382506073962014
1.7383589618868058
1.7385337495169728
1.7324335048139037
1.738705215119683
1.7387205521364602
1.7366208435415764
1.737016596318307
1.7369468266602854
1.7373629442646208
1.7374931277929213
1.7378710513834192
1.736342642088938
1.736223673023367
1.7365615449231238
1.7374330581297333
1.7341600051609691
1.7379647407479715
1.737562739309076
1.7374711761255894
1.7382700413800714
1.7385185299692567
1.7404577365829672
1.7401876385506903
1.7402960424971694
1.7404707831848905
1.7343699905414327
1.740642300728499
1.7406576660162218
1.738557699530334
1.738953463991918
1.738883730440645
1.7392998657931942
1.7394300989664053
1.739808085117647
1.7382795333199828
1.7381605294830984
1.7384984529245966
1.7393700700881978
1.7339073871700843
1.7377135368904868
1.7373113846851047
1.7372197874525144
1.7380189968912336
1.7382675667347007
1.7402074990109833
1.7399373034018035
1.7400457349030856
1.740220563465552
1.7341174531307504
1.7403921336330852
1.7404074955317663
1.7383067550397433
1.7387026780388621
1.7386329034586536
1.7390492036350322
1.739179473263791
1.7395575931951437
1.7380284624905162
1.7379094217069937
1.7382474662548608
1.7391194057373998
1.732273065443339
1.736076646580885
1.7356747388362403
1.7355832030762424
1.7363828148680494
1.7366309957409967
1.7385697165551146
1.7382997593217782
1.738407863884613
1.738583031277274
1.7324830401172573
1.7387542639997244
1.7387694342222597
1.7366702409929784
1.7370661247537214
1.7369960961957265
1.7374123177776177
1.7375422614171188
1.7379199925084825
1.7363916789735991
1.7362728636597806
1.7366105905774833
1.7374819089300624
1.7321615102936256
1.7359659283896094
1.7355639433856256
1.7354723876255498
1.736271784505471
1.7365201118102178
1.7384592186774293
1.7381891787838462
1.7382974124616326
1.738472428793882
1.7323715102206334
1.7386437911978214
1.738659040012719
1.736559331084711
1.7369552073444168
1.7368852883372143
1.7373015175207367
1.7374315885698541
1.7378094582582337
1.7362808975663382
1.7361619958680683
1.7364998342489686
1.7373713579035404
1.736889856574822
1.74068977248713
1.7402882435347975
1.7401967958730862
1.7409959342083028
1.7412438061408868
1.7431806895767679
1.7429110101574843
1.7430189304957606
1.743194073199343
1.737099644835245
1.7433650709924546
1.7433801694007114
1.7412830398824277
1.741678614069137
1.7416085580182212
1.742024442350823
1.742154185669612
1.7425315106037376
1.7410046020397927
1.7408859470037026
1.7412233202454697
1.74209378865818
1.7324791641980521
1.7362814177635126
1.7358796417612758
1.7357881378418436
1.7365877690232672
1.7368357931546137
1.738773868260486
1.7385040230113988
1.7386120094098172
1.738787260454294
1.7326890815829863
1.7389583631537415
1.7389734706139093
1.7368750511409201
1.7372708689763594
1.7372007694354143
1.7376169098778664
1.7377467327024327
1.7381242895870967
1.7365964414111155
1.7364777135694112
1.7368152942416024
1.7376862981112158
1.7356217321718799
1.7394230910713595
1.7390214050111807
1.7389299225641854
1.7397295262749248
1.739977454299351
1.7419150900492462
1.741645317855508
1.7417532355453833
1.7419285232992314
1.7358316087762455
1.7420995479165753
1.7421146208853207
1.74001671727762
1.740412480872608
1.7403423464554622
1.7407584235066895
1.7408881751612308
1.741265620399938
1.7397380950796761
1.7396194199387731
1.739956905907195
1.7408276992508334
1.7351164961901095
1.7389206833563902
1.7385186957632388
1.7384271452180349
1.7392274372972503
1.7394755278302396
1.7414146149052778
1.7411446475577346
1.7412526203572163
1.7414280838605551
1.7353265339548813
1.7415992137257479
1.7416142799164098
1.739514828296438
1.7399109089664968
1.7398406924914798
1.740257099190365
1.7403869237560021
1.7407646365549316
1.7392359534207436
1.7391172043865637
1.7394549325677235
1.740326370549237
1.732417138549823
1.73621950753037
1.735817706162695
1.7357261992985444
1.7365263152451071
1.7367742387266953
1.7387124204383362
1.7384425943990436
1.738550459984644
1.7387259397312032
1.7326270869897165
1.73889693923188
1.7389119584901682
1.7368135386840549
1.737209480002469
1.7371392311123437
1.7375554831339828
1.7376851934793658
1.7380626964619108
1.7365346968885158
1.736416036414113
1.7367535835674472
1.7376245978850227
1.7343381013568804
1.7381409320973034
1.7377390825879193
1.7376475646194607
1.7384477548970076
1.7386957138508363
1.7406341285661866
1.740364268400444
1.7404721532387133
1.7406476432183482
1.7345480740689279
1.7408186688602314
1.7408336943389948
1.7387350165585964
1.7391310004326077
1.7390607503119357
1.7394770479765855
1.7396067798470833
1.7399843319148416
1.7384561519889097
1.7383374735850194
1.7386750639003814
1.7395461847869391
1.7326705091070365
1.7364713052086735
1.7360696628249408
1.7359781937215997
1.7367782312966447
1.7370259928817315
1.7389633990575515
1.738693699664508
1.738801452560959
1.7389769822550374
1.7328803842399985
1.7391478515619556
1.739162815972872
1.7370652989518343
1.7374611376317741
1.7373908370426197
1.7378069711559159
1.7379365639837043
1.7383138749547076
1.7367864498411598
1.7366678773827025
1.7370052608993687
1.7378759061434919
1.735878632044954
1.7396843632363725
1.7392822230006386
1.7391906354308047
1.739990884690253
1.7402391622821831
1.7421789982416007
1.741908899445359
1.7420170151371948
1.742192371517494
1.7360887353529164
1.7423636573761383
1.7423788004646414
1.7402784461428755
1.7406745985806649
1.7406044711419721
1.7410209678544035
1.7411509380574302
1.7415288563434317
1.7399996365987496
1.7398807827067995
1.7402186829043405
1.7410904873473165
1.730577237118913
1.734384945241574
1.7339826105629077
1.7338909756003156
1.7346911351796965
1.7349396604652467
1.7368804516613114
1.7366101824874727
1.7367184905275355
1.7368936928423502
1.7307874224784807
1.7370651866353441
1.7370804348926345
1.7349789199780707
1.7353751558684434
1.7353051535728239
1.7357217580470148
1.7358519235323426
1.7362301098661586
1.7347002110077998
1.7345812174867659
1.7349193412424309
1.7357916161038602
1.7346422730324542
1.7384492307579922
1.7380469543145873
1.7379553371435337
1.738756075208655
1.7390043785750868
1.7409448636723845
1.7406746915661382
1.7407827798816355
1.7409583047834238
1.734852456430152
1.7411295914958507
1.7411446950093694
1.739043695543689
1.7394400315473306
1.7393698076890332
1.7397864882459828
1.739916441962307
1.740294449272518
1.7387646840231108
1.738645827412004
1.7389838145653294
1.7398558919607374
1.7340897652481844
1.7378997965473468
1.7374971913294348
1.7374055001399284
1.7382070243346606
1.738455495364556
1.7403975616145728
1.7401271796925208
1.7402353176423566
1.7404110519979337
1.734300125824235
1.740582444128966
1.7405975329494046
1.7384948564426699
1.738891546234552
1.7388212210344631
1.739238268007974
1.7393682913380535
1.7397465840133288
1.7382155518490503
1.738096620800836
1.7384348675580559
1.7393076441818254
1.7343423832390696
1.7381510004048315
1.7377485459534054
1.7376568888130044
1.738458068823498
1.7387064585991119
1.740647799186557
1.7403775148414076
1.7404856252364402
1.7406612717172716
1.7345526632349173
1.7408326112243797
1.74084770343386
1.738745800933261
1.739142332187608
1.739072048016454
1.7394889301661365
1.7396189170406677
1.739997075935832
1.7384666226785168
1.7383477285769404
1.7386858542277919
1.7395583085326236
1.7330339296813064
1.7368326334366146
1.736431210861252
1.736339792095388
1.7371394345853608
1.7373870491265857
1.7393233934599897
1.7390538452347493
1.7391615265957914
1.739336981653272
1.7332436917077043
1.7395077462246107
1.7395226936686197
1.737426337573504
1.737821969317885
1.7377516929348384
1.7381676077071881
1.7382971177318594
1.738674214557166
1.7371476199547093
1.7370291197580343
1.7373663132354338
1.7382364776131407
1.7338371472572993
1.7376485926898622
1.7372458367054633
1.7371541114668534
1.7379559798458233
1.7382045321300001
1.7401473240425887
1.739876844543634
1.7399850100482728
1.7401608322785953
1.7340475884135524
1.740332277033552
1.7403473624649488
1.7382439119520787
1.7386407602814962
1.7385703940524717
1.7389876058498124
1.739117665635439
1.7394960920908258
1.7379644810195842
1.7378455130247312
1.7381838808883197
1.7390569798310274
1.7337134350622931
1.7375047653352942
1.7371042431567032
1.7370130033780937
1.7378068553440267
1.7380549849263727
1.739987130977731
1.7397178537628482
1.739826468239433
1.7399995267173396
1.7339225627468877
1.7401709574702602
1.740186691931404
1.7380938217787343
1.7384876596281742
1.7384188746806688
1.7388330714279034
1.738963401595461
1.7393403680538038
1.7378177032600564
1.7376987798593686
1.7380357216481033
1.7389043441709202
