1.7058508292904493
1.7068110716504254
1.7068712622647768
1.7050565117435401
1.7049337669011189
1.705140857554087
1.705351462284046
1.7066930104477958
1.7049674358435387
1.7046109807986871
1.7051187324578911
1.7044789181622595
1.7041259798293076
1.7099609453700504
1.7107327446139642
1.7084463571950197
1.7087589988067575
1.7086019825184189
1.7084912220992508
1.7071679646650602
1.7073563412980537
1.707166121619535
1.7071092251357016
1.7072256364951293
1.7071339370289604
1.707167083496452
1.7068723792050333
1.7096494089236376
1.7096112054032846
1.7096001754534742
1.7067274179381253
1.7067269035771055
1.7068837984563066
1.706689147740468
1.7063412864956793
1.7073008818757411
1.707361054178319
1.7055475162210734
1.705424851977472
1.7056318124933016
1.70584226927416
1.707182926060585
1.7054585628600933
1.7051022910947706
1.7056097295839039
1.7049703371434775
1.7046176622008213
1.7104486748687706
1.711219972719527
1.7089351534446624
1.7092475255601514
1.70909063379869
1.7089799710095976
1.7076576184364434
1.7078458005646235
1.7076557318137222
1.7075988636364168
1.7077152150919572
1.7076235922860363
1.7076567241675187
1.7073622518665725
1.7101373436280485
1.7100991937939924
1.7100881980194165
1.707217343570779
1.7072168178322495
1.7073736422720878
1.7071791273216712
1.7064390264771312
1.707398501981798
1.7074586064369344
1.705645322577806
1.7055226793609297
1.7057295885432167
1.7059400354444898
1.7072804908096348
1.7055562107443754
1.7052001377877892
1.705707434399868
1.7050681468714428
1.7047154465708716
1.7105457890297993
1.7113169400235406
1.7090323311749953
1.7093448238874471
1.7091879009105284
1.7090771895520844
1.7077549661142104
1.707943308044074
1.7077532012930836
1.707696367420873
1.707812654080371
1.7077210023705391
1.7077541091003257
1.7074595829154426
1.7102345094225366
1.7101962885541762
1.7101852216144924
1.707314813962623
1.7073143200898506
1.7074710292697741
1.7072765260980347
1.7069294836823614
1.7078883122071131
1.7079483983504766
1.7061363270553394
1.706013764437283
1.7062205434824307
1.7064308424346033
1.7077704064224237
1.7060473377609295
1.7056914480838723
1.7061984315258802
1.7055595658526603
1.7052071289423858
1.71103351852852
1.711804168129103
1.7095211274246382
1.7098333506408407
1.7096765521907986
1.7095659384624309
1.7082446198855932
1.7084327673106439
1.7082428114872708
1.7081860059215879
1.708302232677199
1.7082106576276146
1.7082437497713916
1.7079494555769823
1.7107224441269466
1.710684276944884
1.7106732441804349
1.7078047395952762
1.7078042343449948
1.7079608730855549
1.7077665056792373
1.706504576975426
1.7074639619847316
1.7075240925250035
1.7057109651920432
1.7055883305408048
1.7057952336186348
1.7060056520332572
1.7073459988351212
1.7056219510217063
1.705265830434466
1.705773120509664
1.7051338800992843
1.7047812496000747
1.710611011513502
1.711382116356326
1.7090977624614343
1.709410141687181
1.7092532602564379
1.709142592179945
1.7078205124288435
1.7080087401124449
1.7078186837898532
1.7077618409612738
1.707878143107038
1.7077865212789989
1.7078196359459816
1.707525185262954
1.7102997545592993
1.7102615771920293
1.7102505494757791
1.7073803661512819
1.7073798555876154
1.7075366003409758
1.7073421221043628
1.7066567471167935
1.7076159421271184
1.7076759908991799
1.7058632545391
1.7057406507787067
1.7059474833769948
1.7061578791232863
1.7074979211756824
1.7057740616265262
1.705418190240717
1.705925288967548
1.7052862041458523
1.7049335631032088
1.710762237889441
1.7115331315392726
1.7092491431973578
1.7095616453901532
1.7094047361875262
1.7092940177792142
1.7079721581040765
1.7081605607745018
1.7079704705945917
1.707913670520682
1.7080298914338121
1.7079382410278223
1.7079713248049428
1.7076768274439507
1.710451057330871
1.7104127997515592
1.7104016902229762
1.7075321774032939
1.7075317037636726
1.707688306694958
1.7074938524749563
1.704550713405668
1.705514000666234
1.7055742010712422
1.703753778702931
1.7036306617572565
1.703838332616376
1.7040496544235069
1.70539535472441
1.703663911365586
1.7033067891245222
1.7038159152857109
1.7031741473027409
1.7028198814748714
1.708673524252385
1.7094476192690973
1.7071537566827277
1.7074678687427607
1.7073102020481548
1.707198903146786
1.705871341483378
1.7060608656272607
1.7058698574533382
1.7058128621915358
1.7059294918377639
1.7058373804924059
1.7058705690000817
1.7055746580783329
1.7083610381731578
1.708322486009274
1.7083112033709587
1.705429601026871
1.7054291804774437
1.7055862857313835
1.705390980205046
1.7040844804324344
1.7050470709612764
1.7051071991278381
1.7032881065468737
1.7031650813626231
1.7033725898970609
1.7035837666642513
1.704928477494737
1.7031982235458847
1.7028414330003925
1.7033501535857674
1.702708861693322
1.7023548190833513
1.7082042556972237
1.7089777667997406
1.7066855276571127
1.7069994884477735
1.7068419116210147
1.706730663542837
1.7054040449350603
1.7055935191906735
1.7054026198015095
1.7053456787017547
1.705462200084645
1.7053701361696627
1.7054032906778007
1.7051075506566153
1.7078920016949728
1.7078534413608206
1.707842132379856
1.7049626561912006
1.704962251071734
1.7051191971885549
1.7049240269683816
1.7038661740267822
1.7048290609176115
1.704889137792103
1.7030695170209575
1.7029464605584923
1.7031540035000694
1.7033652642726338
1.704710349839508
1.702979410132019
1.7026226882704687
1.7031314746693555
1.7024900143051163
1.7021357823772592
1.707987087273055
1.7087607780888432
1.7064677464354232
1.706781988572762
1.7066243044369915
1.7065129499164025
1.70518588115101
1.7053756258371393
1.7051845962342083
1.705127669075801
1.7052441681796184
1.7051520292341917
1.7051851696375067
1.7048892336557107
1.7076747518759812
1.7076360919668412
1.7076246955745178
1.7047444348593859
1.704744066408867
1.7049009501542536
1.7047057053583308
1.7045453174757348
1.7055059715689638
1.705566111769446
1.703750617920182
1.703627827652606
1.7038349749109416
1.7040456906783454
1.7053877711883112
1.7036612895704697
1.7033048766321932
1.7038127468446604
1.7031726898415316
1.7028195124755292
1.7086570534891201
1.7094291198577412
1.7071416573245195
1.707454634656203
1.707297486842192
1.7071866001021037
1.705862729726227
1.7060514187277265
1.7058610394784712
1.705804152964596
1.7059205507384094
1.7058287609749383
1.7058618951071753
1.7055669498982464
1.7083453995591809
1.7083070838910328
1.7082959575653718
1.7054220796518142
1.7054216052469016
1.7055784465301087
1.7053836965330227
1.7058810352183689
1.7068425511663978
1.7069028184102002
1.7050856624123871
1.704962755073843
1.705170119042633
1.705381003972887
1.7067243296561918
1.7049964593672229
1.7046395397399654
1.7051479606737416
1.7045072991090635
1.7041538889823982
1.7099965966414012
1.7107694168566914
1.7084799929765815
1.7087930577240271
1.7086358304845382
1.7085249198496355
1.7071999054394613
1.707388541650677
1.7071980664025537
1.7071410958997202
1.7072576589897799
1.7071658357589485
1.707199025073821
1.706903925097338
1.7096846476744965
1.709646389460376
1.709635341030755
1.70675877800131
1.7067582646461268
1.70691536253965
1.7067204529901587
1.706338717174451
1.7072996313902467
1.7073598672797077
1.7055438455828018
1.705421014560259
1.7056282514441379
1.7058390026686168
1.7071814912562375
1.705454716245112
1.7050980037127101
1.7056061147448562
1.70496585147636
1.7046126698393105
1.7104517148982707
1.7112240567958614
1.7089360735830053
1.709248925577554
1.7090918020918537
1.7089809674460514
1.7076567860535274
1.7078452848830619
1.7076549353483554
1.707597997630235
1.7077144930732744
1.7076227315617942
1.7076559023220594
1.7073609965851222
1.7101399598105251
1.710101733532157
1.710090699666054
1.707215927539634
1.7072154111523887
1.7073724208198302
1.7071776345681982
1.7038693291140001
1.7048308813014499
1.7048910015642038
1.7030738452238516
1.702950947362059
1.7031582561124456
1.703369189590998
1.7047124819330366
1.7029842192787152
1.7026276679295247
1.7031359138571343
1.7024952900860293
1.7021416949125245
1.7079847668080823
1.708757491207674
1.7064677954964067
1.7067812669276647
1.7066239080508527
1.706512838879253
1.7051876853281105
1.7053767821418073
1.7051861469653677
1.7051292416081278
1.7052456847498876
1.7051537582366219
1.7051868968186428
1.7048915614095574
1.70767283760416
1.7076343904252722
1.7076231621247349
1.7047467087816752
1.7047462740777732
1.7049031412156277
1.7047081933449326
1.7048148989540848
1.70577652126512
1.7058366554486422
1.704019362233528
1.7038964545076145
1.7041037824040015
1.7043147286712985
1.7056581243415239
1.703929756558177
1.7035731548162925
1.7040814502152135
1.7034407757674264
1.7030871657794404
1.7089306545931717
1.7097034433287404
1.7074135924908158
1.7077270615519882
1.7075696992316034
1.7074586318224703
1.7061333873306435
1.7063224689592003
1.7061318296399905
1.7060749158331754
1.7061913754115272
1.7060994485723004
1.7061325928924878
1.7058372502774306
1.7086187006270768
1.7085802626259268
1.7085690449726139
1.7056923679215068
1.705691928159318
1.7058488218593317
1.705653861750702
1.706045723487364
1.7070057419641949
1.7070656899085177
1.705251466892384
1.7051287722816815
1.7053357180907045
1.7055463359118848
1.7068874426567133
1.7051617690803884
1.7048059819077293
1.7053133177410875
1.704673747504396
1.7043206283956527
1.7101544541275802
1.710925882026826
1.7086397434563585
1.7089529170890434
1.7087957448350712
1.7086847737849196
1.7073616882264098
1.7075507156338479
1.7073603063124645
1.70730352617847
1.7074197199203711
1.707327888919778
1.7073609480263892
1.707065968830377
1.7098430386019574
1.7098045567270557
1.7097932544467715
1.70692150083067
1.7069211071032635
1.7070776028425618
1.7068829500600657
1.7056857815127333
1.7066462818464028
1.7067061932976253
1.7048910900787024
1.704768340178724
1.704975361739115
1.7051861033864855
1.706527845805717
1.7048011600867816
1.7044453646280031
1.7049528684859367
1.7043130048650652
1.70395963190879
1.7097964500317395
1.7105682093916696
1.7082808405802676
1.7085943475628123
1.708437040339594
1.7083259447309895
1.7070021552901098
1.7071914798809136
1.7070009068460243
1.706944128232412
1.7070603248252905
1.7069684032014352
1.707001455710958
1.7067062283914631
1.7094848922604167
1.7094463074154582
1.709434919406548
1.7065618216841905
1.706561462854604
1.7067179315600676
1.7065231672583898
1.7063500637700992
1.707309702248968
1.7073694866568707
1.705556045586497
1.705433412757486
1.7056402176074235
1.7058507900919433
1.7071912873378363
1.705465990290028
1.7051107015202303
1.7056176546568556
1.7049783955975326
1.7046252554019214
1.7104569068794577
1.7112279123927192
1.7089425049282057
1.7092559244949874
1.7090986966972475
1.708987624983458
1.7076649795768761
1.7078543569579623
1.7076638799219421
1.7076071852972876
1.7077232165739196
1.7076313284174247
1.7076643257443123
1.7073692531923712
1.710145644145101
1.710107001846115
1.710095535941165
1.7072251233346938
1.7072248034553776
1.7073810155505262
1.7071864108012536
1.706153998041205
1.7071138921385107
1.7071737052661515
1.705359775308408
1.7052371086042155
1.7054439739443805
1.7056545990384622
1.7069954605505566
1.7052697319897492
1.7049143158571964
1.7054214206761968
1.7047819860278046
1.7044287664880664
1.7102619589928747
1.711033180589527
1.7087471802682133
1.709060649468091
1.7089033905665443
1.70879230249918
1.7074693124271592
1.7076587013759559
1.7074681866974257
1.7074114712022301
1.7075275440455058
1.707435639970232
1.7074686505430208
1.7071735186222348
1.7099506106454683
1.709911974129151
1.7099005205541586
1.7070293246598611
1.7070289979511293
1.707185271946037
1.7069906180153982
1.7035644030652748
1.7045263511183322
1.704586527942362
1.7027686089651155
1.7026456574999
1.7028530650325133
1.7030640766981182
1.7044079399627323
1.7026790355373604
1.7023222560400268
1.702830752592635
1.7021898518790963
1.701836147732501
1.7076815944916781
1.7084546636466158
1.7061640648252336
1.706477581149415
1.7063201842816509
1.7062091022814099
1.7048834221834608
1.7050725001945866
1.7048818190900976
1.7048248759631661
1.704941393544753
1.704849450460787
1.7048826137650428
1.7045872045751673
1.7073695301503602
1.707331107109617
1.707319912433487
1.7044422283865073
1.7044417767366138
1.704598758898547
1.704403737370616
1.7045316278161278
1.7054936211168656
1.7055537848983269
1.7037357876579975
1.7036128319099628
1.7038202424948041
1.7040312684037344
1.7053751859499888
1.7036461653986952
1.7032894097166884
1.7037979095377362
1.7031569852651758
1.7028032462178995
1.7086489832498266
1.7094220754802227
1.7071313491820135
1.707444922249548
1.7072875046086962
1.7071764009674795
1.705850649026144
1.7060397841604007
1.7058490778417126
1.7057921391929658
1.7059086490314193
1.705816691006557
1.7058498503422144
1.7055544034014114
1.7083369075819785
1.70829846279069
1.7082872485028433
1.7054094522921772
1.7054090089877316
1.7055659733629458
1.705370939367452
1.7048143131880948
1.7057759513667756
1.705835978575153
1.7040187046689055
1.7038958051212605
1.7041030908407881
1.7043140699584771
1.7056574270523432
1.7039287940264622
1.7035724625392963
1.7040806258664827
1.7034399856536309
1.7030862456056854
1.708929935028645
1.7097026461335756
1.7074126232914895
1.7077263831796827
1.7075689273245775
1.7074577464231657
1.7061324155364601
1.7063218283360937
1.7061310753741974
1.7060742093070307
1.706190580859941
1.7060985802941133
1.706131687556811
1.7058361778050342
1.70861799871642
1.7085794244293302
1.7085680767757592
1.7056915100303631
1.7056911271702724
1.7058478522502147
1.705652866517573
1.7045960067824428
1.705557941323111
1.705617917239418
1.7038001151429893
1.703677184317129
1.703884504443797
1.7040955675668596
1.705439299397114
1.703709980612597
1.7033537178093727
1.703861946950071
1.7032211382654256
1.7028672088995933
1.7087127666044766
1.709485657422678
1.7071948420698
1.7075088833046712
1.7073513201405544
1.7072400327967312
1.70591425175241
1.7061039349825595
1.7059130518068961
1.7058561996810773
1.705972548954914
1.705880473358642
1.7059135665165164
1.7056178608041297
1.7084007488974282
1.708362075035351
1.7083506399704214
1.7054732886985484
1.7054729425074058
1.7056296052159141
1.7054345449075226
1.7043455108936332
1.7053077711763234
1.7053677897331374
1.703549361874577
1.7034263873094146
1.703633787072309
1.7038449155936795
1.7051891150183225
1.7034592595917804
1.7031028190331068
1.703611249327492
1.702970214377095
1.7026161908526545
1.708463706502983
1.709236877740553
1.7069453144042175
1.7072594029020984
1.707101805190602
1.7069905032556707
1.7056642866052267
1.7058539662179453
1.7056630412570029
1.705606159811068
1.70572256708814
1.705630475247128
1.705663587389071
1.7053678151018663
1.7081515784207122
1.708112919519041
1.7081015074312944
1.7052231491635477
1.7052227910847018
1.7053795422551288
1.7051844205274362
1.7041055495772126
1.7050681310977955
1.7051281253258757
1.703309110665456
1.7031860992407761
1.7033935495045827
1.7036047605767457
1.7049493837843246
1.7032188535960424
1.7028624075132897
1.703370949824058
1.7027297192842081
1.7023755265280796
1.708225037105756
1.7089984293171154
1.7067060458201573
1.7070203565512776
1.7068626688602841
1.7067512838863845
1.7054245979810267
1.7056144757159888
1.7054234416127088
1.7053665611803623
1.7054829703580863
1.7053908181015662
1.7054239258454504
1.7051279881425903
1.707912814193018
1.707874086644643
1.7078626174044789
1.7049833630658948
1.704983028252262
1.705139761400133
1.704944565326319
1.705009793150999
1.705971191578889
1.7060310830923826
1.7042143173823718
1.704091459888177
1.7042986429406184
1.7045096022991373
1.7058525565504417
1.7041240897950267
1.7037681559253346
1.7042760354984103
1.7036356051095631
1.7032818143457855
1.7091241633507013
1.7098965807416027
1.707606978752155
1.7079209798342736
1.7077634615482553
1.7076521835081389
1.706327110891993
1.7065168432949944
1.7063260143329202
1.7062692168759437
1.7063854588367688
1.706293400463118
1.7063264574224253
1.7060308399027744
1.7088123303053966
1.708773613949698
1.7087621239659112
1.7058864508140514
1.7058861316854759
1.7060426262455868
1.7058476640703
1.7047592972621897
1.7057210214321017
1.7057809555861025
1.7039635641139597
1.703840662880462
1.7040479255691305
1.704258950325957
1.7056023721716502
1.7038733687742105
1.7035172571490684
1.7040253378758314
1.7033846812212328
1.7030307962988462
1.7088751032492082
1.7096478010594776
1.7073574510865726
1.7076714994317006
1.7075139465983027
1.7074026539670788
1.70607714574481
1.7062668745303804
1.7060760037830272
1.7060191770059339
1.7061354769699946
1.7060434023516047
1.7060764782949795
1.7057807942005105
1.7085631598286795
1.708524458433388
1.708512991426784
1.7056363112790511
1.7056359802627719
1.705792563284802
1.7055975396902139
1.7048570372436418
1.7058186415381582
1.7058785078447174
1.704061370470693
1.7039384902639205
1.704145701619046
1.704356716496287
1.7056999369206995
1.7039710166584925
1.7036151038420873
1.7041230426917953
1.7034824909491986
1.7031285806688965
1.7089722174102366
1.7097447683634905
1.7074546288169055
1.7077687977589966
1.7076112137101411
1.7074998725095651
1.7061744934225764
1.7063643820098309
1.7061734732623886
1.706116680790391
1.7062329159584086
1.706140812436107
1.706173863227787
1.7058781252493807
1.7086603256231676
1.708621553193572
1.70861001502186
1.7057337816708957
1.7057334825203734
1.705889950282488
1.7056949384665778
1.7058707269032485
1.7068309919902562
1.7068908347158367
1.7050762007328777
1.7049534860065636
1.7051604340351834
1.7053711387708979
1.7067125221590214
1.7049861408302667
1.7046305707575922
1.7051378799987191
1.7044981955255543
1.7041448469265257
1.7099802876495291
1.7107518127410093
1.7084649369594107
1.708778510165651
1.7086211959436373
1.7085100716441892
1.7071865741226593
1.7073760165771563
1.707185434899147
1.7071286945620205
1.7072448176653978
1.7071528824044886
1.7071859079927474
1.7068906717462156
1.70966881760037
1.7096301742939144
1.7096187240843885
1.7067464090305313
1.706746078779543
1.706902423449651
1.7067076956321479
1.7052169792182719
1.70617810165595
1.7062380044556094
1.7044217472843741
1.7042989223668776
1.7045060579706355
1.704716949021687
1.706059533771696
1.7043316256520995
1.7039757211218134
1.704483491946946
1.7038432335885294
1.7034895771557588
1.7093302215060773
1.7101024409986474
1.7078135316929957
1.708127367285228
1.707969918205618
1.7078587015634954
1.7065340263588764
1.7067236177627647
1.7065328727288291
1.7064760787364488
1.7065923110534893
1.7065002981544501
1.7065333555432178
1.7062378656882948
1.7090184719647084
1.7089798025051697
1.7089683500620831
1.7060934608173748
1.7060931267690331
1.706249621564982
1.7060547212682529
1.7054674751070817
1.7064282718027377
1.7064881319618908
1.704672500552786
1.7045497193745922
1.7047567753421229
1.7049676009948675
1.7063097181504878
1.7045823466729157
1.704226619898079
1.7047341895695252
1.70409415747686
1.7037405952026978
1.7095792816075708
1.7103512206807723
1.7080630593585786
1.7083768476878007
1.708219433155571
1.7081082311045552
1.7067839915060592
1.706973586527379
1.7067828832787224
1.7067261186064582
1.7068422929202636
1.7067502962659635
1.7067833346706636
1.7064879113905584
1.709267642441425
1.7092289580214792
1.70921748260121
1.706343600352375
1.7063432781917371
1.7064996845257667
1.7063048456483392
1.704434114091945
1.7053949719029264
1.7054547120443666
1.7036390216810453
1.703516244398301
1.703723261241201
1.7039341339876628
1.7052762668485637
1.703548514002536
1.7031930812977445
1.7037005221658956
1.703060500749144
1.7027067735143415
1.7085459508011926
1.7093178353192147
1.707029374516032
1.7073435104156285
1.70718598157559
1.7070746443913205
1.7057502465545598
1.7059402298700872
1.7057493877645447
1.705692675310114
1.7058087538553446
1.7057166685335463
1.7057496659121585
1.7054540377444063
1.7082343179623867
1.708195475505956
1.7081838504737124
1.7053099663669022
1.7053097094538097
1.705465929381049
1.705271052412046
1.7042491687014296
1.7052102617590728
1.7052700706261554
1.70345391102687
1.7033310985704613
1.7035381889451315
1.7037490986032497
1.7050915904952588
1.70336353325905
1.7030078751681552
1.7035155106531135
1.702875310088655
1.7025215584966054
1.7083621131834026
1.7091342319698755
1.706845278136889
1.7071593478127893
1.7070018259715476
1.7068905174781206
1.70556582772201
1.7057556931738447
1.705564859711421
1.7055081089805049
1.705624261015237
1.7055321893304927
1.7055652136303692
1.705269594389654
1.7080503926224335
1.7080116086274997
1.7080000457958724
1.705125379020561
1.7051250935288704
1.7052814374914662
1.7050865240382886
1.7045646293225443
1.7055253220104503
1.7055850073470162
1.7037696493448968
1.7036468973716965
1.7038538598288255
1.7040647084523766
1.7054065856103569
1.7036790320254833
1.7033237743141016
1.7038310700367578
1.7031911770910304
1.7028374593989928
1.7086756762040727
1.709447390789621
1.7071592678895848
1.7074734676427907
1.7073159283603838
1.7072045642477376
1.7058803673896425
1.706070453383723
1.705879598492291
1.7058229158647702
1.7059389373570917
1.7058468380722787
1.7058798142677936
1.7055841699670324
1.7083641063252564
1.708325214585067
1.7083135379994316
1.705440212853076
1.7054399794602935
1.7055961019143362
1.7054012491915742
1.703669522531899
1.70463268090881
1.7046926795278952
1.7028725891782464
1.7027495070188676
1.7029570682738135
1.7031684145063315
1.7045138257630472
1.7027821893000255
1.7024256103304383
1.702934416339965
1.7022928146215928
1.7019383732896496
1.7077914198219457
1.7085652490904857
1.706271452576105
1.7065860351735602
1.7064282263992627
1.70631674203282
1.7049892422071102
1.7051793296320263
1.7049881487438987
1.7049312484546
1.7050477010996183
1.7049554725088114
1.7049885891005385
1.7046924266131775
1.707479016465692
1.7074402260532808
1.7074287119906573
1.704547778293409
1.7045474599155737
1.7047042369406478
1.7045089173393466
1.7034518018922364
1.7044152407634896
1.7044752950656492
1.702654657216953
1.7025315356010906
1.702739173440035
1.7029505708275352
1.7042963953969992
1.7025643384178746
1.7022075578775109
1.7027165617722848
1.7020747573471835
1.7017202567573124
1.7075749709623038
1.7083490575747537
1.706054640553742
1.7063692136708544
1.7062113911222654
1.7060999138056903
1.7047720502172443
1.704962076901598
1.7047708794423906
1.7047139453547906
1.7048304637461777
1.7047382338515278
1.7047713733959213
1.7044751820846697
1.707262468557357
1.7072237148558982
1.7072122433821735
1.7043304148527387
1.7043300762417521
1.704486959515464
1.7042915909624246
1.7055968188057014
1.706557482113573
1.706617073517562
1.7048018130873932
1.7046790735752797
1.7048859908033218
1.7050968580339394
1.706438642333919
1.7047109396324343
1.7043559283604444
1.704863088742925
1.704223253591155
1.7038694407398396
1.7097075678813975
1.7104791817608482
1.708191014333478
1.7085054481703523
1.7083478361263131
1.7082363801623632
1.7069121687527757
1.7071025287948023
1.7069115854748824
1.7068549461088258
1.7069708873188392
1.7068787292483214
1.7069116723549447
1.7066158986683913
1.7093960269829815
1.7093570207073967
1.709345233733221
1.7064721310562612
1.7064719462201308
1.7066279178408201
1.706433051961609
1.7055745781289433
1.7065352821803657
1.7065947935725458
1.704779493839566
1.7046567569244189
1.7048636480693737
1.7050745466958022
1.7064163414659692
1.7046883845188479
1.7043335692935544
1.704840643807172
1.7042008157726773
1.703846892947602
1.7096853473438125
1.7104569248531432
1.7081685577717807
1.7084832233222373
1.708325535072993
1.7082139890202068
1.706889672118442
1.7070802910232745
1.706889255132097
1.7068326505779294
1.706948527942226
1.7068563107600425
1.7068892265159412
1.7065933162376234
1.7093738106636227
1.7093346990303817
1.7093228123148887
1.7064497083992782
1.7064495670615123
1.706605414411008
1.7064105231374136
1.7052140503883233
1.7061752521642295
1.706234620088164
1.7044184594612617
1.7042956754351075
1.704502600154571
1.7047136554575815
1.7060560473257915
1.704326812993526
1.7039722597368323
1.70447937020329
1.7038392830195508
1.7034849762869848
1.7093266236834446
1.7100984550228215
1.7078086856963635
1.7081239754237008
1.7079660586704903
1.7078542745669723
1.7065291673879586
1.7067204146472335
1.7065291013998631
1.7064725461057264
1.7065883382955593
1.7064959567635118
1.7065288288648328
1.7062325033263128
1.7090149624114253
1.7089756115221877
1.708963509077811
1.706089171361655
1.7060891218238075
1.7062447735193973
1.7060497451026095
1.7070149317934549
1.707973692549878
1.7080334568896054
1.7062216586589138
1.706099134722602
1.7063057650389453
1.706516135510223
1.7078554261591363
1.7061317830249894
1.7057767306894545
1.7062832651765054
1.7056445764437964
1.705291799068807
1.7111180832917023
1.711888412588934
1.7096051384754696
1.7099181797994683
1.7097611249619264
1.7096501906352302
1.7083287756578258
1.7085178746581178
1.708327607263653
1.7082709488883074
1.7083869028741345
1.7082951219116025
1.7083281011133433
1.7080333504656757
1.7108070979404417
1.7107685344733672
1.710757120672636
1.7078892828763415
1.7078889450451966
1.708045069150101
1.7078506495772456
1.7079884667187428
1.7089446033160884
1.7090044413897711
1.7071974937575827
1.7070752827397986
1.7072814477259892
1.707491177852567
1.7088269363334496
1.7071085311797156
1.706753843684228
1.7072593004971646
1.706622261391701
1.7062707226247367
1.7120808311199047
1.7128492506602022
1.7105725209542166
1.7108840776094063
1.7107276525166935
1.7106172672470001
1.709299610854709
1.709487471233268
1.7092979674775872
1.70924135718276
1.7093571915013388
1.7092658204622324
1.7092987920527871
1.7090052047996147
1.7117706468284193
1.7117324870713033
1.7117213898424262
1.7088610546265899
1.7088605926341263
1.7090166657372479
1.7088228275472852
1.708010121629511
1.7089662333509514
1.7090260444612981
1.7072191554407876
1.7070969500043056
1.7073030988967248
1.7075128304778826
1.7088485399122182
1.7071301237615877
1.7067755104741216
1.7072809210841864
1.7066439090963827
1.7062923502432197
1.7121023320929638
1.7128707103727427
1.7105940083165878
1.710905624085216
1.7107491816629883
1.7106387729898525
1.7093211356948588
1.7095090683816898
1.7093195435545792
1.7092629461875122
1.709378756326366
1.7092873706723233
1.7093203325561135
1.7090267147579858
1.7117921612371219
1.7117539705517224
1.711742843063904
1.7088826193924285
1.7088821708036992
1.7090381995579433
1.7088443611383513
1.7087812806514697
1.7097376932390274
1.709797520026544
1.7079900638555798
1.7078678202610975
1.7080740326959722
1.7082838311300172
1.709619959112195
1.707900995322643
1.7075462784877486
1.7080518440486288
1.7074146329127338
1.7070629598147633
1.712874772964529
1.7136433904031574
1.711365968013376
1.7116776901584525
1.7115211958593302
1.7114107491916442
1.7100926953878257
1.710280696765497
1.710091109081678
1.7100344953222542
1.7101503392846187
1.7100589227709002
1.710091893931994
1.7097981790140937
1.712564505169107
1.7125262985158316
1.7125151637462543
1.709654044623266
1.7096535975505682
1.7098096704178527
1.7096157703493318
1.7071682734668019
1.708126812488953
1.7081867090107596
1.7063752631352158
1.7062527537332128
1.7064593979237315
1.7066696800258943
1.70800874307806
1.7062858186932386
1.7059304750496973
1.7064370823318518
1.7057984807179565
1.7054459529194508
1.711270748796694
1.7120410221622104
1.7097584576100457
1.7100710402470511
1.7099141447070654
1.7098033870331086
1.708482364921426
1.7086709765663877
1.7084809025999779
1.708424191500005
1.7085402403040806
1.7084485782168015
1.7084816006436585
1.708187137591466
1.710959804533327
1.7109214334260898
1.7109101978135415
1.7080428099106413
1.7080423951993442
1.7081987147223168
1.708004370414097
1.7068744677564558
1.7078333822724392
1.7078933753614258
1.7060811865003933
1.7059586221964846
1.706165378210773
1.7063757228020828
1.707715351541731
1.705991912508677
1.7056362426936447
1.706143143535229
1.705504261420262
1.7051516796355466
1.7109786867490828
1.7117493230550052
1.7094659552197207
1.709778466892859
1.7096215714645238
1.709510846006344
1.708189350093943
1.7083778135049306
1.7081877398961
1.7081309736204915
1.708247128787253
1.7081554796851062
1.7081885405095605
1.7078940719724591
1.710667605239206
1.7106293109489419
1.7106181588314595
1.7077495408439647
1.7077490874374943
1.7079055841201418
1.7077111788518782
1.7075715252629688
1.7085295326764718
1.708589411764706
1.7067789633153063
1.706656520365184
1.7068630566167913
1.707073217801925
1.7084115470865937
1.7066896128505895
1.70633442590921
1.7068407727610462
1.7062025187666507
1.7058502046432789
1.711671754838653
1.712441614222447
1.7101603352108783
1.7104727027249012
1.7103159074951317
1.7102052275727422
1.7088849475380257
1.7090734066161648
1.7088834542204028
1.708826767455567
1.7089427650492153
1.7088511643553261
1.7088841739657423
1.7085898979471228
1.7113609796922722
1.7113226496985252
1.71131143929672
1.7084456185887973
1.7084451957871505
1.7086014536462009
1.708407220397906
1.7075604049245898
1.7085184327098681
1.7085782717921978
1.7067678036913931
1.7066453620397535
1.7068518852498173
1.707062062132857
1.7084003966526191
1.7066783352937962
1.7063232463757656
1.7068295502931696
1.7061912998574122
1.7058389307471604
1.7116606445698603
1.7124304857685946
1.7101491069300294
1.7104615903008438
1.7103047569684715
1.710194032001664
1.7088736992208593
1.7090622877304014
1.7088722890490102
1.708815619690119
1.7089315853609086
1.7088399551111868
1.7088729510462408
1.7085786067317388
1.7113498715325928
1.7113114888600178
1.7113002285875538
1.7084344072603066
1.7084340062078416
1.7085902019312946
1.7083959559858082
1.708508544085902
1.7094653231590324
1.7095251125752478
1.7077169913393404
1.7075947066025217
1.707800972590536
1.7080108678187003
1.7093474738654542
1.7076277191882399
1.7072730206445932
1.707778701490297
1.7071412712059264
1.706789393975587
1.7126034923254503
1.713372353813327
1.711093983786096
1.7114059849077645
1.7112493798560577
1.711138828508427
1.7098202336063089
1.7100084902293555
1.7098187681889994
1.7097621599213484
1.7098779980412313
1.7097865061711082
1.7098194689655453
1.7095255508810623
1.7122931183730317
1.7122548213225066
1.712243609788795
1.7093814824312836
1.7093810669692466
1.7095371040272558
1.7093431171450508
1.7080180868806722
1.7089755129337167
1.7090353206617055
1.7072259868618076
1.707103621526169
1.707310017651322
1.7075200608285868
1.7088575582526648
1.7071365921716852
1.7067817103485101
1.707287704364284
1.7066498522247087
1.7062977116040727
1.7121157628267294
1.7128851257077642
1.710605187536453
1.7109174581543707
1.7107607285757875
1.7106500795980801
1.709330579834926
1.7095190309627857
1.7093291579948124
1.709272521420634
1.7093884194444033
1.7092968509140325
1.7093298282944789
1.709035678219523
1.7118051836686214
1.7117668329317988
1.7117555872228531
1.7088915567986303
1.7088911527141026
1.709047260211475
1.7088531375638478
1.7078758655457043
1.7088334929612452
1.7088932085130584
1.7070835420094197
1.7069611608409887
1.7071675561335107
1.7073776719819835
1.7087153917677167
1.7069938340602295
1.7066391455217116
1.7071451096768142
1.7065071668597875
1.7061548316495474
1.7119742075905302
1.7127436445883402
1.7104630966827252
1.7107757101308454
1.710618859357308
1.7105080787712805
1.7091882388884925
1.7093770479402797
1.70918702782988
1.7091304265743843
1.7092462617027633
1.7091546038529728
1.7091875516836654
1.7088931823091167
1.7116635852354154
1.7116250948175842
1.7116137207911133
1.7087492410928211
1.7087488921392642
1.7089048663541648
1.7087106811390935
1.7085618027138378
1.7095185433986742
1.709578104943831
1.707770159200419
1.7076479006842582
1.7078540631725554
1.7080640113127572
1.7094004368786044
1.7076802568453482
1.7073261492038327
1.7078315164347548
1.7071942052969369
1.7068420827611617
1.7126561654113075
1.7134248073019296
1.711146248393034
1.7114588335388303
1.7113020448612564
1.7111912647666006
1.7098725880154086
1.7100615221657505
1.70987157698279
1.7098150726440118
1.7099307182764196
1.7098390792790539
1.7098719622203458
1.7095777170683968
1.7123458515288021
1.7123072727286597
1.7122957905472072
1.7094341075091635
1.7094338109096117
1.709589484165318
1.7093954582730237
1.7081480163452822
1.709105293142896
1.7091649390908659
1.707355956961037
1.7072336251132103
1.7074399246757335
1.7076499765804791
1.708987179725277
1.7072661476629185
1.7069117110878715
1.7074174278864152
1.7067797384527994
1.706427477314969
1.7122447686650828
1.7130138839830058
1.710734111710679
1.7110467370092277
1.7108899034535552
1.710779114055193
1.709459728875825
1.7096486138533153
1.7094586144567654
1.7094020554491458
1.7095178083945646
1.7094261521745775
1.7094590713144366
1.7091647379697517
1.7119342701208344
1.711895733814313
1.7118843065517177
1.7090209453936596
1.7090206217315413
1.709176463135645
1.7089823391102463
1.7083657369849445
1.7093227332882168
1.7093823235531116
1.7075738889223304
1.7074515965309878
1.7076578195095118
1.707867820259276
1.7092046100913252
1.7074839985450694
1.7071297635407987
1.7076352824540961
1.706997795727209
1.7066455938473069
1.7124612175247245
1.7132300754987377
1.7109509237330418
1.7112635585119338
1.7111067387305527
1.710995942282323
1.7096769208656915
1.7098658665837436
1.709675883758274
1.7096193585489545
1.7097350457480056
1.7096433908318611
1.7096762870190543
1.70938198249826
1.7121508180291691
1.7121122450116961
1.7121007751602013
1.7092383088343304
1.7092380054053626
1.709393740560829
1.7091996654871677
1.7083150476782363
1.7092707635340694
1.70933051808314
1.7075243916995233
1.7074022398664646
1.7076082899766567
1.707817943370762
1.7091530818825225
1.7074353075029418
1.7070809223636192
1.7075860823486855
1.7069493473033155
1.7065978974232425
1.7124055044093678
1.7131735379338004
1.7108977389877613
1.7112093098634653
1.7110529054321904
1.710942509587695
1.7096253988395087
1.7098133503289106
1.7096238714298493
1.709567311832474
1.7096830475315006
1.7095916784481577
1.7096246156097132
1.7093310715923764
1.7120954686909218
1.7120572538673775
1.7120460927551515
1.7091870997875962
1.7091866681448584
1.7093425818750239
1.7091488171126679
1.7080967412725843
1.7090527534904043
1.7091124567474054
1.7073058021736072
1.7071836190623333
1.7073897035796655
1.7075994409791442
1.708934954227293
1.7072164940890764
1.706862177633695
1.7073674034322734
1.70673049991511
1.7063788607171506
1.712188335985199
1.712956549222903
1.710679957766072
1.7109918099884538
1.710835298248167
1.7107247959612606
1.7094072350554588
1.7095954569753762
1.7094058478625482
1.7093493022065198
1.7094650156264737
1.7093735715126868
1.7094064945694187
1.7091127545914724
1.71187821887193
1.7118399044733983
1.7118286559498137
1.7089688784557817
1.708968483481992
1.709124334840723
1.7089304955026174
1.7092161361648044
1.7101720036313246
1.7102316120775465
1.708425270213545
1.708303113710298
1.708509130800316
1.7087188597747893
1.710054122555111
1.7083357345552308
1.7079816911166077
1.7084867288352594
1.7078499573477575
1.7074982727056836
1.7133069511192862
1.7140749762394567
1.7117986228587758
1.7121106547915588
1.7119540945062999
1.7118435202465994
1.710526107573375
1.7107145616032478
1.7105248934189015
1.710468394995728
1.7105840194399142
1.71049253180728
1.7105254200055522
1.7102315955987137
1.7129968990751203
1.7129584827140012
1.7129471327663672
1.7100879136134635
1.7100875639091664
1.7102432556591043
1.710049427870047
1.7083249964846359
1.7092807237039847
1.70934030430867
1.7075342361941916
1.7074120994191866
1.707618078217205
1.707827781614188
1.7091628377381356
1.7074446599963062
1.7070907173430714
1.7075956561191
1.7069589859849628
1.706607330971852
1.7124151755491075
1.7131830719973231
1.7109070288699573
1.7112190655429123
1.711062512144799
1.7109519343601638
1.7096347035683086
1.7098231879684624
1.709633528069656
1.709577046545633
1.7096926381166346
1.709601151135922
1.7096340278578606
1.709340217862968
1.7121051730292878
1.7120667383126924
1.7120553670706091
1.7091965953337995
1.7091962557460771
1.709351894371696
1.7091580910585082
1.7078456596177851
1.7088020134452728
1.7088616523676359
1.7070543913405725
1.7069321726682645
1.707138294644965
1.707348130293143
1.7086840725593209
1.7069648105365454
1.7066105865804333
1.7071158814609635
1.7064787859129837
1.706126922496457
1.7119385563191796
1.7127069723456134
1.710429460901163
1.7107416512135756
1.710585011391189
1.710474381020896
1.709156298114092
1.709344847587656
1.7091550830468616
1.7090985558103664
1.7092142392081136
1.7091227051229854
1.7091556101062964
1.7088616364168123
1.7116283464845568
1.7115899107604926
1.7115785552138325
1.7087178810296373
1.708717531070243
1.7088733022708211
1.7086793758894026
1.708976174848384
1.7099323635527965
1.7099919476702845
1.7081850190044239
1.70806282564166
1.7082688932325891
1.7084787047578562
1.7098143913211135
1.708095328559493
1.7077412795967908
1.7082464293318256
1.70760946225487
1.7072576083811084
1.7130682817220586
1.7138365278160193
1.7115593542747147
1.711871608440738
1.7117149581759825
1.7116043008773127
1.7102864189491753
1.7104750711012913
1.710285293774608
1.7102287963650227
1.71034442270986
1.710252874661718
1.710285758461931
1.7099917686394375
1.7127581348474263
1.7127196498396031
1.7127082427395517
1.7098481275158106
1.7098478010767266
1.7100034748041082
1.7098095726689297
1.7087795233535006
1.709735983543995
1.7097954894060767
1.7079880911617125
1.7078658721020352
1.7080719580063337
1.7082818549915542
1.7096178672446527
1.707898107727499
1.7075442016567606
1.7080493710024356
1.7074122625713468
1.7070601992934986
1.7128726142709496
1.7136409988176622
1.7113630604153969
1.7116756550415362
1.711518880138254
1.7114080929937303
1.710089780005275
1.7102787748961787
1.7100888462842985
1.710032375743821
1.7101479556298607
1.7100563179363375
1.7100891779249632
1.709794961596905
1.7125623994371373
1.7125237839260428
1.7125122591556914
1.7096514709498343
1.709651194583433
1.709806761590502
1.7096127846499456
1.7092699805587306
1.7102257937693106
1.7102852813196188
1.7084790956392457
1.7083569571783883
1.7085629129455477
1.7087726619816677
1.7101077828574422
1.7083892347440541
1.7080355119528434
1.7085403681284483
1.7079036815525641
1.7075518816650128
1.7133603437696705
1.7141282269232245
1.7118518566650398
1.7121641817949305
1.712007531418524
1.7118968419040774
1.7105794337766582
1.7107682341627488
1.7105784564784854
1.710522014244536
1.7106375342266884
1.7105459731934134
1.7105788185960296
1.7102848342584442
1.7130503341415477
1.7130117723167508
1.7130002817216332
1.7101413965824872
1.7101411088385765
1.7102966054062831
1.7101027642311486
1.7092260849712042
1.7101819638012394
1.7102413983030766
1.7084351147082133
1.7083129732630202
1.7085189190408638
1.708728698018216
1.710063878410724
1.7083450870485948
1.70799148609606
1.7084963026056734
1.707859596029405
1.7075077062542925
1.7133166222590261
1.7140845103029794
1.711807912740971
1.7121204104710053
1.7119637012189093
1.7118529450190683
1.7105354123021745
1.7107243992427992
1.7105345500587084
1.7104781297088874
1.7105936100250483
1.7105020044950439
1.7105348322536995
1.7102407418693046
1.7130066034134865
1.712967967159316
1.7129564070818242
1.710097409159667
1.7100971515103849
1.7102525681557763
1.710058701815887
1.707037172470213
1.7079958924830854
1.7080557368346212
1.7062439779067415
1.7061214513734635
1.7063281077728938
1.7065384468483593
1.7078777270270862
1.7061543381385762
1.705799089756344
1.7063057101122587
1.7056670142622736
1.7053143468610448
1.711140303829288
1.7119106694966386
1.7096275950371669
1.7099404046475832
1.7097834260152467
1.709672581777387
1.7083512722921592
1.7085401124296455
1.7083499376064384
1.7082932444192038
1.7084092622507474
1.7083175403998812
1.7083505469523463
1.7080559328964438
1.7108293142598006
1.710790856150383
1.710779542090968
1.7079117055333235
1.707911324203815
1.708067572579913
1.7078731784014411
1.7057650216706355
1.7067240923014342
1.7067840062568138
1.704971562955124
1.7048489871012418
1.7050557392306707
1.705266142249864
1.7066059390695258
1.7048820245358873
1.7045265241901844
1.705033391902658
1.704394442669262
1.7040417011956228
1.7098697427547356
1.710640430101974
1.7083565800092129
1.7086693777692004
1.7085123819189993
1.7084015464934743
1.7070797823048263
1.7072685465166104
1.7070783509795528
1.7070216155444429
1.7071377155589467
1.7070459920782768
1.7070790273215746
1.7067843772358084
1.709558629374382
1.709520217153654
1.7095089563303636
1.7066400012324852
1.706639594611538
1.7067959757984332
1.7066015204302887
1.7076982996403607
1.7086574925018123
1.708717166421766
1.7069046052116421
1.7067820371486586
1.7069887110288267
1.7071992082354537
1.7085390364656778
1.706814359195127
1.7064594469895151
1.7069660570953988
1.7063271292138291
1.70597405781891
1.7118030811419793
1.7125736593788579
1.7102892103241203
1.7106027032248559
1.7104454787590382
1.7103343730670044
1.709012292401826
1.7092018332020267
1.7090113599511967
1.7089547289517528
1.709070637429108
1.7089787366134415
1.7090116898045642
1.7087166299435048
1.7114919804163058
1.7114532521226078
1.711441692075368
1.7085727332615384
1.708572457135683
1.7087284655089967
1.7085339339577028
1.7068522270796977
1.707811182339232
1.7078710954164098
1.706058867252566
1.7059363055456234
1.706143035476825
1.7063534114639463
1.7076930506737815
1.7059693573950907
1.7056138836267545
1.706120698599476
1.7054818236017846
1.7051291318433088
1.7109564662114976
1.7117270661472996
1.7094434986580236
1.709756242044744
1.7095992704112035
1.7094884548641873
1.7081668534596093
1.7083555757334026
1.7081654095533152
1.7081086780895947
1.7082247694106398
1.7081330611968275
1.708166094670557
1.7078714895416909
1.7106453889198472
1.710606989271927
1.7105957374131275
1.7077271181869822
1.7077267082788758
1.7078830806903296
1.707688650027683
1.7068294006369502
1.70778841250768
1.707848138597905
1.7060358904401163
1.7059133395084083
1.7061200011796636
1.7063304414129892
1.707670052516651
1.7059458397497889
1.7055908322828686
1.7060974293149918
1.7054585956695112
1.7051056638773163
1.7109335261093856
1.711704012044429
1.7094200728969995
1.7097333388243239
1.7095761974508579
1.709465178322726
1.7081433850310925
1.7083326973387687
1.708142324944736
1.7080856760325538
1.7082016154824409
1.7081097744303615
1.7081427434958765
1.7078478346385266
1.710622470689832
1.7105838293983149
1.7105723477979415
1.707703837638856
1.707703528131212
1.7078596076514008
1.707665125970359
1.7065677844097615
1.7075271423942893
1.7075868711191167
1.7057739775477907
1.705651384175263
1.705858112441202
1.7060686337707403
1.7074087177038848
1.7056838411721793
1.7053287539731579
1.7058355092245363
1.7051964528719425
1.7048433719342586
1.7106733557390994
1.7114441039084514
1.7091593169505686
1.7094727459976933
1.7093155319742452
1.709204453210588
1.7078821715667425
1.708071609688391
1.70788114922345
1.7078244883970963
1.7079404539273604
1.7078485670747088
1.7078815414489297
1.7075864977208792
1.710362192053436
1.7103235130434977
1.7103120045496485
1.7074424867753648
1.7074421871291996
1.70759829297571
1.7074037371781756
1.708123206347296
1.709081842724194
1.709141472247239
1.7073299670749384
1.7072074710451361
1.707414020892622
1.7076243986368
1.7089634440529797
1.70723974593435
1.7068850646389215
1.7073913681116146
1.706752814967205
1.7063999371612208
1.7122255881569968
1.7129957111516345
1.7107125752873245
1.7110259121785154
1.7108687706933992
1.7107577193494905
1.7094363998585758
1.7096258604002257
1.7094354876486142
1.7093788939120675
1.709494726999269
1.7094028729620567
1.7094358036299742
1.7091409002575337
1.7119146699839527
1.7118759518754623
1.7118643867800232
1.7089971067055325
1.708996835893062
1.7091527382535756
1.7089583175325778
1.707047121276612
1.7080058526530009
1.7080655230601505
1.70625382240141
1.7061313109261858
1.706337896013442
1.706548285091786
1.707887482882699
1.7061636906319402
1.7058088847357962
1.7063152838826727
1.705676652943921
1.7053237804096537
1.7111499749690273
1.7119202035601615
1.7096368849193626
1.7099501603270297
1.7097930327278554
1.7096820065498561
1.708360577020959
1.708549950069197
1.7083595942462448
1.7083029791323632
1.7084188528358817
1.7083270130876451
1.708359959200494
1.7080650791670349
1.710839018598167
1.710800340595698
1.7107888164064249
1.7079212010795264
1.7079209118050338
1.7080768850765848
1.707882452347281
1.707177636507212
1.7081362027605242
1.7081958183628003
1.7063844500652616
1.7062619638995808
1.7064684946010664
1.706678859556499
1.708017801644492
1.706294208654888
1.7059395777521535
1.706445831753535
1.7058073292858076
1.7054544662943054
1.7112797003719071
1.7120497590305679
1.7097667782929151
1.7100801175541922
1.709922979512649
1.709811926406273
1.7084906978560421
1.7086801735828328
1.708489804973991
1.7084332196870198
1.7085490363376292
1.7084571826263777
1.7084901075561292
1.7081952113896608
1.7109688069610367
1.7109300796748084
1.7109185039321442
1.7080514475657
1.7080511818115178
1.7082070576098718
1.7080126491268088
1.7079815707783177
1.7089403926500666
1.7090000369720812
1.7071881797871726
1.7070656597463105
1.7072722509380236
1.7074826685030178
1.7088219748572124
1.7070979503546093
1.7067431920891194
1.7072495977728759
1.70661091971608
1.70625797738045
1.7120847524853247
1.712855027227376
1.710571453632923
1.7108848425272958
1.7107276733819459
1.7106166039219952
1.709295030706326
1.7094845180008258
1.709294111749475
1.7092375055919626
1.7093533638092153
1.7092614941791848
1.709294432354838
1.708999476819524
1.7117737734614036
1.7117350519578443
1.7117234885451382
1.7088556488908677
1.708855376307269
1.7090113140053829
1.7088168563409531
1.7081992914179798
1.7091578327953871
1.7092174214343272
1.7074061117484665
1.7072836311640878
1.707490145771802
1.7077005121818145
1.709039405223261
1.7073158012367604
1.706961244542047
1.7074674523405569
1.7068289769904899
1.706476093912788
1.7123012013449666
1.713071218743108
1.7107882656552862
1.7111016640300016
1.7109445086589432
1.7108334321491252
1.7095122226961925
1.7097017707312545
1.7095113810509834
1.7094548086917716
1.7095706011626561
1.7094787328364685
1.7095116480594552
1.7092167213480325
1.711990321369739
1.7119515631552273
1.711939957153622
1.7090730123315392
1.7090727599810907
1.709228591430567
1.709034182717875
1.7080496905978404
1.7090071031384952
1.7090667099587618
1.7072574930396809
1.707135148343398
1.7073414570626058
1.7075515516973283
1.7088889176870463
1.7071675372469217
1.706813172117856
1.7073188987217203
1.7066811386110377
1.7063287727711647
1.7121469349395282
1.712916119483827
1.7106359647810199
1.710948760309627
1.710791864434691
1.7106810101134016
1.7093614094038752
1.709550465750759
1.7093603907116106
1.709303845138545
1.7094195748545644
1.7093278738118873
1.7093607810459528
1.7090663344484858
1.7118364024156896
1.7117978008575327
1.7117863147597874
1.7089226171106717
1.7089223184848943
1.7090781065288418
1.7088839451007538
1.7076575591400522
1.7086154829175806
1.7086751471773238
1.7068649524835038
1.7067425400368579
1.7069489697365194
1.7071591695903658
1.7084972641124876
1.7067750206463643
1.7064204007917882
1.7069264307604026
1.7062883194715819
1.7059357949434553
1.711757039166362
1.712526655877443
1.7102453154610358
1.7105582102558343
1.7104012521732852
1.7102903651448462
1.7089700751044423
1.709159154586745
1.7089690042625787
1.7089124169484309
1.7090282297977366
1.7089364969175016
1.708969430643371
1.7086748653082124
1.7114463354164244
1.7114077454236052
1.7113962839857753
1.7085310197610064
1.7085307074763978
1.7086866193198642
1.7084923595290433
1.7076897486232099
1.7086476430207034
1.7087072133478693
1.7068971162259998
1.706774716240441
1.706981100711016
1.7071913191719281
1.70852932083605
1.7068069282533147
1.7064525548381304
1.7069584494665695
1.7063203959717073
1.705967776284302
1.711788930843687
1.712558446848671
1.7102770619049292
1.7105901907833958
1.7104331599392144
1.7103221810594722
1.7090018764675752
1.7091912299978247
1.7090009912451702
1.7089444471924866
1.709060179759484
1.7089683880935442
1.7090012887305217
1.7087065940095716
1.7114782560741488
1.7114395515459355
1.7114279797195642
1.7085629379641922
1.7085626742362345
1.708718435246348
1.7085241622990783
1.7092779458098917
1.7102350733520753
1.7102945575200268
1.7084859270602661
1.7083636287002517
1.7085698317001454
1.7087798923323718
1.710116801197889
1.7083957031541517
1.7080417118272322
1.7085471514085466
1.7079096246808905
1.7075572430258656
1.713373774503436
1.7141426422582466
1.7118630358849047
1.7121760158640846
1.712019078331323
1.711908148512305
1.7105888779167255
1.7107781967438447
1.7105880709187187
1.7105315894776583
1.710647197344726
1.7105554534351226
1.7105883143343945
1.7102937977199815
1.713063356573047
1.7130246346968265
1.7130130258805822
1.7101503339886894
1.7101500907489797
1.7103056660598146
1.7101115406566447
1.708406477485253
1.7093647428724483
1.7094243427975542
1.7076135416504692
1.7074910936427885
1.7076975608018188
1.707907858904364
1.709246382444515
1.7075233370938323
1.707168809738526
1.7076749087890926
1.7070366054694563
1.7066838567227613
1.7125072595003419
1.7132770790001526
1.7109948185961268
1.7113080514809553
1.7111509653163064
1.7110399502044813
1.7097191381630759
1.709908545199025
1.709718239446892
1.7096616705522774
1.7097774533793768
1.7096856305278003
1.709718546180248
1.7094237471335525
1.712196463029051
1.7121577517106987
1.7121461832497937
1.7092800223348625
1.7092797550646481
1.7094355867499618
1.7092412399158285
1.7075147520390943
1.708472893046765
1.7085323581551874
1.7067218500664934
1.7065994299653235
1.7068058166554956
1.7070161220309414
1.708354400338358
1.7066313000031934
1.7062771436879933
1.7067830117242015
1.7061448439928655
1.7057919948151756
1.7116147643656365
1.7123843775628533
1.7101022554079819
1.7104157838600036
1.71025861104778
1.7101474789187414
1.708826762363825
1.7090165309411327
1.7088261198318528
1.7087696155760372
1.7088852775045107
1.7087933815782543
1.70882624869688
1.70853129692541
1.7113040350725615
1.711265169112794
1.7112534493571814
1.7083878461640536
1.7083876459125138
1.708543255853437
1.7083489078711602
1.7084597361131892
1.7094179631120903
1.7094773351661374
1.7076667095115472
1.7075442877245244
1.7077506513838374
1.7079610023984209
1.7092993454576655
1.7075758747509415
1.7072219382977656
1.7077277237335502
1.7070895395604673
1.7067365455083359
1.712559932586199
1.7133295324887556
1.7110470832030649
1.7113609001120211
1.7112036303215046
1.7110923864626544
1.7097714925721754
1.7099615771354195
1.7097710482406827
1.7097145832749405
1.7098301736145647
1.7097382036357462
1.7097710394350478
1.709475913320887
1.7122491961848214
1.7122102031168518
1.712198364008206
1.7093326474127422
1.709332499005013
1.709487966888024
1.709293581043801
1.7085247008454938
1.70948285321668
1.7095421443807173
1.7077316945611623
1.7076092895180452
1.7078156048960433
1.7080259602743673
1.7093641561939714
1.7076406524965582
1.7072869386674456
1.7077925854946159
1.7071544826745124
1.7068014283637845
1.7126244355053764
1.713393911626376
1.7111115452901775
1.7114255395394498
1.7112682177603886
1.7111569036912107
1.7098360670926254
1.7100263685806847
1.7098357764716592
1.7097793502891965
1.7098948680896455
1.709802854266019
1.7098356609450271
1.7095404431960013
1.7123137394109278
1.712274653558109
1.7122627236726387
1.709397341710257
1.7093972335137326
1.709552568350109
1.7093581818170005
1.708219189030779
1.7091777531352181
1.7092369938853864
1.707425800737804
1.7073033502695323
1.7075097222528983
1.7077201886686666
1.7090589169344865
1.7073345062234886
1.7069808345009518
1.7074865998813853
1.7068482543537842
1.7064949610100062
1.7123205436244457
1.713090286870153
1.7108068454196776
1.711121175388895
1.710963722084161
1.7108522816940634
1.709530832153792
1.7097214460103574
1.709530694330596
1.7094742781180907
1.709589782332925
1.7094976782119968
1.7095304725557503
1.7092350138892145
1.712009730046471
1.7119705320458571
1.7119585057845361
1.709092003423945
1.7090919351835283
1.709247216423911
1.709052730609555
1.7087789375875106
1.7097354136456508
1.7097948125325877
1.70798743359709
1.7078652227156816
1.7080712664431206
1.7082811962787332
1.7096171699554719
1.7078971451957847
1.7075435093797644
1.708048546653704
1.7074114724575513
1.707059279119744
1.7128718947064232
1.713640201622497
1.7113620912160703
1.7116749766692312
1.7115181082312283
1.711407207594426
1.7100888082110917
1.7102781342730724
1.7100880920185053
1.710031669217677
1.7101471610782744
1.71005544965815
1.7100882725892863
1.7097938891245086
1.7125616975264806
1.7125229457294464
1.7125112909588365
1.70965061305869
1.7096503935943879
1.709805791981385
1.709611789416817
1.7095173213603223
1.710474143532259
1.7105335450537988
1.7087255207047647
1.7086032673825358
1.7088093777046591
1.7090193886364837
1.7103558351427057
1.7086351466181748
1.7082814310700538
1.7087866265632492
1.7081493296599821
1.7077969871766858
1.7136117243361368
1.7143802934865193
1.7121013352696393
1.7124143838426003
1.7122574427546153
1.7121464824822872
1.7108275947467422
1.7110170466226948
1.7108269162972192
1.7107704815822191
1.7108859995231938
1.710794242302497
1.7108270705423385
1.7105325522068613
1.7133014188900848
1.713262629374629
1.7132509477105435
1.7103892621951988
1.7103890525923742
1.7105444773056937
1.7103504006246333
1.7087640763959244
1.709721923396864
1.70978113191449
1.7079712882056604
1.7078489282003293
1.708055150900557
1.7082654565784794
1.7096031901387883
1.707880095960581
1.707526657910267
1.7080320606493185
1.707394187653604
1.7070411725146044
1.7128623853380767
1.7136315628546488
1.7113498446749116
1.7116639075179654
1.711506582183681
1.7113952376611925
1.7100747839226416
1.7102652184595342
1.7100746218501597
1.7100182423937575
1.7101336702681134
1.710041643133393
1.7100744171529711
1.7097791976828811
1.712551801727965
1.712512648235911
1.7125006455025993
1.7096362699167664
1.7096361953571273
1.7097913795959878
1.709597041784989
1.7088296268942191
1.7097873833997976
1.7098466180025593
1.7080369308198975
1.7079145793802042
1.7081207959759759
1.708331073167247
1.709668698164275
1.7079458362379119
1.707592350556944
1.7080977467591152
1.7074599208814454
1.7071069755438077
1.7129276078217799
1.7136967391874345
1.7114152759613515
1.7117292253176997
1.7115719415295907
1.7114606402890533
1.710140330237275
1.7103306505279052
1.7101401043469295
1.7100837159341582
1.7101991592947798
1.7101071620418535
1.710139943998627
1.7098448000303919
1.7126170468647282
1.7125779368737644
1.7125659733638865
1.7097018221054252
1.7097017308548919
1.70985695066719
1.709662637791317
1.7060422088914255
1.70700232257413
1.7070616286675833
1.7052475215046492
1.7051248759635567
1.7053315687114268
1.7055423836349581
1.7068832589216285
1.7051559938901009
1.7048018282457513
1.705308371648701
1.7046690068216215
1.7043151073531237
1.710150136740421
1.7109210988558352
1.7086339282604
1.7089488468552112
1.7087911133929174
1.7086794613890925
1.7073558574613084
1.7075468718952103
1.7073557807177056
1.7072992870216033
1.7074149526108549
1.7073226792506524
1.707355516012327
1.7070595339959986
1.7098388271380176
1.7097995275474778
1.7097874452656452
1.7069163534838059
1.7069163011689923
1.7070717851878603
1.7068769786612934
1.705639542861248
1.7066001722849553
1.706659602787126
1.70484447888918
1.7047217587179395
1.7049286015815794
1.7051395045717488
1.7064811522022754
1.704753162264464
1.704398569663235
1.7049055055682376
1.704265758886723
1.7039117758030506
1.7097498502629889
1.7105213039907639
1.7082330198588935
1.7085478627496664
1.708390122511877
1.7082785062487627
1.706954246638892
1.7071450824685395
1.7069539833630736
1.7068974175921856
1.7070132224173065
1.7069209613903151
1.70695384802592
1.706657846112738
1.709438353889729
1.709399149471639
1.7093871719793212
1.7065144026967938
1.7065143015702315
1.706670015873093
1.7064751239106135
1.70561730218449
1.7065779723517478
1.7066373228421103
1.7048221596413524
1.7046994420670785
1.7049062588476311
1.7051171932336124
1.706458851334326
1.7047306071508772
1.7043762105963454
1.7048830606324845
1.704243321068245
1.7038892280108127
1.7097276297254032
1.7104990470830586
1.708210563297196
1.7085256379015514
1.7083678214585565
1.7082561151066065
1.7069317500045582
1.7071228446970108
1.7069316530202885
1.7068751220612892
1.7069908630406936
1.7068985429020367
1.7069314021869166
1.7066352636819697
1.7094161375703703
1.709376827794623
1.7093647505609895
1.706491980039811
1.706491922411613
1.7066475124432812
1.7064525950864184
1.7058133679133842
1.7067737824622056
1.7068331042328295
1.7050184299194413
1.704895746220349
1.705102502510674
1.7053133842870936
1.7066546781216054
1.7049268654511565
1.7045725962593796
1.7050792946131437
1.704439730637973
1.7040857169246675
1.7099225776119864
1.7106937788862504
1.7084058879571882
1.708720912928448
1.7085631275892597
1.7084514375908844
1.707127417154275
1.707318500279018
1.7071273462448044
1.7070708361563458
1.7071865355691076
1.7070942313492297
1.707127077388208
1.7068309982521066
1.7096111710700035
1.709571855511587
1.7095597659479953
1.706687778714644
1.7066877279158617
1.70684325604777
1.7066483878722738
