1.931981673305286
1.9317192861123649
1.9318677943221325
1.9324065201012846
1.9314020752655525
1.9331007039533257
1.932837952452532
1.9325412642327335
1.931765268217072
1.9323317355862866
1.9310848663787628
1.9310575312829188
1.9310301962702803
1.9316579287923203
1.9313201778001883
1.9315965780427917
1.9309891939137942
1.9309824394141664
1.9322501241114038
1.9309346082027155
1.9309278178983151
1.9318116709314954
1.9315420940357027
1.9312451566726072
1.9314807161686807
1.9340578139083675
1.9330328236263354
1.9326352929134625
1.9327632418393983
1.9325877461446872
1.933498282011805
1.9340037005759663
1.9338688006063998
1.9334373188034544
1.932971808504098
1.9326954492392425
1.932398585877618
1.9339495875846933
1.9324926680037682
1.9329108492025946
1.9326139300999978
1.9337876233753455
1.9335247611373227
1.9340507278048207
1.933322188807071
1.9346576584180348
1.9346374547978376
1.932175325060188
1.9313049046584971
1.9320680893154045
1.934003451400317
1.9324451366774753
1.9337201214507096
1.9314262505775424
1.931838003608924
1.9339561801613496
1.9328429866631267
1.9325460911980301
1.9323976105445724
1.9321074318107156
1.9332680213506315
1.9339021054312826
1.9327751740214902
1.9323501395794624
1.9324782672813734
1.933348841096832
1.933638925533425
1.9345835176924224
1.9306108859066802
1.9303490887283183
1.9304972940051108
1.9310348458984716
1.9300325865711259
1.9317275423775075
1.931465340858224
1.9311693032305686
1.9303950215998233
1.930960282222324
1.929716095541736
1.9296888378421606
1.9296615802324761
1.930287909669668
1.9299509255535137
1.9302267372058377
1.929620693992948
1.9296139677997244
1.9308789064256915
1.9295662720730578
1.9295595055963557
1.9304414151303313
1.930172416658124
1.9298761260547093
1.9301112126553932
1.9326826144523201
1.9316598542289212
1.9312631694897175
1.9313908463000147
1.9312157619092185
1.9321242834181105
1.932628654342621
1.9324940325333126
1.93206349736926
1.931599020997846
1.9313232639059303
1.931027047110893
1.9325746946005047
1.93112096218324
1.9315382480413856
1.9312419756771408
1.9324130897377036
1.932150791414598
1.9326756522934228
1.9319487025657331
1.9332812296393107
1.9332610877737297
1.9308043238253385
1.9299357996998545
1.9306973381155752
1.9326285143687985
1.931073570083532
1.9323457972260232
1.9300569105527607
1.9304678139694866
1.9325813816223314
1.9314705777718748
1.9311743381236763
1.9310261831899023
1.9307366366756165
1.931894693136467
1.9325274601429308
1.9314029618716573
1.930978855911996
1.9311067155743487
1.9319753880252615
1.932264831391313
1.9332073079923962
1.931466015580998
1.9312040991647161
1.9313523874699388
1.9318902029811371
1.9308874505485325
1.9325832518074726
1.9323209104101378
1.9320247296607893
1.9312500800783585
1.9318156317204334
1.930570817658016
1.9305435555200374
1.9305162934754327
1.9311429124163495
1.9308057785207497
1.9310817322853733
1.9304754005900593
1.9304686779018934
1.9317342449802386
1.9304209744369611
1.9304142091640295
1.9312965423883102
1.93102740749899
1.9307309714591046
1.9309661935702829
1.9335388161202773
1.9325155526285518
1.9321186632155718
1.9322464059866054
1.9320712502027708
1.932980202085245
1.933484847227623
1.93335015149452
1.9329194084176817
1.9324547140681096
1.932178821736136
1.931882459524879
1.9334308787163494
1.9319764396557744
1.9323939381027795
1.9320975203202524
1.9332691978191945
1.933006766426144
1.9335319048745878
1.932804599538984
1.9341377637954422
1.934117620929957
1.9316596525731433
1.93079070233251
1.9315526225924342
1.933484761590182
1.9319290421673838
1.9332019035133094
1.930911887272704
1.9313230160298887
1.933437623498428
1.9323262568769495
1.93202987639789
1.931881649899645
1.9315919613498356
1.9327505836491023
1.933383693311134
1.9322586323403568
1.9318343195641134
1.9319622475127969
1.9328313437712665
1.9331209245877348
1.9340638346999117
1.931883689824115
1.9316211517517337
1.9317696599531342
1.9323085921892909
1.931303771179865
1.933002972512798
1.932740182438875
1.9324433692064253
1.9316670111180183
1.932233619592124
1.9309863673069785
1.9309589726196212
1.9309315779965865
1.9315596481801136
1.93122168260414
1.9314981510751577
1.9308904861890932
1.9308836916757866
1.9321518175194976
1.9308357560361482
1.93082893825454
1.931713178426651
1.9314435229686897
1.9311464725481036
1.93138201107609
1.93396031797941
1.9329349442514445
1.93253731695789
1.9326652965043318
1.9324896539626575
1.9334006222197921
1.9339060866590854
1.9337711784732738
1.933339513580514
1.9328737709579351
1.9325973058248942
1.9323003295218473
1.9338518556051114
1.9323943431765958
1.932812640904607
1.9325156087006727
1.9336898116277537
1.933426873063167
1.9339529303170429
1.933224107216037
1.9345601782531654
1.934539918055767
1.932076842553237
1.9312060896074765
1.9319695206316612
1.9339055381181964
1.9323466954315787
1.9336221121751749
1.9313274012018753
1.9317391809380011
1.9338581510211013
1.9327446300786835
1.9324475963751941
1.932299052815823
1.9320087630996394
1.9331698088432165
1.93380395800922
1.9326766565548952
1.9322514528073678
1.9323795988989887
1.9332505184109752
1.933540738737141
1.9344858506762739
1.932738591942101
1.9324759230554458
1.9326245053078732
1.9331637061421563
1.9321583843350087
1.9338584325816006
1.9335955114964765
1.9332985503426263
1.9325218053665951
1.933088696280574
1.9318408223179662
1.9318134140085443
1.9317860057634895
1.9324143889089582
1.9320762549485317
1.932352861232426
1.9317448935230515
1.9317380956471735
1.9330068535397296
1.9316901361715373
1.9316833150078003
1.932567995845144
1.932298205978055
1.9320010075102125
1.9322366634986798
1.9348162552623516
1.9337903704930253
1.933392544990857
1.933520588332632
1.9333448583030637
1.934256280524208
1.9347619969754037
1.9346270215251955
1.9341951415064675
1.9337291667969008
1.9334525638765347
1.933155439563116
1.9347077389549867
1.9332495001395846
1.9336680063705018
1.9333708261284226
1.934545614227852
1.9342825446019805
1.934808864107632
1.9340796777720117
1.9354164146359538
1.9353961443720666
1.932931841300152
1.9320606543796806
1.9328244659190637
1.9347614483509785
1.9332018287097337
1.9344778811434795
1.9321820264857705
1.9325940115317235
1.934714037698661
1.9335999617262736
1.9333027799998441
1.9331541624117417
1.9328637280180931
1.9340253524073387
1.9346598177394452
1.933531954410774
1.933106538750268
1.9332347487280293
1.9341061022894361
1.9343964672426608
1.935342050115494
1.932738136829436
1.9324754447900743
1.9326240090876945
1.933163219882555
1.9321578826904817
1.933857933859275
1.9335950305078495
1.933298059754587
1.9325212769066782
1.933088150661254
1.9318402881073808
1.931812861430637
1.9317854348113823
1.9324138648732843
1.9320756937028436
1.9323522913878883
1.9317442949967458
1.9317374833856082
1.9330062484711013
1.9316894917145095
1.9316826613789706
1.932567376166172
1.9322975903150525
1.9320003866256397
1.9322360065140793
1.9348157264923205
1.9337898261769249
1.9333920136050808
1.9335200526160499
1.9333442903967728
1.9342557597987693
1.9347614318380366
1.9346264697066236
1.934194575261531
1.9337285723343047
1.9334519643194048
1.9331548348176795
1.9347071374230478
1.9332488591204946
1.9336673571795013
1.9333701716976983
1.9345450032650673
1.9342819376565146
1.9348082265264792
1.9340790249374604
1.9354158190892647
1.9353955306922108
1.9329311812983718
1.932059978658775
1.9328237875401506
1.9347607743737754
1.9332011510983398
1.9344772065055147
1.9321813236136742
1.9325932685983644
1.9347133273015866
1.9335992668113031
1.933302070700716
1.9331534481840948
1.9328630085065623
1.9340246585103098
1.9346590708634888
1.9335312091851322
1.9331057833318335
1.9332339845092126
1.9341053585543462
1.934395737860856
1.9353413955789014
1.931561837277011
1.9312999617648312
1.9314481647930892
1.9319858211600247
1.930983371822716
1.9326786143169525
1.9324163957278169
1.9321202943939095
1.931345826992807
1.931911156022828
1.930666779229521
1.9306394894382735
1.9306121997266161
1.9312387038591052
1.930901607799779
1.9311774524914525
1.9305712653148097
1.9305645173978392
1.93182967749616
1.9305167654326456
1.9305099840708644
1.9313920914180376
1.9311230541667421
1.9308267063818858
1.9310617779860226
1.9336338003915872
1.9326108465019627
1.9322141150887098
1.932341806667908
1.9321666448299175
1.9330753884314238
1.9335797767420095
1.933445152489428
1.9330145239771725
1.93254992791694
1.9322741172541151
1.931977843339828
1.9335257534192212
1.9320717196422674
1.9324890627435163
1.932192733173638
1.9333641074935597
1.9331017715093366
1.9336266738518895
1.9328995801658975
1.9342324151135395
1.9342122426927124
1.9317550000716404
1.9308863077092309
1.9316479689763393
1.9335794734805873
1.9320242647591594
1.93329670825851
1.9310073980059155
1.9314183097673554
1.9335322782525726
1.9324213126152816
1.9321250020498677
1.9319768150470715
1.931687212381137
1.9328455001456302
1.9334782930724044
1.9323536099851546
1.9319294180986446
1.932057285855804
1.9329261337154473
1.9332156468204456
1.9341583926672479
1.9311747958134733
1.9309125656750536
1.9310609616840142
1.931599336802764
1.930595548158633
1.9322930498198447
1.9320304863009283
1.9317339881101019
1.9309584795406989
1.931524557453864
1.9302785257061743
1.9302511949975911
1.9302238643669964
1.9308512147937724
1.9305136604067337
1.9307898704496989
1.9301828685737878
1.9301761082561442
1.9314429556162893
1.9301282846794263
1.930121492005681
1.931004782947609
1.9307353882759644
1.9304386443930326
1.9306740202001116
1.9332495009535897
1.932225180400486
1.931827923663509
1.9319557842808959
1.931780381094428
1.9326903470618388
1.9331953963011832
1.933060596006575
1.932629390218481
1.932164168205198
1.931887988835874
1.9315913189301837
1.9331412919692383
1.9316853112887984
1.9321032083548182
1.9318064827066221
1.9329794283531256
1.932716743876472
1.9332423378981711
1.9325142717731916
1.9338488965809681
1.93382869278288
1.9313681650629675
1.93049831150488
1.9312609868146835
1.9331950656070387
1.931637784098057
1.9329119235144967
1.9306195563782782
1.931031005617275
1.9331477984601304
1.9320353566134454
1.931738647724151
1.9315902620792782
1.9313002722857961
1.932460109509031
1.9330937323006827
1.9319675512944208
1.9315427917584362
1.9316708276785404
1.9325408381242348
1.9328307404897123
1.933774760871019
1.932029697931459
1.931767336978765
1.9319158070387528
1.932454450755629
1.9314501613137762
1.933148509888647
1.9328858153585287
1.9325891692463033
1.9318132737892753
1.9323796341423136
1.9311329807171613
1.931105636386514
1.9310782921338987
1.9317059555226168
1.9313682327511248
1.9316445806069658
1.931037275907746
1.9310305122275304
1.9322979916365217
1.9309826648148152
1.93097586875894
1.9318596003661017
1.9315900712853296
1.9312931793551409
1.9315286726227012
1.9341054382365306
1.933080606642066
1.9326831516964755
1.9328110761091957
1.9326355854348336
1.933546005366254
1.9340513066175016
1.9339164390584969
1.9334850181444343
1.933019564044163
1.9327432468875145
1.9324464289714516
1.9339971753191136
1.9325404682517877
1.932958573820713
1.9326617001343716
1.9338352309532243
1.9335724154152854
1.93409827168876
1.933369842329166
1.9347051329637552
1.934684919099179
1.932223163809882
1.931352876277084
1.9321159321020858
1.9340509758398208
1.9324929173762115
1.933767692482801
1.9314741816621726
1.9318858362109974
1.9340036851376905
1.9328906882610355
1.9325938313488007
1.9324453716751973
1.9321552372042492
1.9333156530731526
1.9339495920309073
1.9328228491502997
1.9323978777013362
1.932525977507581
1.933396422002695
1.9336864689952313
1.9346309603102387
1.93407806389213
1.9338157465441947
1.9339641919205064
1.9345027461046735
1.9334986235953948
1.935196689865713
1.9349340390059946
1.9346374422009027
1.9338616757064164
1.9344279419128303
1.9331814957134983
1.9331541559235397
1.9331268162115978
1.9337543752796684
1.933416708636328
1.9336930105545433
1.9330858067964265
1.9330790442370682
1.9343463129631102
1.9330312047696852
1.9330244098411868
1.9339079945599378
1.9336385102822076
1.9333416677011048
1.933577121815171
1.9361534591422171
1.9351287978948726
1.9347314090188197
1.9348593121664286
1.9346838506546982
1.935594119264782
1.9360993365120616
1.9359644913745229
1.935533142169116
1.935067765431174
1.934791494203634
1.9344947256243623
1.9360452142024882
1.9345887492641243
1.935006785332081
1.9347099609917886
1.9358832967531912
1.935620524902348
1.9361462937585632
1.935417985477174
1.936753054169493
1.9367328436604128
1.9342714975609105
1.9334013546863489
1.9341642836729513
1.9360990057622265
1.934541206283494
1.9358157694933655
1.933522639900874
1.9339342260130898
1.9360517229118366
1.9349389110451714
1.934642103473917
1.9344936684765577
1.9342035822314314
1.9353638052184452
1.9359976387874986
1.9348710831983396
1.9344461823870356
1.934574260897901
1.9354445607098745
1.935734559493391
1.9366788938304984
1.9318842587149458
1.9316217495834482
1.9317702802283576
1.9323092000137925
1.931304398235524
1.9330035959157053
1.932740783674659
1.9324439824414748
1.931667671692914
1.9322343016162733
1.9309870350702094
1.930959663342006
1.9309322916867206
1.9315603032247057
1.9312223841612504
1.93149886338083
1.930891234346975
1.930884457002743
1.9321525738552827
1.9308365616074332
1.9308297552905773
1.9317139530253657
1.9314442925474422
1.9311472486538197
1.9313828323068403
1.9339609789419485
1.932935624646571
1.93253798119011
1.9326659661500587
1.932490363845521
1.9334012731265906
1.933906793080794
1.9337718682464893
1.9333402213866848
1.9328745140361803
1.9325980552713076
1.9323010854536424
1.933852607520035
1.9323951444504588
1.9328134523933573
1.932516426739078
1.9336905753312343
1.9334276317449992
1.9339537272934846
1.9332249232592267
1.9345609226865266
1.9345406851555869
1.9320776675554614
1.9312069342586085
1.9319703686053027
1.9339063805897005
1.9323475424458212
1.9336229554726312
1.9313282797919953
1.9317401096047
1.9338590390174446
1.9327454987223969
1.932448482999104
1.9322999456003815
1.9320096624890537
1.9331706762145024
1.9338048916041655
1.932677588086947
1.932252397080411
1.9323805541725092
1.9332514480798377
1.9335416504643972
1.9344866688470144
1.9332228204396462
1.9329606165414543
1.9331089744006347
1.9336472674571086
1.932643634206857
1.9343408557551665
1.934078349206925
1.9337818931236728
1.933006485112902
1.9335724560098912
1.9323266400445736
1.9322993001011861
1.932271960230615
1.9328992415240687
1.9325617153576704
1.9328378730138729
1.9322309505677397
1.9322241810695087
1.9334908231414072
1.9321763412915254
1.9321695428663068
1.9330527123822157
1.9327833655255913
1.9324866670755667
1.9327219766541313
1.9352971252817526
1.9342729634162166
1.9338757824465223
1.9340036185506932
1.933828220384574
1.9347380704162882
1.9352430023427185
1.9351082344586727
1.9346770895594607
1.9342119237452624
1.9339357864841464
1.9336391620240176
1.9351888797036592
1.933733111536818
1.934150932972937
1.933854252740996
1.9350270359310047
1.9347643981544353
1.9352898817821107
1.9345619252952864
1.9358963711266894
1.9358761570842222
1.9334160038126615
1.9325462831234674
1.9333088296013645
1.9352425900465426
1.9336855647967932
1.9349594945465882
1.9326674874629075
1.9330788382193484
1.935195303436471
1.9340830582113546
1.933786387874922
1.933638023209903
1.9333480776793301
1.9345077412315523
1.9351412189003068
1.93401522642323
1.9335905298803102
1.9337185379047481
1.934588419030098
1.9348782839515193
1.9358222034888348
1.93160997568135
1.9313481321975752
1.9314963015647542
1.9320338733792692
1.9310315832820713
1.9327265449328557
1.9324643788809701
1.9321683220544892
1.9313939646799896
1.9319591909836846
1.9307150271205666
1.9306877326863452
1.9306604383282617
1.9312868615983207
1.9309498030621377
1.9312255975167616
1.9306194969403374
1.9306127432765945
1.9318776962884345
1.9305649831590017
1.9305581983386968
1.9314401757723871
1.9311711853321192
1.930874884285563
1.931109898686193
1.9336815569122578
1.932658765596719
1.9322621067181665
1.9323897748668502
1.9322146260966369
1.9331232419672326
1.9336275240678864
1.933492928896168
1.9330623648793865
1.9325978320726533
1.9323220647916692
1.9320258376200203
1.9335734915366267
1.9321196801450593
1.9325369496593845
1.9322406668156922
1.9334118678121346
1.933149577523666
1.9336743771311171
1.93294739689663
1.9342800385459322
1.934259860414018
1.931803003821779
1.9309344482580435
1.9316959813577486
1.9336271664143918
1.932072214860744
1.9333444479500923
1.9310555048085698
1.9314663281027686
1.9335799608281818
1.9324691879419333
1.93217291952542
1.9320247547346088
1.9317351976525539
1.9328933053424089
1.933525966391018
1.9324014714203748
1.9319773450751272
1.9321051871367152
1.9329739005550821
1.9332633726277033
1.9342059989192122
1.9324159429478334
1.9321538961041427
1.9323021417625155
1.9328400841585873
1.931837107099937
1.9335332016216846
1.9332708830553207
1.9329746170010416
1.9321996964365287
1.9327652778774678
1.9315202993719842
1.9314929638158578
1.9314656283273304
1.9320925275255205
1.9317551979642156
1.932031165420779
1.931424625227733
1.9314178499114865
1.9326836546462927
1.9313700177682351
1.931363216973672
1.9322458243983291
1.9319766597658528
1.9316801547959912
1.9319152806855622
1.934488812326974
1.9334653201903664
1.9330684131965683
1.9331961609921897
1.9330208553343142
1.9339301354663214
1.9344346980679352
1.9343000298588486
1.933869160974487
1.9334042834463612
1.9331283260807774
1.9328318950765826
1.9343805840882038
1.9329257548218484
1.93334329212516
1.93304680534762
1.9342188409087848
1.9339563808935847
1.934481491875461
1.9337540082614062
1.935087609289621
1.9350673950692636
1.93260884381544
1.9317396899698502
1.9325017271006428
1.934434204253264
1.9328782122173742
1.9341512966103742
1.9318607932636425
1.932271840227699
1.9343869217352527
1.9332754281616729
1.9329789444010428
1.9328306747446093
1.9325409181544102
1.9336998293899517
1.9343328457697062
1.9332076036961605
1.9327831820592845
1.9329110983019147
1.9337804160575
1.9340700989078057
1.9350134466674318
1.931222251548815
1.9309600187097393
1.9311083541254113
1.9316466596326065
1.930643007151198
1.932340232352259
1.9320777479711408
1.9317812798886225
1.9310058245380057
1.9315717739857414
1.9303259722813417
1.930298609378801
1.930271246540481
1.9308985864794765
1.9305610138005607
1.9308371607082002
1.9302302024098574
1.9302234157425526
1.9314900668056219
1.9301755357202404
1.9301687258302693
1.9310519377835007
1.930782595946838
1.93048589096985
1.9307211554233812
1.9332964643192139
1.9322722830210899
1.9318751182143021
1.9320029489049648
1.9318275105017106
1.932737419509489
1.9332422959210096
1.9331075446854573
1.9326763817532897
1.9322111806670166
1.9319350370377328
1.931638406092222
1.9331881277887355
1.931732310262955
1.9321501214841859
1.9318534347025904
1.9330262722275238
1.9327636394726027
1.9332890848056694
1.9325611092520965
1.9338956266933274
1.9338753899844021
1.9314151788104366
1.9305454384723353
1.9313079816277225
1.9332417475750385
1.931684717782551
1.9329586512491315
1.930666608872788
1.9310779095526491
1.933194415440128
1.9320821895676408
1.931785501251012
1.9316371304253441
1.9313471782899156
1.932506873860266
1.9331402853053616
1.9320142948911783
1.9315895856072671
1.9317175826312274
1.9325874893612354
1.9328773722242627
1.9338213853180948
1.9311739993663097
1.9309117287106532
1.931060093298702
1.931598485848462
1.9305946702807109
1.9322921770557746
1.9320296445708314
1.931733129581033
1.9309575547358442
1.9315236026200544
1.9302775908376504
1.9302502279862523
1.9302228652008089
1.930850297731343
1.9305126782267794
1.9307888732217577
1.9301818211527533
1.9301750367984054
1.9314418967461897
1.9301271568796274
1.93012034815523
1.9310036985094081
1.9307343108657105
1.9304375578450295
1.9306728704770608
1.9332485756060356
1.9322242278473087
1.9318269937384016
1.9319548467768775
1.9317793872584186
1.9326894357923212
1.9331944073107907
1.933059630324074
1.9326283992898416
1.9321631278956544
1.9318869396108957
1.9315902606256705
1.933140239288345
1.9316841895053904
1.9321020722705675
1.931805337452855
1.9329783591682526
1.932715681721907
1.933241222131154
1.9325131293127262
1.9338478543742619
1.9338276188431327
1.931367010059853
1.9304971289932962
1.9312597996515855
1.933193886146933
1.9316365982781174
1.9329107428980574
1.9306183263521102
1.9310297054838965
1.93314655526525
1.9320341405122465
1.9317374064506772
1.9315890121808958
1.9312990131406165
1.9324588951892305
1.9330924252677595
1.9319662471495485
1.9315414697761761
1.9316694902956115
1.9325395365878277
1.932829464071554
1.9337736154319827
1.9310282188152983
1.9307657826163076
1.930914194323173
1.931452870411925
1.9304485309690633
1.9321468890410882
1.9318842521454918
1.9315875748351745
1.9308115562945454
1.9313778608795247
1.93013124453276
1.9301038405083142
1.93007643653955
1.9307042524066769
1.930366408702639
1.9306427286122183
1.9300353306972529
1.9300285223774443
1.9312960251634792
1.9299805703294743
1.929973744465245
1.930857586409443
1.9305880703805725
1.9302911614802785
1.9305265374227505
1.9331037197339296
1.9320788376147378
1.9316814246927043
1.9318093350303045
1.9316337397393877
1.9325443130085782
1.9330494699210579
1.9329146456481374
1.93248317784839
1.9320176320407247
1.931741298326841
1.9314444635487842
1.9329952203403122
1.9315383849397443
1.9319564639499616
1.9316595732345183
1.9328332453241739
1.9325704428425214
1.9330961995500135
1.9323677206168732
1.9337031974370165
1.9336829246396483
1.931221018804098
1.9303506801841415
1.9311137273706176
1.9330487854139107
1.9314907151391814
1.9327654999094144
1.930471897327861
1.9308834216775799
1.933001376347198
1.9318884297873804
1.9315915261266345
1.9314430504353448
1.9311528987917723
1.9323133979078086
1.93294716468405
1.9318204271669648
1.9313954225914245
1.9315234937964272
1.9323940048636534
1.9326840985043658
1.9336288330663143
1.9326094067905195
1.9323475343658605
1.9324956812895309
1.9330332655547675
1.9320309562264126
1.9337259215299478
1.9334637776451864
1.9331677088194401
1.932393304105093
1.9329585089595351
1.9317143593573352
1.931687041963961
1.931659724638127
1.932286206553728
1.9319491015050267
1.9322248852110893
1.9316187487824554
1.9316119779496383
1.9328769399526493
1.9315641775877161
1.9315573813026594
1.9324394011736716
1.9321704157533661
1.931874108179846
1.9321090774554421
1.9346808959497193
1.9336580852015923
1.9332614424859467
1.9333891052211232
1.933213916213773
1.9341225910604345
1.9346268176461776
1.9344922391229529
1.9340616570732159
1.9335970889944079
1.933321315345257
1.933025081688225
1.9345727396217032
1.9331188788711964
1.9335361381706342
1.933239848777287
1.9344111041086536
1.9341488188418334
1.934673580154676
1.93394658085344
1.935279294112571
1.9352590933141984
1.9328021788195542
1.9319336036069126
1.932695133384107
1.9346263239428876
1.9330713678465008
1.9343436046526357
1.9320546262184497
1.9324653994360694
1.934579072831839
1.9334683192982198
1.93317203290151
1.93302386195005
1.9327342982631395
1.9338924379711229
1.9345250327960728
1.9334005398883225
1.9329764008020844
1.9331042318631946
1.93397297088622
1.934262460900447
1.9352051807484723
1.9314159429478335
1.931153896104143
1.9313021417625158
1.9318400841585877
1.9308371070999373
1.9325332016216852
1.9322708830553204
1.9319746170010414
1.9311996964365288
1.931765277877468
1.9305202993719845
1.9304929638158579
1.930465628327331
1.9310925275255209
1.9307551979642161
1.9310311654207795
1.9304246252277328
1.9304178499114863
1.9316836546462928
1.9303700177682357
1.930363216973672
1.9312458243983293
1.9309766597658529
1.9306801547959913
1.9309152806855618
1.9334888123269742
1.9324653201903665
1.9320684131965682
1.9321961609921896
1.9320208553343146
1.9329301354663215
1.9334346980679353
1.9333000298588485
1.932869160974487
1.9324042834463613
1.9321283260807776
1.9318318950765827
1.933380584088204
1.9319257548218483
1.9323432921251602
1.93204680534762
1.9332188409087845
1.9329563808935843
1.933481491875461
1.9327540082614063
1.9340876092896213
1.9340673950692642
1.9316088438154404
1.93073968996985
1.931501727100643
1.933434204253264
1.931878212217375
1.933151296610375
1.9308607932636426
1.931271840227699
1.9333869217352524
1.9322754281616727
1.931978944401043
1.931830674744609
1.9315409181544108
1.9326998293899513
1.933332845769706
1.9322076036961608
1.9317831820592843
1.9319110983019152
1.9327804160574997
1.933070098907806
1.9340134466674312
1.9324637400176738
1.9322017078378573
1.9323499063690466
1.9328877716831305
1.9318849423258972
1.933580758195843
1.9333185054670035
1.933022276720592
1.9322474377787733
1.932812903623835
1.9315681466050907
1.931540792630499
1.9315134387148958
1.9321402922379802
1.9318029722923082
1.9320788830626847
1.931472407958532
1.931465616594068
1.9327312196370963
1.9314177521518205
1.931410941019882
1.9322934439934498
1.9320243291839785
1.9317278670362392
1.9319629086472818
1.9345361722701215
1.9335128310480465
1.9331160062866928
1.9332437274036953
1.933068410671315
1.9339775984580518
1.9344820215407872
1.9343473924016594
1.9339165771929983
1.9334517417551276
1.9331758239504846
1.9328794357976977
1.9344278710566554
1.9329732345603226
1.933390692147778
1.9330942481666316
1.934266143005271
1.9340037316988146
1.934528716968824
1.9338013353662251
1.9351347860619974
1.9351145525306777
1.9326563525642442
1.9317873237279843
1.9325492306978675
1.934481391704166
1.9329256541104136
1.9341985303234834
1.9319083729122244
1.9323193013630928
1.9344340715130564
1.9333227823020964
1.9330263299022497
1.932878078761411
1.9325883637921781
1.9337471141639582
1.9343799589313524
1.9332549062121493
1.9328305424719419
1.932958426418714
1.933827625095818
1.9341172776787103
1.9350605620169514
1.93060849656519
1.9303465778351172
1.9304946888491745
1.9310322930355652
1.9300299529373584
1.931724924085296
1.931462815667933
1.9311667276433608
1.930392247185259
1.9309574177208955
1.9297132909361647
1.9296859368081458
1.929658582733913
1.9302851584823804
1.9299479790136507
1.930223745522014
1.9296175517298442
1.929610753426508
1.9308757298153922
1.9295628886736609
1.9295560740450013
1.9304381618157282
1.9301691844273619
1.9298728664107003
1.9301077634862422
1.9326798384096573
1.9316569965693908
1.9312603797143948
1.9313880337879592
1.9312127804011907
1.9321215496095567
1.9326256873714434
1.932491135485809
1.9320605245833427
1.9315959000692149
1.9313201162309959
1.9310238721973527
1.9325715365578258
1.9311175968330159
1.9315348397886338
1.9312385399158392
1.9324098821830842
1.9321476049509019
1.9326723049923704
1.9319452751843367
1.9332781030191932
1.933257865954487
1.9308008588159948
1.9299322521651021
1.9306937766262804
1.9326249759884815
1.931070012623713
1.9323422553767051
1.930053220474258
1.9304639135693509
1.9325776520376905
1.9314669294682782
1.9311706143032534
1.931022433494756
1.9307328592400768
1.9318910501770654
1.9325235390441602
1.9313990494370394
1.9309748899652157
1.9311027034255615
1.9319714834160404
1.9322610021368378
1.9332038716752877
1.9310761296633048
1.9308137139163652
1.9309620829847485
1.9315006795013687
1.930496491606155
1.9321945702958276
1.9319319948043312
1.9316353572017348
1.9308594297517696
1.931425623030722
1.9301792253185124
1.930151807467432
1.9301243896651417
1.930752148128055
1.9304143233421536
1.930690588715258
1.9300832630596283
1.9300764421254173
1.9313437414214403
1.930028465827317
1.930021631918662
1.930905360924307
1.930635893714448
1.9303390289416695
1.9305743296306201
1.933151211869585
1.9321264845514434
1.9317291506292733
1.9318570353709557
1.9316814370529614
1.9325919061816677
1.9330969346782514
1.9329621461455915
1.9325307356281354
1.9320652389651403
1.9317889460858302
1.9314921554562585
1.9330426576917483
1.9315860249329908
1.9320040262703297
1.9317071796612106
1.9328807001613568
1.9326179453841175
1.9331435840386644
1.9324152109303294
1.9337505230960648
1.9337302355210262
1.9312686925533464
1.9303984828725018
1.9311614005625704
1.933096141359113
1.931538326435069
1.9328129022820142
1.9305196526944666
1.9309310685463132
1.9330487037242703
1.9319359576565465
1.9316390889526234
1.931490633009058
1.931200524307424
1.9323608561560726
1.9329944645646853
1.9318679159893635
1.9314429718586903
1.9315710129679304
1.9324413998357437
1.9327314596207212
1.9336761120499821
1.932124154289478
1.9318617647827656
1.9320100957013684
1.932548610155712
1.9315445776543785
1.9332423762311486
1.9329798577103274
1.9326832622153045
1.9319074353239727
1.9324735215867486
1.931227339656911
1.931199912571027
1.9311724855287602
1.9318001748583513
1.93146237829309
1.9317385912794318
1.9311313450535796
1.9311245149387812
1.9323916089465578
1.931076522439416
1.9310696827792868
1.931953290358913
1.9316838709640747
1.9313870516242029
1.9316222860846406
1.9341988361977476
1.933174267567174
1.9327770094122856
1.9329048696407527
1.9327292763431079
1.933639629536117
1.9341445407197868
1.934009784597689
1.9335784349691152
1.9331129945052041
1.9328367437341023
1.9325399985500917
1.9340902454261688
1.93263382518101
1.9330517508884477
1.9327549496955843
1.9339283077392353
1.9336655996620804
1.9341911279226036
1.9334628644524243
1.9347979976417855
1.934777699822368
1.93231653130304
1.931446454491089
1.9322092433492506
1.9341436657986164
1.9325861071338046
1.933860473314105
1.9315675837790964
1.931978901148386
1.9340962087006115
1.932983659254455
1.932686829103394
1.9325383941396834
1.932248329700957
1.9334084878785938
1.9340419511643094
1.9329155911181726
1.9324907099805644
1.932618723194138
1.933488980741606
1.9337790030825275
1.9347235546677983
1.9294145776098386
1.9291524613080278
1.9293006531019805
1.9298386253797828
1.9288356021663555
1.9305317054547066
1.9302694400894398
1.9299731452369222
1.9291981110567773
1.929763641019509
1.928518696740229
1.928491306082135
1.928463915471009
1.929090955418499
1.9287535142271512
1.9290294558871661
1.928422829648816
1.9284160131267911
1.929681839440407
1.9283680843971518
1.9283612560871837
1.929243965361413
1.9289748127768458
1.928678292142272
1.928913309731761
1.931487226016881
1.9304636872420633
1.9300668190392405
1.9301945538424439
1.9300191516154408
1.930928573290005
1.9314330026558337
1.9312983744031316
1.9308674622396764
1.9304025000585718
1.9301265274093864
1.9298300808402737
1.9313787794923871
1.9299238317645775
1.9303413445521593
1.930044842055447
1.93121700802043
1.930954560057187
1.9314795791320027
1.930752049757751
1.9320858226495545
1.932065554029697
1.929606863810101
1.9287376628071344
1.9294996919639034
1.9314321823216536
1.929876179383192
1.9311492726964787
1.9288586846473548
1.9292696114276215
1.9313847905440287
1.9302733434167612
1.9299768165036584
1.9298285320616684
1.9295387596198166
1.9306977476988656
1.931330605141837
1.9302053680192357
1.9297809158039811
1.9299088056454654
1.9307781848522307
1.9310679107623916
1.9320114830576547
1.930219975985491
1.9299576273828813
1.9301058730245193
1.9306442283346001
1.9296404989285623
1.9313377387406292
1.9310753430280072
1.9307788269484247
1.930003182238421
1.930569045889143
1.9293233012284168
1.9292958464892629
1.9292683917799445
1.9298959663011075
1.929558207572119
1.9298343114855119
1.92922720977833
1.929220354434727
1.9304870414624795
1.9291723134351009
1.9291654576861226
1.930048839388641
1.929779517631827
1.9294827865469844
1.9297178705003804
1.9322938204690583
1.9312695614405848
1.9308724612854227
1.931000270322056
1.9308246709702548
1.931734815882296
1.9322394702341734
1.9321047855925968
1.9316735505286062
1.9312082083540347
1.9309320392520815
1.9306353823650408
1.932185120129041
1.9307291051675033
1.9311468755291847
1.9308501625489696
1.9320232174136003
1.931760604745273
1.9322858968999057
1.9315578450793378
1.9328926489598823
1.9328723215851236
1.9304118788015374
1.9295420598678092
1.9303045897331563
1.932238377689022
1.9306813297255803
1.9319552780593054
1.9296630945123077
1.9300741948858533
1.932190863454756
1.9310787149927868
1.9307819547553713
1.9306335592871096
1.9303435807322589
1.9315034043751218
1.9321365509255803
1.9310105687629702
1.9305858085150955
1.9307137615371446
1.9315837706857863
1.931873725315239
1.9328181126351343
1.9331233578423146
1.9328609278183657
1.9330092273160564
1.9335477592014105
1.9325436997764567
1.9342415034670792
1.9339790159802308
1.933682403686236
1.9329065105191183
1.9334725667529395
1.9322264047883881
1.9321989455596889
1.9321714863625725
1.9327992577959225
1.9324613961131354
1.9327375940514915
1.9321302976325454
1.9321234434810428
1.9333905500764588
1.932075394639617
1.9320685389288361
1.9329522059207123
1.932682793553821
1.9323859650762005
1.9326211363615902
1.9351979108501938
1.9341733150139973
1.9337760794871781
1.9339039321367348
1.933728282507099
1.9346387182665994
1.9351435517293942
1.9350088189151882
1.9345774440404762
1.9341119541956608
1.9338356945091244
1.9335389402455787
1.9350891927452762
1.933632703397602
1.934050614804198
1.9337538044418174
1.9349272385543623
1.934664537507515
1.9351900121555867
1.9344617219919589
1.9357969554350802
1.9357766258826201
1.9333153762999262
1.9324452719795053
1.933208056186153
1.9351424863385107
1.9335849213138654
1.9348592926976664
1.9325663537529285
1.9329776010150082
1.935094965505731
1.9339824431532568
1.93368558782992
1.933537144241301
1.9332470705557774
1.934407273558794
1.935040644131386
1.9339142869733001
1.9334893879983042
1.9336173858112091
1.9344876792051993
1.93477772666437
1.935722409228762
1.9304624884578454
1.9302003926080857
1.9303485417635562
1.930886434469227
1.9298835628034476
1.9315793867094473
1.9313171827482802
1.9310209276034827
1.9302459845140016
1.930811403170706
1.9295666775259825
1.9295392730412533
1.929511868596601
1.9301388511398776
1.9298014288666654
1.930077315990206
1.9294707620111913
1.929463932874764
1.9307295556983681
1.9294159798949941
1.9294091435406016
1.9302917398762773
1.9300226361107222
1.9297261596036632
1.9299611019396317
1.9325347181525363
1.9315113341787693
1.9311145449758098
1.9312422541830958
1.9310668489290148
1.931976166463095
1.9324804674130276
1.9323458749005862
1.9319150200194224
1.9314501069829877
1.9311741751683758
1.9308777727477486
1.9324262168438235
1.9309714717578244
1.9313889068725278
1.9310924484821406
1.932264462857613
1.932002062598783
1.9325269636206537
1.9317995400712082
1.9331331483086032
1.933112864911075
1.9306545375593496
1.9297854654954951
1.9305473651558562
1.932479538266857
1.93092379067908
1.9321966750690796
1.929906440013961
1.9303172582963553
1.9324321179211013
1.9313208712859269
1.931024379329647
1.9308761146353817
1.9305863851354674
1.931745205947129
1.9323779050224732
1.9312528568416352
1.9308284650712473
1.9309563248169688
1.9318255798243211
1.9321152718787475
1.933058762041323
1.9313654152020039
1.9311032147781984
1.9312513998349146
1.9317894790764363
1.9307862620068144
1.932482652713571
1.9322203747118767
1.9319240137532534
1.9311487843347819
1.9317143784151833
1.9304692468753681
1.930441819533771
1.9304143922271217
1.9310416185990182
1.930704056161994
1.9309800287116474
1.9303732513391012
1.930366409659515
1.9316324592437186
1.9303184166424827
1.9303115711544852
1.9311944867293767
1.930925296369714
1.930628717248305
1.9308637108162408
1.9334382797636402
1.93241454343608
1.932017631791789
1.932145380281192
1.9319698925595672
1.9328795481219594
1.9333839837708806
1.9332493564046043
1.9328183472863552
1.932353258362017
1.9320772308682888
1.9317807258828499
1.9333296879281199
1.9318744289688323
1.9322919969565397
1.9319954359442633
1.9331678730355903
1.9329053884155591
1.9334304412951813
1.932702764149277
1.934036859237111
1.9340165555287163
1.9315573750559578
1.930688001886285
1.9314501532299388
1.9333829729391423
1.9318267046559707
1.9331000150694748
1.9308089963824853
1.9312199214921504
1.9333355095750018
1.932223904531425
1.9319273031050677
1.9317789853619258
1.9314891554474545
1.9326483812337718
1.9332812513523223
1.932155829826323
1.9317312891360212
1.9318591848722166
1.9327287446086436
1.933018543846073
1.9339624040983585
1.93036552898017
1.930103334344541
1.9302515238899594
1.9307896006413368
1.9297863874179462
1.9314827773941528
1.931220494959033
1.9309241364002638
1.930148916449761
1.9307145148200127
1.9294693804280145
1.9294419576782482
1.9294145349651493
1.930041749607937
1.929704196473416
1.9299801711727822
1.9293734009706773
1.929366562724906
1.9306326105108758
1.9293185777567392
1.9293117345616928
1.9301946416491196
1.9299254502854644
1.9296288724694486
1.929863875062391
1.9324384119561484
1.9314146795151057
1.9310177646382323
1.931145514210338
1.9309700345361398
1.9318796783033192
1.9323841250552225
1.932249494359248
1.9318184888475893
1.931353406977666
1.9310773807575714
1.9307808770692092
1.9323298383111045
1.9308745892236043
1.9312921592542904
1.9309955995519443
1.9321680257762863
1.9319055401519256
1.9324306006904695
1.9317029273579154
1.9330370081237838
1.9330167089486803
1.9305575400564028
1.9296881708165114
1.9304503228246674
1.9323831414334431
1.9308268740588195
1.9321001837289664
1.9298091721005093
1.9302201072254903
1.9323356871742703
1.9312240782601677
1.9309274804298495
1.9307791639188376
1.9304893353253372
1.9316485547080293
1.9322814380713118
1.9311560161327337
1.9307314779906304
1.9308593759269208
1.9317289305424161
1.9320187261915245
1.9329625677325066
1.9328813004826249
1.9326186408585329
1.932767054797198
1.9333060393263848
1.9323011375460983
1.9340003542205872
1.9337376572485852
1.9334407936192173
1.9326642367034543
1.9332307550906962
1.9319835627014075
1.9319560715856063
1.9319285804980235
1.9325568969928262
1.9322187360642775
1.9324951593913349
1.9318873439259894
1.931880477302571
1.9331486409091985
1.9318323726367517
1.931825506703186
1.932709925112048
1.9324402907379283
1.932143212904095
1.9323785619069394
1.9349575419367473
1.9339320865919145
1.9335345271825675
1.9336624839922767
1.9334866724546298
1.9343978884112392
1.934903119687908
1.9347682814257705
1.9343365407945965
1.9338706500293048
1.9335941581499603
1.9332971546083073
1.9348486975624324
1.9333909778263716
1.9338092326518552
1.933512172939371
1.934686604073134
1.934423686599471
1.9349495830159913
1.9342206798346409
1.9355570516330487
1.9355366962365248
1.9330733775438933
1.9322025420727247
1.9329659591423667
1.9349019997378794
1.9333431379717598
1.9346185703258578
1.932323711123372
1.932735280537866
1.9348544214364602
1.9337409817750877
1.933443872554772
1.9332953031206765
1.933004985664101
1.9341661658838154
1.93480003691045
1.933672744120277
1.9332474868605873
1.9333755867502023
1.934246613801755
1.934536909482666
1.9354824143591653
1.9329294388869638
1.9326668112912762
1.9328151915688625
1.933354091545629
1.9323493490054535
1.9340482848364897
1.9337856404017382
1.9334888212797976
1.9327123743906371
1.9332787900515527
1.9320318105924528
1.9320043148336783
1.9319768190996693
1.9326050547320412
1.9322669313266359
1.9325433044166433
1.9319355755515175
1.9319287031813261
1.9331966597014736
1.931880590363108
1.931873720971019
1.9327580094663976
1.9324884219033052
1.9321913908077726
1.9324266826071095
1.9350052984574175
1.9339800056866705
1.9335825188120246
1.933710452191219
1.933534653721349
1.9344457419470478
1.934950867013785
1.9348160578325109
1.9343843816968103
1.9339185541850181
1.9336421056875148
1.9333451488885003
1.934896435679838
1.933438938329164
1.9338571195677237
1.9335601065814259
1.9347343643917092
1.9344714926138002
1.934997286295219
1.9342684965653738
1.9356046750654414
1.9355843139578308
1.9331213812940322
1.9322506826215382
1.933013971523776
1.934949692671684
1.933391088073345
1.9346663100174408
1.932371817926026
1.9327832988732787
1.9349021040120695
1.9337888571017385
1.9334917900303248
1.9333432428082131
1.9330529709355173
1.9342139710805941
1.9348477102290633
1.933720605555497
1.9332954138370697
1.9334234880311136
1.93429438064139
1.9345846352899239
1.9355300206111294
1.9313165941286676
1.9310543269473972
1.931202518732982
1.93174069746779
1.9307372980806687
1.932433974014179
1.9321716700757834
1.9318752502106142
1.9310998539577238
1.9316655250253467
1.930420197668445
1.9303927474188374
1.9303652971973158
1.9309926748062927
1.9306550190311027
1.930931028919532
1.9303241219241147
1.9303172653884118
1.9315835328485012
1.9302692322305846
1.9302623764434086
1.9311454728565693
1.930876241709833
1.9305796080177686
1.9308146046391708
1.933389730087923
1.9323658078671724
1.9319688430836683
1.932096608507377
1.9319210594334115
1.9328309134979922
1.9333353887389528
1.9332007522700063
1.9327696570167363
1.9323044625124088
1.9320283839950383
1.9317318244845034
1.9332810475128055
1.9318255069374046
1.9322431362541714
1.931946520656122
1.9331191962728385
1.9328566719830311
1.9333817816442251
1.9326539681667172
1.9339883424846849
1.9339680172876268
1.9315083813031497
1.9306388477561143
1.9314011232801598
1.9333342690395328
1.9317777381372954
1.933051263420944
1.9307598352716877
1.9311707887566987
1.9332867614037805
1.932174986832318
1.9318783216808226
1.9317299743329184
1.9314400909087408
1.9325995351914502
1.9332324577197744
1.932106850552641
1.931682229031887
1.9318101372630803
1.9326798621663746
1.9329697239661079
1.9339138160415064
1.9304613506761836
1.9301991969446561
1.9303473012131103
1.9308852188202241
1.9298823086921295
1.9315781399036323
1.9313159802767126
1.9310197011333836
1.930244663364209
1.9308100391224068
1.9295653419995196
1.9295378915964838
1.9295104412163329
1.9301375410506931
1.9298000257524452
1.9300758913788616
1.9294692656954273
1.9294624022208517
1.930728043026797
1.9294143687524243
1.9294075094685281
1.9302901906788472
1.930021096953217
1.92972460739223
1.9299594594781309
1.9325333962274587
1.931509973388516
1.9311132165113702
1.931240914891641
1.9310654291632867
1.931974864649498
1.9324790545696096
1.932344495354156
1.9319136044070804
1.9314486208264965
1.9311726762755501
1.930876260884158
1.9324247130139764
1.930969869210098
1.9313872838950268
1.9310908124053296
1.9322629354506518
1.9320005452351188
1.932525369667772
1.9317979079848286
1.9331316594418804
1.9331113307114358
1.9306528875549
1.9297837761932324
1.930545669208573
1.9324778533238487
1.9309220966505947
1.9321949884741665
1.929904682833721
1.9303154009629568
1.9324303419284152
1.9313191339985
1.931022606081827
1.9308743290662642
1.9305845863566384
1.9317434712045571
1.932376037832582
1.931250993777531
1.9308265765251615
1.930954414269927
1.9318237204865965
1.9321134484242355
1.9330571256998423
1.9361425701395674
1.9358812352490127
1.9360291555392692
1.936565730043266
1.9355652954355387
1.937257148083487
1.936995440238885
1.9366999377901353
1.9359270463434377
1.9364912584835183
1.9352493598435112
1.935222138316013
1.9351949168730862
1.9358201339704826
1.935483739356479
1.9357590392457866
1.9351540848737063
1.9351473607084677
1.936409987216701
1.9350997282338593
1.9350929672794503
1.9359732865032946
1.9357047838765338
1.9354090321968809
1.9356436610341148
1.9382104478373454
1.9371895497727163
1.9367936014961757
1.9369210411421445
1.9367462533980115
1.937653145757841
1.9381565593297616
1.9380221941456715
1.937592436957062
1.9371287904080268
1.9368535347154006
1.9365578567338328
1.9381026711686737
1.9366515725546296
1.9370680877731883
1.9367723542856827
1.9379413553152545
1.9376795405631828
1.9382034168753994
1.9374777875679126
1.9388079162424048
1.9387877976874068
1.9363355000853177
1.9354685554110964
1.9362286966109155
1.9381563380323616
1.9366042398550851
1.937874138363766
1.9355894240244087
1.9359995445924854
1.9381092643401394
1.9370005072111502
1.9367047995256146
1.9365569123341304
1.9362678923409726
1.937423846311915
1.938055414308471
1.936932977480871
1.9365096408908702
1.9366372597037547
1.9375043560029237
1.937793279834722
1.938734085812813
1.9318531708227018
1.9315916148208367
1.9317397146340582
1.9322768089032987
1.9312753996237475
1.9329689409851625
1.9327069400841832
1.9324111585916068
1.9316375596454456
1.9322023666942276
1.9309592047340092
1.930931988105197
1.9309047715730798
1.9315305324906014
1.9311938662252164
1.9314694567882627
1.930863946962657
1.9308572401089792
1.9321211181272657
1.9308096163044368
1.93080286463642
1.9316840057784819
1.9314152273055178
1.931119188669101
1.9313541156023444
1.9339232477507824
1.9329013548090543
1.9325049874872167
1.9326325623027627
1.9324576559148334
1.9333653736361902
1.933869368952791
1.9337348459320154
1.9333046837376078
1.9328406223955006
1.93256510004366
1.9322691351208825
1.9338154905493177
1.9323630082640155
1.932779954789228
1.932483934394949
1.9336540297003242
1.9333919457953748
1.9339164002235938
1.9331900711403276
1.9345214312146866
1.9345013242597533
1.932046652582261
1.931178867467087
1.9319397743488185
1.9338693379580318
1.9323156922313345
1.933586856916814
1.931299904618366
1.9317105059133088
1.9338222808901393
1.9327123866075286
1.932416408048388
1.932268381424351
1.931979081323059
1.9331361477599591
1.9337684408018447
1.9326448773375013
1.9322211347589302
1.9323488967447642
1.933216825296251
1.933506013263919
1.934447630130289
1.9328048048620305
1.9325432052554072
1.9326913297523047
1.9332285135542526
1.9322269373421286
1.9339207610080964
1.9336587164367165
1.9333628856370073
1.9325891577283048
1.9331540589237106
1.9319106897376717
1.9318834685681712
1.93185624749538
1.9324821127335492
1.9321453903400132
1.9324210268406843
1.9318154160739767
1.9318087080994413
1.933072796800677
1.9317610763495665
1.9317543235541732
1.9326356115846457
1.9323667883086397
1.9320707003231374
1.9323056664098743
1.9348752268450962
1.9338531635562481
1.9334567301648722
1.9335843262455297
1.9334093906949683
1.9343172597376617
1.9348213390582303
1.9346867936159893
1.9342565597129255
1.9337924210084885
1.9335168527275397
1.9332208384679712
1.934767451665943
1.9333147272516784
1.9337317432778598
1.9334356735375324
1.9346059639003574
1.9343438363083127
1.9348683781537908
1.9341419279923193
1.9354735100089486
1.9354533996985195
1.9329983188312319
1.9321303890578216
1.9328914227779521
1.9348213080356256
1.9332674033240527
1.9345387799062481
1.9322514463796638
1.9326621161112165
1.9347742431159927
1.9336641638233925
1.9333681359232715
1.9332200846229903
1.9329307362958765
1.9340879956146664
1.9347203940452529
1.9335966432894607
1.93317283007323
1.9333006133544441
1.934168686589071
1.9344579227657586
1.935399696610029
1.9307077316061894
1.9304460274255202
1.9305941878236634
1.931131558161462
1.9301296365454952
1.9318240270122204
1.9315619084003135
1.931265971786778
1.9304919575490849
1.9310570341681874
1.929813259087058
1.9297860150606894
1.929758771125902
1.9303848801926904
1.9300480176353416
1.9303237395621269
1.9297179054018858
1.9297111848841917
1.9309757003460268
1.929663513097055
1.9296567511680571
1.9305383584377458
1.930269448567631
1.9299732579677804
1.930208275286484
1.9327787884562009
1.9317563728135594
1.931359816980851
1.9314874523436265
1.9313124343255212
1.9322206413965264
1.932724855416084
1.9325902751200077
1.9321598869798586
1.9316955723875182
1.9314199084274526
1.9311237916030735
1.9326709227502392
1.931217684462687
1.9316348333618725
1.931338660999656
1.9325093740783346
1.9322471621250887
1.9327718558283187
1.9320451520703885
1.933377220937458
1.9333570903161605
1.9309011563278407
1.930032925448612
1.9307942108520355
1.9327247427079115
1.9311703173009442
1.9324421199066446
1.9301540027481887
1.930564779307012
1.9326776347698937
1.9315671970688906
1.9312710596986915
1.9311229553495348
1.930833506607864
1.9319911709013093
1.9326237403751032
1.931499616274149
1.9310756541380045
1.9312034734096926
1.9320718513733937
1.932361194733085
1.9333033386670646
1.9318681733278058
1.9316074982967968
1.931755052820621
1.932290281843842
1.9312923550709538
1.9329799724200551
1.9327189151980393
1.9324241547561405
1.9316532072155337
1.932216011446099
1.9309772183412217
1.9309500695158757
1.9309229207766
1.931546561335179
1.9312110179459436
1.9314856309205837
1.9308821978354922
1.930875493916928
1.932134958382696
1.930827988671171
1.9308212469203625
1.9316993543305727
1.9314315227454593
1.9311365126074806
1.9313705631673168
1.933930893615147
1.9329125546438393
1.9325175941777883
1.932644715929791
1.932470373672554
1.933374984417124
1.9338771490325128
1.9337431168407075
1.9333144388885293
1.93285195982885
1.9325773943464806
1.9322824577138513
1.9338234048022809
1.9323759479944576
1.932791422741466
1.9324964307546157
1.9336624950554584
1.9334013346054835
1.9339239073177448
1.9332000979966777
1.9345268832151383
1.9345068195258739
1.9320606713511896
1.9311959004803063
1.9319541397686333
1.9338769553627522
1.9323287428671592
1.9335954621817355
1.9313164733229586
1.9317255773572146
1.9338300085516087
1.9327240227019444
1.9324290587271478
1.9322815429114455
1.931993247626589
1.9331463019655644
1.9337763023763344
1.932656674507888
1.9322344000309786
1.9323617016132562
1.9332266225443955
1.9335148196525773
1.934453252250863
1.9323354650914222
1.9320742756790157
1.9322220747910615
1.9327583036149452
1.9317585175063556
1.9334492445888427
1.9331877335929677
1.9328924163734844
1.9321199934371058
1.9326838075414359
1.93144275206563
1.931415525741731
1.9313882994937486
1.9320131579540978
1.9316769413401802
1.931952046730424
1.931347460270547
1.931340723419663
1.9326025161872726
1.931293082482056
1.9312863145724009
1.9321660886799223
1.9318977702852946
1.9316022094750194
1.931836636573245
1.9344018704975516
1.9333816343888162
1.932985966553335
1.933113315725351
1.9329386043946064
1.9338449504451554
1.9343479724862953
1.9342137136365611
1.93378422524962
1.9333208528778274
1.933045774533467
1.93275028741368
1.934294074787249
1.9328438953301146
1.9332601223299115
1.9329645796769446
1.9341328548116423
1.9338712198296
1.9343947081781734
1.933669544116757
1.9349988566319933
1.9349787288325215
1.9325280100872069
1.931661624397027
1.9324212549207376
1.9343476152504817
1.9327965484699692
1.9340656031085706
1.9317823783890953
1.9321921751341573
1.934300527440383
1.9331925297039838
1.9328970014021716
1.9327492067550125
1.932460373060288
1.9336155875218002
1.9342466677398922
1.9331249821409808
1.9327019153606266
1.9328294379915127
1.9336959811627819
1.9339847301001072
1.9349250017231137
1.9349971309230538
1.9347356478536957
1.9348836287288738
1.9354204793014298
1.934419532357286
1.9361122341105446
1.935850408555015
1.9355547509853064
1.9347814442470768
1.9353459259574781
1.9341034141965592
1.9340761652715042
1.934048916425908
1.9346744816725714
1.934337890766604
1.9346133220196504
1.9340080433129354
1.9340013054836798
1.935264569435462
1.9339536250264775
1.9339468538110869
1.934827639162558
1.9345590051386465
1.9342631014955596
1.9344978207182542
1.9370659885427637
1.936044567777221
1.9356484309898103
1.9357759311830083
1.9356010318086994
1.9365084135181772
1.9370120457930544
1.9368776233336635
1.9364476401993125
1.935983740400044
1.935708343099193
1.9354125132160236
1.9369581033695946
1.9355062487533001
1.9359229663458324
1.935627080890389
1.936796699693264
1.936534756892897
1.937058872480123
1.9363328684979733
1.937663705965176
1.9376435637438145
1.9351900038308967
1.9343226133926208
1.9350831331141325
1.9370117427822409
1.9354588649246947
1.936729401353596
1.9344435221542313
1.9348538179861885
1.9369646182198932
1.9358553176725115
1.9355594511759175
1.9354114862593141
1.9351223176257768
1.936278869453265
1.936910713881729
1.9357877164175183
1.9353641602699438
1.9354918363686826
1.9363593820800662
1.9366484613038875
1.9375897943495886
1.9323352375350897
1.9320740365463298
1.932221826680972
1.9327580604851442
1.9317582666840918
1.9334489952276794
1.9331874930986546
1.9328921710794649
1.932119729207147
1.9326835347317761
1.9314424849603375
1.9314152494527772
1.9313880140176953
1.9320128959362612
1.9316766607173361
1.9319517618081552
1.9313471610073945
1.9313404172888808
1.9326022136529586
1.9312927602535421
1.9312859877579869
1.9321657788404363
1.9318974624537928
1.9316018990327328
1.9318363080809446
1.9344016061125362
1.933381362230765
1.932985700860447
1.9331130478670597
1.932938320441461
1.9338446900824362
1.9343476899176117
1.9342134377272753
1.9337839421271517
1.9333205556465294
1.9330454747549017
1.9327499850409622
1.93429377402128
1.9328435748205697
1.9332597977344113
1.9329642524615824
1.9341325493302497
1.9338709163568666
1.9343943893875974
1.9336692176994807
1.9349985588586487
1.9349784219925934
1.9325276800863167
1.9316612865365743
1.932420915731281
1.9343472782618798
1.9327962096642721
1.9340652657895878
1.9317820269530477
1.932191803667478
1.9343001722418456
1.9331921822464986
1.9328966467526074
1.932748849641189
1.932460013304522
1.9336152405732858
1.9342462943019139
1.93312460952816
1.9327015376514098
1.9328290558821046
1.933695609295237
1.9339843654092048
1.9349246744548176
1.9319962206977244
1.931734691322953
1.9318826362885169
1.9324195067822276
1.9314185290682326
1.933111236665893
1.9328494465777621
1.9325537698092274
1.9317803873272426
1.9323448347188394
1.9311023457753895
1.9310750601156896
1.9310477745216938
1.9316734336012242
1.931336768275228
1.931612182330575
1.9310068462603243
1.9310000809605503
1.9322633592982057
1.9309523361124223
1.9309455465534284
1.9318263998046146
1.9315577738126426
1.931261859726413
1.9314965067490537
1.9340649310027014
1.9330434791450188
1.932647368218259
1.9327748597498444
1.9325998959961175
1.9335073720673002
1.9340109155183203
1.93387651969652
1.9334465077094396
1.9329825514748515
1.9327071439849326
1.9324113037251511
1.9339569003057173
1.9325049667151204
1.932921667963832
1.9326257720289408
1.933795477767695
1.9335335430019651
1.9340575973178182
1.9333315628288703
1.934662514871798
1.9346423363841032
1.9321886838273374
1.93132126195081
1.9320817763563058
1.9340103948278347
1.9324575097019063
1.933728052077666
1.9314421164100397
1.93185233211947
1.9339631974257445
1.932853927842571
1.9325580325776617
1.93241005780402
1.9321208786027146
1.9332774816592073
1.9339092201298165
1.9327862259662354
1.932362649433076
1.9324903079310491
1.9333578946098873
1.933647002540278
1.9345884852764048
1.9317542771162013
1.9314925239294625
1.9316405878247032
1.932177908472102
1.9311760922490062
1.9328702120999823
1.9326082080932725
1.932312282389219
1.931538245626558
1.9321031594614255
1.9308596372410551
1.9308323242860839
1.9308050113951711
1.9314312038070467
1.9310942485377918
1.9313698901315526
1.9307640421853447
1.9307572678474696
1.9320216013981026
1.9307094752238136
1.930702677734986
1.9315842739156934
1.9313154249125002
1.9310192627754512
1.931254096540553
1.9338246942817623
1.9328023868019608
1.9324059487600924
1.9325335455345323
1.9323584279202215
1.9332666723932994
1.933770624761176
1.9336361201617458
1.9332057460247938
1.9327413959241444
1.932465757515051
1.932169669274239
1.9337165555058582
1.932263401398662
1.9326804481092392
1.9323843041341755
1.9335549960271625
1.9332928438302874
1.9338173275735113
1.93309068388019
1.9344227599564385
1.934402560157971
1.9319468500717498
1.9310787009742563
1.9318398489072484
1.9337700767215038
1.9322158957626494
1.9334874983653485
1.9311996494985069
1.9316101973756674
1.933722830955742
1.9326126401931445
1.9323164946272962
1.932168395240307
1.931878973588921
1.933036547458486
1.9336687996278692
1.932544869419623
1.9321209371499668
1.9322486999247457
1.9331170151402148
1.9334063677040254
1.934348654040956
1.9320440177675648
1.931782503056667
1.931930400895048
1.9324671943067713
1.9314663642941927
1.9331587932400514
1.9328970689894451
1.932601429528778
1.9318281286694876
1.9323924604652063
1.9311501930084958
1.9311228889303307
1.9310955849092588
1.9317211983136842
1.9313845426033207
1.9316598999724799
1.9310546289911226
1.9310478476431316
1.9323109242890097
1.9310000704960077
1.9309932705996387
1.9318740193997355
1.931605443230768
1.9313095719666609
1.9315441347107736
1.934112290945849
1.9330909900026991
1.932694961308384
1.9328224261613505
1.9326474513331182
1.9335548350590297
1.9340582389911718
1.9339238822393308
1.93349392392795
1.9330300097836177
1.9327546418546393
1.9324588444462665
1.9340041872741687
1.9325524464535944
1.9329690679864502
1.932673214847952
1.933842779864181
1.9335808938071952
1.9341048224111812
1.933378889933689
1.9347096916441744
1.934689493845517
1.9322361925761409
1.9313688957089443
1.9321292799535308
1.9340575822787365
1.9325049515949455
1.9337752857907748
1.9314896960586214
1.931899793254864
1.9340103472035481
1.9329012819829943
1.932605418078869
1.9324574618208217
1.932168324240483
1.9333247664332143
1.9339563332914629
1.932833528482224
1.9324100098457326
1.9325376360478483
1.9334051036482052
1.933694181311182
1.9346356006259244
1.9332379367229156
1.9329766195837566
1.9331244366422415
1.9336608619625524
1.9326607150651953
1.9343520118706405
1.9340904445679377
1.9337950119352159
1.9330222647979687
1.9335862371665924
1.932344787204431
1.9323175196563411
1.9322902521721619
1.932915401377565
1.9325790073898204
1.9328541896073277
1.9322493510721515
1.9322425879428486
1.9335048146639946
1.9321948747725162
1.9321880885574558
1.93306821585405
1.9327998148812833
1.932504146235089
1.9327385884652546
1.9353049033386243
1.9342842993300262
1.9338885219835378
1.9340159061068658
1.9338410801188677
1.9347478113785814
1.9352509237067819
1.935116643322008
1.9346869862716156
1.9342234097942606
1.933948230676249
1.9336526358033452
1.9351969443396064
1.9337462115220327
1.9341625632229245
1.9338669127083439
1.9350356540268345
1.93477393870091
1.9352975482715489
1.9345721153602744
1.9359019720138126
1.9358818057703062
1.9334301875820348
1.9325634850669122
1.9333233646159076
1.9352503759455637
1.933698784835466
1.9349682684710006
1.9326842318855244
1.9330940953965934
1.935203208697209
1.9340948680345118
1.933799215878464
1.9336513632539096
1.933362423860743
1.9345180689114145
1.935149267193785
1.934027209900027
1.9336039840069672
1.9337315338279442
1.9345984022120148
1.9348872726856279
1.9358279892435577
1.932382920826764
1.932121728713702
1.932269467232458
1.9328056264447873
1.9318059764989204
1.9334964271212562
1.9332349952631807
1.932939708152005
1.9321673384344127
1.9327310240733133
1.9314901986407975
1.9314629401229413
1.9314356816672327
1.9320605296398023
1.9317242947340065
1.9319993369889263
1.9313947941066167
1.9313880309060707
1.9326496273766052
1.9313403335228703
1.9313335483969896
1.9322132435158141
1.9319449779561684
1.9316494560518367
1.9318837717965145
1.9344488338631758
1.93342873700942
1.9330331611041278
1.9331604803494205
1.932985733801889
1.933892022892806
1.9343948721061213
1.9342606623154432
1.9338312167844287
1.9333678653396464
1.9330928227353261
1.932797374575718
1.9343409106067464
1.9328908943042713
1.9333070354592794
1.9330115316729133
1.93417969868604
1.9339181154257303
1.9344414550856721
1.9337163815956624
1.9350455867443526
1.9350254260340436
1.9325750238346755
1.9317087513644822
1.9324682497337773
1.9343942972184807
1.9328434821544629
1.9341123308432049
1.9318294308836055
1.9322390790695312
1.934347144420381
1.9332393626581792
1.9329438549290325
1.9327960751010789
1.9325072790644076
1.9336623518730354
1.9342932207445713
1.9331717257377383
1.932748709209458
1.9328761929442
1.9337426323997817
1.9340313618346574
1.9349716261701893
1.9320440177675648
1.931782503056667
1.931930400895048
1.9324671943067713
1.9314663642941927
1.9331587932400514
1.9328970689894451
1.932601429528778
1.9318281286694876
1.9323924604652063
1.9311501930084958
1.9311228889303307
1.9310955849092588
1.9317211983136842
1.9313845426033207
1.9316598999724799
1.9310546289911226
1.9310478476431316
1.9323109242890097
1.9310000704960077
1.9309932705996387
1.9318740193997355
1.931605443230768
1.9313095719666609
1.9315441347107736
1.934112290945849
1.9330909900026991
1.932694961308384
1.9328224261613505
1.9326474513331182
1.9335548350590297
1.9340582389911718
1.9339238822393308
1.93349392392795
1.9330300097836177
1.9327546418546393
1.9324588444462665
1.9340041872741687
1.9325524464535944
1.9329690679864502
1.932673214847952
1.933842779864181
1.9335808938071952
1.9341048224111812
1.933378889933689
1.9347096916441744
1.934689493845517
1.9322361925761409
1.9313688957089443
1.9321292799535308
1.9340575822787365
1.9325049515949455
1.9337752857907748
1.9314896960586214
1.931899793254864
1.9340103472035481
1.9329012819829943
1.932605418078869
1.9324574618208217
1.932168324240483
1.9333247664332143
1.9339563332914629
1.932833528482224
1.9324100098457326
1.9325376360478483
1.9334051036482052
1.933694181311182
1.9346356006259244
1.9323828070485976
1.9321216091473588
1.9322693431774136
1.932805504879887
1.9318058510877885
1.933496302440675
1.933234875016024
1.9329395855049953
1.932167206319434
1.9327308876684834
1.9314900650881512
1.9314628019784643
1.9314355389292066
1.932060398630884
1.9317241544225847
1.9319991945277912
1.9313946444750405
1.93138787784068
1.9326494761094482
1.9313401724086134
1.9313333849897822
1.932213088596071
1.9319448240404178
1.931649300830694
1.931883607550365
1.9344487016706682
1.933428600930395
1.9330330282576837
1.933160346420275
1.9329855918253167
1.9338918927114463
1.93439473082178
1.9342605243608004
1.933831075223194
1.9333677167239975
1.9330926728460434
1.9327972233893593
1.9343407602237617
1.9328907340494987
1.9333068731615297
1.9330113680652317
1.9341795459453432
1.9339179636893638
1.9344412956903834
1.9337162183870245
1.9350454378576805
1.9350252726140795
1.9325748588342304
1.931708582434256
1.932468080139049
1.9343941287241802
1.9328433127516143
1.9341121621837136
1.9318292551655816
1.9322388933361914
1.9343469668211122
1.933239188929437
1.9329436776042501
1.9327958965441672
1.932507099186524
1.9336621783987784
1.934293034025582
1.933171539431328
1.9327485203548496
1.9328760018894955
1.9337424464660096
1.9340311794892062
1.9349714625360415
1.9346257746336177
1.9343648526379353
1.9345125081366286
1.9350481972741158
1.9340494166072009
1.935738449131819
1.9354771957249235
1.935182176748093
1.9344105370549316
1.9349737905693665
1.9337339755963023
1.9337067811083624
1.93367958669797
1.9343038075053276
1.9339679369628193
1.9342427688770236
1.9336387952342078
1.933632068542282
1.9348925954139644
1.9335844833255347
1.9335777244730912
1.9344566087626793
1.934188558182315
1.9338932947719454
1.9341274959742158
1.936690128124177
1.9356709179846807
1.9352756433338463
1.9354028659978968
1.9352283376903674
1.9361337640176846
1.9366362931380003
1.9365021654873618
1.9360731109589473
1.935610209815547
1.9353354083194685
1.935040218517503
1.9365824584704827
1.9351337416589098
1.9355495536958733
1.9352543084291267
1.936421402352142
1.93616002848834
1.936682999992285
1.935958566213446
1.9372865327530906
1.937266429619887
1.934818177593823
1.9339526637828472
1.9347115339406618
1.9366359632792178
1.935086451316508
1.9363542338314528
1.93407330353933
1.9344826996800528
1.9365889316845322
1.935482040137547
1.9351868114776545
1.9350391661200854
1.9347506231012639
1.9359046738678143
1.9365351349984312
1.935414572735634
1.9349919323294356
1.9351193293881364
1.935984999339634
1.93627345543452
1.9372127664788226
1.9326242955174562
1.932363298275477
1.9325108954210493
1.9330466169304112
1.9320477862624876
1.9337368282842595
1.9334756325118863
1.9331805823369637
1.9324088195602012
1.9329720173065774
1.9317322394119005
1.9317049852301624
1.9316777311036215
1.9323021043893878
1.9319661129143326
1.9322409168822758
1.9316368500237144
1.9316300786921958
1.9328906289409225
1.9315823888401942
1.931575600179395
1.9324545948060208
1.9321865572775574
1.9318912768970826
1.9321253607742652
1.9346884096215762
1.9336691489573516
1.9332739163300747
1.9334011249190055
1.9332264919949214
1.9341320716600083
1.9346344564415572
1.934500372077002
1.934071270662903
1.9336082778121084
1.9333334597587948
1.933038253094835
1.934580503491682
1.9331316583468658
1.9335474438251214
1.9332521815292731
1.9344194167230908
1.9341580559155755
1.9346809278535377
1.9339564445011528
1.9352845972263508
1.9352644351603554
1.932816032588038
1.9319504676899044
1.9327093292091935
1.9346337728533078
1.9330842490794775
1.934352041258066
1.9320710192050183
1.9324802851466352
1.9345866228940398
1.9334797816638918
1.933184506255488
1.933036844880233
1.9327482846887871
1.9339024187024703
1.9345327076515733
1.933412150752299
1.932989477219524
1.9331168456769823
1.9339825822005923
1.934271084943654
1.935210639234898
1.9339147188378176
1.9336539948007387
1.9338014528216612
1.9343366321544817
1.9333388107744647
1.9350261575078171
1.9347652148909986
1.9344704653585818
1.9336994952930062
1.9342621367393371
1.9330235964952185
1.93299637874127
1.9329691610458692
1.9335928849495354
1.9332572488483935
1.933531781490009
1.9329283346189514
1.9329215768802053
1.9341808594347716
1.9328739507979296
1.9328671734872915
1.9337452698085202
1.933477499090329
1.9331825174151518
1.933416384421386
1.9359767994407087
1.934958568632241
1.9345637259570296
1.9346908091206962
1.934516367267254
1.9354210154138967
1.9359229183776043
1.9357889618824455
1.935360297933464
1.934897783365476
1.9346232434340784
1.9343283353850171
1.9358690375579004
1.9344216649304333
1.9348370374888328
1.9345420738891357
1.9357081170042867
1.9354470163106823
1.9359693790629369
1.9352456298064795
1.9365724222341196
1.9365522893676845
1.934106365095099
1.933241676005951
1.9339997778238462
1.935922289376345
1.9343743213288642
1.9356408406404393
1.933362120073277
1.9337709954258702
1.9358752047374577
1.9347694658261976
1.9344744936557527
1.9343269828022185
1.9340387146076463
1.9351916785227414
1.935821361629101
1.9347019276533621
1.934279683042941
1.9344069281283096
1.9352717863112165
1.9355599926235174
1.9364985676247548
1.9328177593601423
1.9325569365371946
1.9327044349480644
1.933239798326591
1.9322416353889633
1.9339295481925225
1.9336685271017524
1.9333736741553624
1.932602427228766
1.933165248388644
1.9319262993972506
1.9318990633782647
1.9318718274144182
1.932495783417595
1.932160016455144
1.9324346366725857
1.931830973578437
1.931824206730347
1.9330839142472793
1.9317765486596754
1.931769764508383
1.9326481715813633
1.9323803132650708
1.9320852302809375
1.932319157544146
1.9348804932443209
1.9338619139685773
1.9334669456194529
1.9335940691479385
1.9334195528743798
1.934324527254121
1.9348265760197996
1.9346925813411067
1.9342637667616316
1.9338010833601549
1.933526449023274
1.9332314397064776
1.9347726590251808
1.9333247823962139
1.9337402898705955
1.9334452249589402
1.93461167992296
1.9343504938638243
1.9348730161327532
1.934149017093187
1.9354762820493003
1.9354561334052898
1.933009367592152
1.9321443813269668
1.9329027354926573
1.9348258925429316
1.9332774047086043
1.9345443493003267
1.9322648521598251
1.9326738443550053
1.934778773990627
1.9336726728004388
1.9333775947559553
1.9332300320856741
1.9329416647975162
1.9340950272836412
1.9347248946779396
1.9336050869444605
1.933182695962323
1.9333099792382613
1.9341751370293123
1.9344634469362951
1.9354023733159385
1.9329953104723954
1.932733734792209
1.9328816438481604
1.9334185342630248
1.932417525779178
1.9341102392212408
1.9338484846005082
1.9335527886331485
1.9327793304074083
1.9333437434801997
1.932101277354219
1.9320739549598744
1.9320466326174788
1.9326723855298766
1.9323356457838512
1.9326110426414993
1.9320056492077133
1.9319988564374198
1.933262149160949
1.9319510471983659
1.9319442392957693
1.9328251604466702
1.9325565424866376
1.9322606179572668
1.9324951927798535
1.9350638734626384
1.9340423905128166
1.9336463054467077
1.9337737883166806
1.9335987601835352
1.9345063306164225
1.9350097852435861
1.9348754160593755
1.9344453752195658
1.933981362549659
1.9337059448706717
1.9334100942342785
1.9349556972418394
1.9335036846769393
1.9339203695818312
1.9336244631674924
1.9347942558421256
1.9345323291110335
1.9350563221555126
1.934330257159767
1.9356613237784197
1.935641109024391
1.933187363823778
1.9323199105089999
1.9330804195984796
1.9350090468734282
1.933456154479118
1.934726702801735
1.9324407106658479
1.932850846252752
1.9349617766315956
1.9338525380126292
1.9335566139794056
1.9334086293487265
1.9331194395796516
1.9342760938651498
1.9349077263779038
1.9337847355149524
1.9333611385962068
1.933488779493416
1.9343564071397075
1.9346455437766685
1.9355871762032206
1.932704887152034
1.932443038266947
1.9325910864475482
1.9331285190389538
1.932126501267201
1.933820909997683
1.9335589022213955
1.9332629056115305
1.9324886546746036
1.9330536240474394
1.9318099202709011
1.9317825614487663
1.93175520267523
1.9323816049697287
1.9320445098497903
1.9323201780337649
1.9317141646124765
1.93170735824941
1.9329719186671
1.9316594852406301
1.9316526659878728
1.9325344854441702
1.932265600673867
1.9319693774391977
1.9322041691327325
1.9347754836435058
1.9337529708379275
1.9333564958197522
1.9334841041149895
1.9333088849112017
1.9342173868625343
1.934721323307539
1.9345868262539323
1.9341563479490043
1.933691856996291
1.933416161195388
1.9331200119440966
1.9346671631756212
1.933213678093372
1.9336307759181204
1.933334570807629
1.93450555556093
1.9342433687159268
1.9347678709461136
1.9340410718544403
1.935373498770651
1.935353254817062
1.9328970313167166
1.9320287021929543
1.9327899709838272
1.9347205303503907
1.933166082229731
1.9344379034193615
1.9321496097975897
1.9325601359735167
1.934673194788178
1.9335628538503238
1.933266626579141
1.9331184914267416
1.9328290096607925
1.9339868340448791
1.934619072400376
1.933494958613889
1.9330709327727897
1.9331986970420887
1.934067203029083
1.9343566360968045
1.9352992478133642
1.931042311095072
1.9307807095615237
1.9309285400693788
1.9314653708332659
1.9304644831272157
1.9321569230313291
1.9318952652820947
1.9315995898236293
1.9308261469447985
1.9313904143927576
1.930148189718802
1.9301208167631776
1.9300934438388562
1.9307192331799075
1.9303824379319896
1.9306577630554635
1.9300523845174777
1.930045551662263
1.9313086552816532
1.9299976537821526
1.9299908194915283
1.9308716956035903
1.9306031344945096
1.9303072436495115
1.930541671018523
1.9331103080582321
1.9320889488173205
1.9316929686117246
1.9318204172241689
1.9316453216845264
1.9325528823386349
1.9330561197260452
1.9329218129196855
1.932491800509438
1.9320277805488815
1.9317523935154008
1.9314565766508809
1.9330019315293978
1.9315500426320051
1.931966633520199
1.9316707607327364
1.9328404887537385
1.9325786177616981
1.9331024314818581
1.9323764418041205
1.9337074583440903
1.9336871925460577
1.931233717569467
1.9303663617555502
1.931126736032606
1.9330550548642245
1.931502410552218
1.9327727558984054
1.9304870602882616
1.9308970072547673
1.9330076832145189
1.9318986760518537
1.9316027582071378
1.931454783467146
1.93116562607224
1.9323221643193562
1.9329535325066267
1.9318307338860683
1.9314071770266035
1.9315347702272863
1.9324023146416183
1.9326914461294147
1.9336331461137044
1.9307036355922058
1.9304417230371749
1.930589721842058
1.9311271818250506
1.9301251217447515
1.931819538511287
1.9315575795026723
1.9312615564944215
1.930487201409832
1.93105212359431
1.9298084511917923
1.92978104185952
1.9297536325569353
1.930380163871626
1.9300429664241476
1.9303186109612869
1.9297125186651363
1.9297056745301067
1.9309702547283716
1.9296577129838035
1.9296508685085922
1.9305327813269977
1.9302639076006105
1.929967670006622
1.9302023624250817
1.9327740295259206
1.9317514739686497
1.9313550345088688
1.9314826308943895
1.9313073231689013
1.932215954867578
1.9327197691797793
1.932585308752859
1.9321547907754286
1.9316902222241514
1.9314145124132795
1.9311183488941475
1.9326655089627898
1.9312119152908733
1.9316289906428694
1.931332771123138
1.932503875413272
1.9322416996158955
1.9327661175979438
1.932039276559423
1.9333718610172566
1.933351567197459
1.9308952163118227
1.9300268439604649
1.9307881054418163
1.9327186769130815
1.9311642187983973
1.9324360481649574
1.9301476768993258
1.9305580929067792
1.9326712411962232
1.9315609428341542
1.9312646760065388
1.9311165273007127
1.9308270310040812
1.93198492582805
1.9326170184914966
1.931492909243375
1.9310688553720956
1.9311965954403434
1.9320651577575865
1.9323546302968415
1.9332974478377354
1.930897099434892
1.9306353612988925
1.930783261369073
1.931320363221231
1.9303189708712274
1.9320122584195507
1.9317504740925384
1.9314546483128205
1.9306808090783956
1.931245354676377
1.9300025111771433
1.929975120007623
1.9299477288677322
1.9305738428998331
1.9302368699649588
1.9305123307515966
1.9299066422198592
1.9298998025682583
1.9311635400347282
1.929851872803285
1.9298450328375802
1.9307263581023402
1.930457663588124
1.9301616233904773
1.9303961591949623
1.9329661131486657
1.9319442389798758
1.931548063798247
1.9316755751233228
1.93150038404836
1.9324084104616905
1.9329118887580221
1.932777518016964
1.9323472868741571
1.9318830277721972
1.931607501677759
1.93131153550579
1.9328576644962885
1.9314050393402216
1.9318218366883437
1.9315258145528054
1.9326961386131405
1.9324341375641445
1.9329582058771586
1.932231849151457
1.9335635458402063
1.9335432654423934
1.9310885513159364
1.9302207575975272
1.93098151172528
1.9329107966027061
1.931357374427524
1.9326283562072182
1.9303415098541326
1.9307516521151495
1.9328633922928102
1.931753833970701
1.9314577645070061
1.9313097145061533
1.9310204111128106
1.9321775344092207
1.9328092055178632
1.9316858454355366
1.9312620741148954
1.9313897290016226
1.9322577125863063
1.9325469922894825
1.933489181918776
1.9323329619717655
1.9320716452194717
1.9322193455800805
1.9327556291871377
1.9317557584614566
1.9334465016160496
1.9331850881555204
1.9328897181392666
1.9321170869075626
1.9326808066351775
1.9314398139074125
1.931412486563239
1.9313851592571583
1.932010275757892
1.9316738544888954
1.9319489125854665
1.9313441683758668
1.9313373559810558
1.9325991883098164
1.9312895379684023
1.9312827196138396
1.9321626804455767
1.931894384138782
1.9315987946098676
1.931833023157944
1.934398962262381
1.9333786406502602
1.932983043931568
1.9331103692841503
1.932935480910006
1.9338420864552426
1.9343448642307761
1.9342106786344149
1.933781110902468
1.9333175833335479
1.9330424769692498
1.9327469613137807
1.9342907663615856
1.9328403697251182
1.93325655177941
1.9329609803079617
1.9341294945163263
1.9338678816295372
1.9343912014818332
1.9336659535267227
1.934995581125204
1.9349753535933147
1.9325243800774181
1.9316579079320484
1.9324175238367143
1.9343439083758633
1.932792821607302
1.9340618925997615
1.9317785125925682
1.9321880890006817
1.9342966202564735
1.9331887076716445
1.9328931002569671
1.9327452785029542
1.9324564157468653
1.9336117710881413
1.934242559922133
1.9331208833999523
1.932697760559238
1.932825234788022
1.9336918906197882
1.9339807185001805
1.9349214017718572
1.933381327932437
1.9331200547849006
1.933267730461834
1.9338039245361822
1.9328042207430753
1.9344946815931152
1.9342333118029862
1.9339379910938665
1.9331654888247032
1.933729114405694
1.93248832890375
1.9324610061002643
1.9324336833348568
1.933058695514944
1.932722330374098
1.9329973425330431
1.9323926992645475
1.9323858879905935
1.9336475096364056
1.9323380779232724
1.9323312606960863
1.9332110746394118
1.9329428231356602
1.932647282955831
1.9328814723504142
1.9354469831680667
1.9344268319030666
1.934031301253912
1.934158605341384
1.9339837461298701
1.9348902003537705
1.9353928941253364
1.935258730950441
1.9348292349271496
1.9343657847205595
1.9340907242853695
1.9337952579666913
1.93533880524496
1.933888650737455
1.9343047632907786
1.9340092411653782
1.9351775603162935
1.9349159911165998
1.9354392235516373
1.9347140966747312
1.936043502330941
1.936023278154548
1.9335727138284462
1.9327063863413139
1.9334658754075804
1.9353919382982696
1.9338411105145834
1.9351099696103264
1.9328269708312702
1.9332364788027743
1.9353446580306206
1.9342369304557818
1.9339413723820835
1.933793575304315
1.933504760774047
1.9346599232334345
1.935290606678724
1.934169117447993
1.9337460652449379
1.9338735181783413
1.9347400293269674
1.9350288089983405
1.9359693352921172
1.9332355473814253
1.9329741086905552
1.9331218314863043
1.933658309099645
1.9326580814314278
1.9343493935784288
1.9340879193776468
1.933792436348008
1.9330194903834044
1.9335833726651643
1.9323419825988595
1.9323146186223255
1.9322872546735985
1.9329126501902774
1.9325760608499567
1.9328511979235043
1.9322462088090473
1.9322393735696322
1.9335016380536956
1.9321914913731195
1.9321846570061014
1.9330649625394472
1.9327965826505216
1.93250088659108
1.9327351392961034
1.9353021272959614
1.9342814416704954
1.9338857322082148
1.9340130935948108
1.9338380986108397
1.934745077570028
1.935247956735604
1.935113746274504
1.9346840134856984
1.9342202888656297
1.9339450830013152
1.9336494608898052
1.9351937862969277
1.933742846171808
1.9341591549701729
1.9338634769470415
1.9350324464722148
1.9347707522372142
1.9352942009704968
1.9345686879788784
1.9358988453936952
1.9358785839510637
1.933426722572691
1.9325599375321596
1.9333198031266126
1.9352468375652467
1.933695227375647
1.934964726621683
1.932680541807021
1.933090194996458
1.9351994791125686
1.9340912197309155
1.9337954920580411
1.9336476135587637
1.9333586464252033
1.9345144259520126
1.935145346095015
1.9340232974654092
1.9336000180601867
1.9337275216791572
1.9345944976027936
1.9348834434311524
1.9358245529264486
1.9318176455819764
1.9315568169708517
1.9317043108930199
1.932239676761691
1.9312415099778317
1.9329294235119416
1.9326684068545958
1.9323735515083527
1.9316022951137863
1.932165111983814
1.9309261658446049
1.9308989252337883
1.930871684676391
1.9314956524086766
1.9311598761437223
1.9314344942114516
1.9308308239468608
1.9308240536649564
1.932083762980122
1.9307763875454182
1.930769601101176
1.9316480166616201
1.931380159349321
1.9310850750597943
1.9313189932979964
1.933880361051813
1.9328617778895527
1.932466812773009
1.9325939352187935
1.9324194108978072
1.9333243970727616
1.933826434735458
1.9336924433864637
1.9332636252003976
1.9328009347445056
1.9325262991339915
1.932231288520119
1.9337725086421964
1.9323246221414416
1.9327401275728457
1.9324450613512594
1.9336115271822638
1.9333503421274583
1.9338728567374652
1.9331488538845487
1.9344761331626281
1.9344559799853256
1.932009202591707
1.9311442123967408
1.931902565897929
1.9338257240486305
1.9322772353057556
1.9335441806408353
1.9312646764418013
1.9316736586216656
1.9337785963913585
1.9326724990716966
1.9323774174311728
1.932229853528763
1.9319414849196335
1.9330948538093846
1.9337247079589512
1.9326049006380503
1.932182507107715
1.9323097881835578
1.9331749510955394
1.9334632645908438
1.9344022096817908
1.9326241817392904
1.9323631787091342
1.9325107713660046
1.9330464953655109
1.9320476608513562
1.933736703603678
1.9334755122647296
1.9331804596899538
1.9324086874452218
1.932971880901747
1.9317321058592545
1.9317048470856852
1.9316775883655943
1.9323019733804694
1.9319659726029106
1.9322407744211412
1.9316367003921382
1.9316299256268044
1.9328904776737657
1.9315822277259371
1.9315754367721876
1.9324544398862775
1.9321864033618072
1.9318911216759393
1.9321251965281148
1.9346882774290681
1.9336690128783267
1.9332737834836307
1.93340099098986
1.9332263500183484
1.9341319414786489
1.9346343151572156
1.9345002341223592
1.9340711291016686
1.9336081291964597
1.9333333098695118
1.9330381019084761
1.9345803531086967
1.9331314980920933
1.9335472815273715
1.9332520179215917
1.9344192639823947
1.934157904179209
1.93468076845825
1.9339562812925148
1.9352844483396787
1.9352642817403916
1.9328158675875933
1.9319502987596782
1.9327091596144652
1.9346336043590067
1.9330840796766284
1.9343518725985744
1.9320708434869946
1.9324800994132951
1.9345864452947712
1.9334796079351493
1.933184328930706
1.9330366663233214
1.9327481048109043
1.933902245228213
1.9345325209325843
1.9334119644458887
1.932989288364915
1.933116654622278
1.9339823962668197
1.9342709025982028
1.93521047560075
1.932914263725153
1.9326535165353678
1.9328009566014828
1.9333361458948808
1.9323383091299375
1.9340256587854914
1.9337647339023718
1.933469974770542
1.9326989668330894
1.9332615911200175
1.9320230622846335
1.9319958261633625
1.9319685900937622
1.932592360913862
1.9322566876027054
1.9325312116454718
1.931927736092646
1.9319209646186406
1.9331802543661436
1.9318733063409017
1.9318665198584624
1.9327446501295487
1.9324768834273267
1.9321818965305788
1.932415727436786
1.9349762706706775
1.9339580243161398
1.9335631945712544
1.9336902734041144
1.9335157993609635
1.9344204946884582
1.9349223532402369
1.9347884100638733
1.9343597316885277
1.9338971889028802
1.9336226438769484
1.9333277306395809
1.9348684360259611
1.933421023911343
1.9338363882978324
1.9335414194584117
1.934707506041502
1.934446409365216
1.9349687414817844
1.934244976971928
1.9355718266874307
1.935551675687829
1.9331057050933191
1.9322410002850454
1.9329990994449326
1.9349216153991418
1.9333736437174707
1.9346401660024746
1.9323614172011807
1.9327702524925112
1.9348744943403828
1.9337687709112266
1.9334737843566245
1.9333262685745713
1.9330379950961147
1.9341909846257124
1.934820614753145
1.9337011824277206
1.9332789276245066
1.9334061639094933
1.9342710425761274
1.9345592632417132
1.9354979130881627
1.9347200034353043
1.93445904130925
1.9346065486891553
1.9351421135443987
1.9341435821255397
1.9358320661131578
1.9355709975824091
1.9352760244230744
1.9345044343596705
1.9350674052041414
1.9338280674307595
1.9338007810039213
1.933773494616778
1.9343977648232253
1.9340618018819404
1.934336494627221
1.933732565116889
1.9337257651227502
1.934985910189687
1.9336780187216216
1.9336712116790227
1.9345499889160047
1.9342820500295594
1.9339868565987213
1.934220780943855
1.9367832617003784
1.9357643067517376
1.9353692353567684
1.9354963916711634
1.9353217446454956
1.936227127824828
1.9367292446716022
1.936595235117268
1.9361662446611594
1.93570334304529
1.9354286053874912
1.935133485723425
1.9366752278115689
1.935226778078587
1.9356424061681081
1.9353472307749775
1.9365141736567604
1.936252909262402
1.9367755374355524
1.9360512619194288
1.9373790996577758
1.937358903503147
1.934911215086091
1.9340459041364
1.9348045059983712
1.9367283162494122
1.9351793022684043
1.9364466773437747
1.9341663542202059
1.9345753931507623
1.9366811000489161
1.9355746636734816
1.9352794545826837
1.9351318314707486
1.9348433558422062
1.9359971617247413
1.936627120693855
1.9355069420906863
1.9350843868994463
1.9352116929652847
1.9360771862110004
1.936365624830914
1.937305033568086
1.9310419697605739
1.9307803508624946
1.9309281679042452
1.931465006138565
1.9304641068938202
1.932156548989585
1.9318949045406242
1.9315992218825997
1.9308257505998607
1.9313900051782673
1.9301477890608632
1.9301204023297465
1.9300930156247758
1.9307188401531516
1.9303820169977237
1.9306573356720604
1.9300519356227481
1.9300450924660895
1.9313082014801815
1.9299971704393815
1.9299903292699065
1.9308712308443619
1.9306026727472578
1.9303067779860823
1.9305411782800725
1.933109911480709
1.9320885405802444
1.9316925700723924
1.9318200154367322
1.9316448957548082
1.932552491794556
1.93305569587302
1.9329213990557566
1.9324913758257356
1.9320273347019343
1.9317519438475528
1.931456123091804
1.9330014803804436
1.9315495618676874
1.9319661466269487
1.9316702699096935
1.93284003053165
1.9325781625525986
1.9331019532959939
1.9323759521782062
1.9337070116840738
1.933686732286166
1.9312332225681321
1.9303658549648717
1.9311262272484206
1.9330545493813223
1.9315019023436724
1.9327722499199314
1.9304865331341898
1.9308964500547479
1.9330071504167132
1.9318981548656262
1.9316022262327923
1.931454247796411
1.9311650864385916
1.9323216438965845
1.9329529723496603
1.9318301749668367
1.9314066104627783
1.9315341970631739
1.9324017568403011
1.9326908990930607
1.93363265521126
1.9308969856567255
1.9306352417325499
1.9307831373140283
1.9313202416563302
1.9303188454600955
1.9320121337389686
1.9317503538453815
1.9314545256658102
1.9306806769634166
1.931245218271547
1.9300023776244963
1.929974981863146
1.9299475861297049
1.9305737118909145
1.930236729653537
1.9305121882904626
1.9299064925882827
1.9298996495028669
1.9311633887675712
1.9298517116890277
1.929844869430373
1.9307262031825974
1.9304575096723733
1.9301614681693338
1.9303959949488123
1.9329659809561581
1.9319441029008504
1.9315479309518029
1.9316754411941774
1.9315002420717873
1.9324082802803306
1.93291174747368
1.9327773800623207
1.9323471453129228
1.9318828791565485
1.9316073517884762
1.931311384319431
1.932857514113304
1.931404879085449
1.9318216743905934
1.931525650945124
1.9326959858724446
1.9324339858277784
1.9329580464818705
1.9322316859428186
1.9335633969535342
1.9335431120224293
1.9310883863154917
1.9302205886673012
1.9309813421305515
1.9329106281084052
1.9313572050246757
1.9326281875477271
1.9303413341361086
1.9307514663818097
1.9328632146935416
1.9317536602419585
1.931457587182224
1.9313095359492416
1.9310202312349276
1.9321773609349637
1.932809018798874
1.931685659129126
1.931261885260287
1.9313895379469188
1.9322575266525335
1.9325468099440313
1.9334890182846278
1.9327030667013747
1.93244112520546
1.9325891015668346
1.9331265740005485
1.9321244946890925
1.933818915108379
1.9335569782668889
1.9332609432593721
1.9324865408349352
1.9330514415701605
1.9318077834285612
1.9317803511371356
1.931752918866801
1.9323795088270332
1.9320422648670375
1.9323178986556142
1.9317117705072548
1.93170490920315
1.9329694983925865
1.9316569074125187
1.9316500514725554
1.9325320067282825
1.9322631380218578
1.9319668939009056
1.9322015411943319
1.9347733685633817
1.933750793573523
1.933354370276649
1.9334819612486622
1.9333066132860373
1.9342153039607792
1.9347190627580708
1.9345846189796438
1.9341540829692572
1.9336894791459056
1.9334137629668666
1.9331175929623519
1.9346647570478657
1.9332111140170107
1.9336281791541188
1.9333319530847326
1.9345031117097915
1.9342409409340633
1.9347653206215025
1.9340384605162333
1.9353711165838947
1.9353508000976392
1.9328943913095975
1.9320259993093334
1.9327872574681744
1.934717834441578
1.9331633717841548
1.9344352048675006
1.9321467983092062
1.93255716424008
1.93467035319988
1.9335600741904408
1.9332637893826288
1.9331156345161535
1.9328261316146669
1.9339840584567634
1.934616084896551
1.9334919777113226
1.9330679110990525
1.9331956401668222
1.934064228088724
1.934353718569585
1.935296629666995
1.9330414008697425
1.93277975303078
1.932927547629022
1.933464398314063
1.932463479838162
1.9341559255866771
1.9338943033048406
1.93359860864755
1.9328250900249644
1.933389323154118
1.9321471212976316
1.9321197116073614
1.9320923019346408
1.9327181851085595
1.9323813154406133
1.9326566233663875
1.9320511874648667
1.932044327139133
1.9333074451443963
1.9319963648680967
1.9319895122338688
1.932870456245646
1.9326019031685047
1.932306001880365
1.9325403570493225
1.9351092505181695
1.9340878601851181
1.933691905840173
1.9338193457910047
1.9336441858719444
1.9345518408877573
1.9350549894513112
1.9349207092825411
1.9344906680195644
1.934026591623689
1.93375119440114
1.933455367160008
1.9350007284655197
1.9335487605938249
1.933965335138198
1.9336694518712882
1.9348392668281693
1.9345774038707662
1.9351011563195528
1.9343751361350165
1.9357062672507122
1.9356859651863458
1.9332323975659074
1.9323650103137398
1.9331253792747791
1.9350537069098177
1.9335010553294292
1.9347714066224744
1.93248565454407
1.932895521388049
1.93500626242037
1.9338972862219126
1.933601339608882
1.9334533550118522
1.9331641870491776
1.9343207765252983
1.934952038754714
1.933829243434785
1.9334056661897352
1.9335332417896527
1.934400827171439
1.9346899873658043
1.93563183704052
1.9297518877747109
1.9294900130362609
1.9296379826687664
1.930175355609195
1.9291734586152387
1.9308675938077715
1.9306056829029816
1.9303097068020112
1.9295354712119932
1.9301002949599968
1.9288568326354836
1.9288294232520689
1.9288020138966078
1.929428452619759
1.9290913019979286
1.9293668984477297
1.9287608999222405
1.9287540534742529
1.9300184247878034
1.9287060918244168
1.9286992461836316
1.9295810206010897
1.9293121926817383
1.9290160031314423
1.9292506473714013
1.931821918239099
1.930799529142431
1.930403158984769
1.9305307330224772
1.930355446412193
1.9312639385847457
1.9317676577899983
1.9316332231142421
1.9312027732388763
1.9307382749955133
1.9304626098401165
1.9301664943606989
1.9317133974631786
1.930260036048438
1.9306770398564879
1.9303808683728734
1.9315517884725426
1.9312896573665914
1.931813980272459
1.9310872564987929
1.9324196333363213
1.9323993383387286
1.9299433850624064
1.9290751534395039
1.9298362874179535
1.9317665383411864
1.930212338302831
1.9314839565160307
1.9291959594200032
1.929606296975532
1.9317191013711008
1.9306089918895484
1.9303127708068732
1.9301646455451607
1.9298751961533809
1.9310329044990853
1.9316648785290988
1.930540956985004
1.930116971203186
1.9302446877759591
1.9311131105309938
1.9314025384495501
1.9323452177238474
1.9303314828556046
1.9300700908570136
1.9302177328645005
1.9307540488434332
1.9297541281167434
1.9314448807684905
1.931183524942483
1.9308881237281383
1.9301153694128317
1.9306790333723882
1.9294380777230107
1.9294106906850386
1.929383303662809
1.9300085726419522
1.929672030440408
1.9299470605907183
1.9293422231653736
1.9293353661309691
1.930597221836774
1.9292874434830614
1.929280595320144
1.9301606664889168
1.9298923832340245
1.9295967767350048
1.9298308879579928
1.9323972437597794
1.9313768716229314
1.9309813169277963
1.931108628205259
1.9309336352145594
1.9318403940975664
1.9323430275343325
1.9322088852240553
1.931779270606423
1.931315651330109
1.9310405284085759
1.9307449958911131
1.932288811382784
1.930838286413074
1.9312544419086588
1.9309588534081075
1.932127508887276
1.9318659090567731
1.932389129343087
1.9316638318144295
1.9329936455984642
1.9329733591337834
1.9305222350716336
1.9296557118391067
1.9304153191052464
1.9323417179499527
1.9307906193702713
1.9320597000263742
1.9297762282582558
1.9301856744672645
1.9322943114659812
1.93118644919799
1.9308907950348
1.9307429572631019
1.9304540773343881
1.9316095159227977
1.932240132575275
1.931118461416617
1.9306953054493259
1.9308227510768683
1.9316894734807462
1.931978348009315
1.9329192745279324
1.9302828893386008
1.9300214421588984
1.9301690998726575
1.9307055103645874
1.9297054150128605
1.9313964514302615
1.9311350608007025
1.9308396054795185
1.9300667032657322
1.9306304527922116
1.9293892956213805
1.929361894859059
1.9293344941090562
1.9299598908670632
1.929623273932361
1.929898345720872
1.9292933930135405
1.9292865279906484
1.9305485979758703
1.929238581299677
1.929231727423482
1.9301119624555951
1.929843636405645
1.9295479779467541
1.9297821102732229
1.9323489584690776
1.9313284082120745
1.9309327939125633
1.931060124289735
1.9308850860415492
1.9317920198363185
1.932294715071088
1.9321605569987432
1.9317308634592727
1.9312671527117997
1.9309919813138907
1.9306963968654842
1.9322404717334394
1.9307896848911918
1.93120590580179
1.9309102653353287
1.9320791376059165
1.9318174960969778
1.9323407884827066
1.9316153622491452
1.9329454266193824
1.932925127732622
1.930473571319715
1.9296068955693886
1.930366628344924
1.932293351038945
1.9307419916572923
1.9320112856968263
1.9297274185835065
1.930136913198492
1.9322459184932974
1.9311378789563682
1.9308421682601196
1.9306943033479183
1.9304053725514403
1.9315610168289907
1.932191712380705
1.9310698547557557
1.9306466230544086
1.9307740855771396
1.9316409629060214
1.931929892820252
1.932871013739376
1.9309119881618286
1.9306511252085092
1.9307984755005905
1.9313337145968739
1.930335800907302
1.9320231651738615
1.9317623289592372
1.9314675218303443
1.930696324533504
1.931258863023419
1.9300203912317082
1.929993063273824
1.9299657353332256
1.9305897407354926
1.9302538813742647
1.9305283624227825
1.9299247434611178
1.9299179033108156
1.931177229023001
1.9298700840557617
1.929863251714315
1.9307415517346882
1.9304738051123151
1.930178792107713
1.930412442513785
1.9329736268205222
1.9319553027356346
1.9315605376423748
1.9316875948212053
1.9315129598295082
1.932417891061264
1.9329195275534012
1.9327856509710126
1.932356900463844
1.9318942165898978
1.9316196460912962
1.9313247069124
1.9328654283662665
1.9314178188158915
1.9318331423428308
1.9315381473047908
1.932704451227578
1.9324433746378866
1.9329655535760204
1.9322417127991693
1.9335688489539853
1.93354860728855
1.9311024050844205
1.9302376216805195
1.930995707550366
1.932918245513125
1.9313702556605001
1.9326367928126478
1.9303579028407007
1.9307665378257153
1.9328709423550108
1.9317652963363734
1.9314702378609836
1.9313226974363373
1.931034397538458
1.932187515140568
1.9328168803733632
1.9316974562995126
1.931275150532334
1.93140234281541
1.9322673239006782
1.9325556163326885
1.9334946404052018
1.9316706134711368
1.931409555646734
1.931557047312
1.9320927241112502
1.9310939911437348
1.9327827640108586
1.9325216917105321
1.9322266476453853
1.931454843407716
1.9320178697901553
1.9307783504606058
1.9307510181666037
1.9307236858968377
1.9313481659859077
1.9310120631939385
1.9312867825294335
1.9306826875440202
1.930675855524691
1.931936227458684
1.9306280287384388
1.93062119993191
1.9315002004444821
1.931232225790926
1.9309369712624673
1.9311708535360348
1.9337340510621222
1.9327148907877034
1.932319782416428
1.9324469502516204
1.9322722016364757
1.9331778422940624
1.9336799432179659
1.933545941209454
1.9331168465853696
1.9326538041174361
1.9323790090678281
1.9320838283932833
1.9336258354813318
1.9321770547732966
1.932592733976989
1.9322974974484308
1.933464733190527
1.933203434148041
1.9337260808081544
1.9330016498936784
1.9343298384719878
1.9343095981622387
1.931861396331058
1.9309959053550974
1.93175462807495
1.9336787698782993
1.9321294887354863
1.9333970823977877
1.9311163145192882
1.9315253317486114
1.9336314638813519
1.9325248773306603
1.9322295865345283
1.9320819276571826
1.931793391914078
1.9329474483111333
1.9335773934663618
1.9324570312849525
1.932034382522269
1.932161690082628
1.9330273740998685
1.9333158932236927
1.9342556273404938
