1.901407175623239
1.9013975338108746
1.904147637732292
1.9051496024351708
1.9031463219313478
1.9041195985420998
1.9041134480402198
1.9037682586516986
1.9058106112159814
1.9074764784101763
1.903773719316474
1.9037648331191839
1.9067855762123485
1.905758262396636
1.907390660409197
1.9050706022183785
1.9037429506739258
1.9040669981881857
1.9037244965969657
1.9040635877883296
1.903397035474387
1.9033785681955668
1.907430506437278
1.9063902980404521
1.9057059748266427
1.9050114357882844
1.9040083210506653
1.9036903457153318
1.9040199405614395
1.9036835413233335
1.903996046077903
1.9032848560127764
1.9017244731110357
1.9017148396877304
1.9044623003614538
1.9054632993400769
1.9034619469820546
1.9044342863188752
1.9044281414179145
1.9040832842678932
1.9061236719357373
1.9077879342016815
1.90408873918467
1.90407986146708
1.9070976961820252
1.9060713704014873
1.907702193576139
1.9053843718349082
1.9040579985600994
1.9043817334756528
1.9040395612867915
1.9043783257933224
1.9037124154827767
1.9036939650191727
1.907742003707385
1.9067027943136665
1.9060191300556155
1.9053252581159856
1.9043231093763127
1.9040054411118332
1.9043347175310061
1.9039986421375195
1.9043108455793702
1.9036003401058492
1.901646808605515
1.9016371666566758
1.9043853052209976
1.9053865323353747
1.903384705106411
1.9043572716479418
1.9043511230559638
1.9040061840500284
1.9060470618446503
1.907711708209709
1.9040116368151072
1.90400275647841
1.9070213007339611
1.9059947261917134
1.9076259106619278
1.9053075628163634
1.9039808777165872
1.904304684510835
1.9039624293585524
1.9043012720640216
1.903635206905298
1.9036167453458335
1.9076657474273897
1.9066262761108093
1.9059424517275139
1.9052484054091785
1.9042460224267193
1.9039282859397673
1.9042576321287974
1.903921477429341
1.9042337512471663
1.9035230777158025
1.9021882441058926
1.9021785909918603
1.9049305450504548
1.9059331690695442
1.9039285556795327
1.904902477115079
1.9048963207722602
1.9045509016879418
1.9065946178288773
1.9082615849618463
1.9045563632873441
1.9045474707761458
1.9075702186230432
1.9065422171785675
1.9081756812167119
1.9058540980538825
1.9045255654175919
1.904849824672338
1.9045070938074389
1.9048464089054093
1.9041794155710148
1.9041609307439489
1.908215567216862
1.9071746546990624
1.9064898778072736
1.905794869028408
1.9047910896405158
1.9044729083408118
1.9048027159371734
1.9044660932169446
1.904778802997912
1.9040671401542206
1.9015321674806085
1.9015225227404722
1.9042716151783616
1.905273191518917
1.9032706677496911
1.9042435730147267
1.9042374224850382
1.9038923634595069
1.9059339508407076
1.9075991773977434
1.9038978184331663
1.9038889350528436
1.9069085302062312
1.9058815989384268
1.9075133533006232
1.9051941966257433
1.9038670496418382
1.9041909695512105
1.9038485954707742
1.9041875562743689
1.9035212590717272
1.9035027916953624
1.9075532023747575
1.906513370757872
1.9058293082474542
1.9051350213139855
1.9041322892301684
1.9038144415400278
1.9041439030808915
1.9038076313762418
1.9041200141848527
1.903409093325407
1.9013295111177175
1.90131986077982
1.9040706425918354
1.9050728354304687
1.9030690800557037
1.9040425838711659
1.9040364296782688
1.9036911584338332
1.905734001124895
1.907400252418204
1.903696616946911
1.903687728130514
1.9067091807642844
1.905681618186862
1.9073143774949854
1.9049937931998344
1.9036658298304137
1.9039899492233672
1.9036473646687266
1.903986534059028
1.9033198268969083
1.9033013485222277
1.9073542501572835
1.9063137798375944
1.9056292964985413
1.9049345830814777
1.9039312341010723
1.9036131905432654
1.90394285515923
1.903606376615155
1.9039189517456991
1.90320759362273
1.9014116019337133
1.901401942979299
1.90415209244385
1.9051540216925686
1.9031507602967688
1.9041240179374614
1.9041178613268133
1.9037726751481874
1.9058150247862546
1.9074808462925872
1.9037781262431028
1.9037692387146623
1.9067899349972957
1.90576261650714
1.9073949280825944
1.9050749579132797
1.9037473270153424
1.9040713578069826
1.9037288545815456
1.9040679365135225
1.9034013992733707
1.9033829136157328
1.90743482120403
1.906394580348307
1.905710269437687
1.9050157101219332
1.904012614735515
1.9036946621874897
1.9040242308019264
1.9036878359776486
1.9040003275263375
1.9032891457013672
1.901395326779259
1.9013856621209366
1.9041359723485392
1.9051379444153902
1.903134581738942
1.904107885654001
1.904101726865623
1.9037565232101041
1.905798981114963
1.9074648778237955
1.9037619717002288
1.9037530832939524
1.9067739268499366
1.905746552040635
1.907378924695747
1.9050588571746925
1.9037311615704327
1.9040552046189778
1.9037126825940662
1.9040517798459429
1.9033852115448167
1.9033667193372497
1.907418834201087
1.9063785279271956
1.9056941841672301
1.9049995815945644
1.90399643845446
1.903678475809732
1.9040080540993214
1.9036716426323455
1.9039841468854994
1.903272929545488
1.902489266439235
1.9024796160103539
1.9052290875843065
1.9062307886972714
1.9042280021724125
1.9052010326083952
1.905194879688765
1.9048497753660536
1.9068916348773415
1.9085570722845595
1.9048552286126663
1.904846343703332
1.90786633044536
1.9068392607169142
1.908471210996806
1.9061517669318242
1.9048244478588552
1.9051484067718008
1.9048059865097848
1.9051449902428237
1.9044786078508493
1.9044601332890723
1.9085110774840253
1.9074710985511654
1.906786947765789
1.9060925628287406
1.9050897016851083
1.9047718173595558
1.9051013162041355
1.9047650006858274
1.9050774218585413
1.9043664080914142
1.9022644104998987
1.9022547373463705
1.9050061622105932
1.9060085263217539
1.9040043658243957
1.9049780547373258
1.9049718918335068
1.904626550681499
1.9066698264397282
1.908336378543039
1.9046319987754141
1.904623106447678
1.9076451481748484
1.9066173603208443
1.9082503639475963
1.9059293902454846
1.904601168050774
1.9049253364713492
1.9045826767188083
1.9049219073887107
1.9042550759826908
1.9042365714082952
1.9082903021455122
1.9072495701531473
1.9065649554167134
1.9058700689720032
1.9048665289768552
1.904548445032236
1.9048781483488109
1.9045416032339433
1.9048542291823487
1.9041427289992137
1.9017592365751823
1.9017496059886678
1.9044967679078542
1.9054976635231338
1.90349652328042
1.904468760583477
1.9044626169835928
1.9041177963923053
1.9061579660634573
1.9078220550804699
1.9041232517337332
1.9041143751062373
1.907131891869217
1.9061056763897488
1.9077363341865328
1.9054187511595337
1.904092517620628
1.9044162196610608
1.9040740842540413
1.9044128134910783
1.9037469728393777
1.9037285262862214
1.9077761350966462
1.9067370403098183
1.9060534479020517
1.9053596523375473
1.9043576087808454
1.904039972103427
1.9043692160564594
1.904033176155283
1.9043453475852627
1.903634917261903
1.9007962131945668
1.9007865768738172
1.9035334628100335
1.904534237334889
1.9025333187614957
1.9035054445457598
1.9034992991925679
1.9031545167649615
1.9051944669763148
1.9068583599004632
1.9031599677461106
1.9031510915431342
1.9061682669488829
1.9051421594332614
1.9067726086336254
1.9044553083316103
1.903129224851865
1.903452885655867
1.903110786213581
1.9034494755514306
1.9027837120954703
1.902765260263353
1.906812423869284
1.9057734274598972
1.9050899130540107
1.9043961837259331
1.9033942550278036
1.9030766613310988
1.9034058597021561
1.9030698575002039
1.903381990315373
1.9026716392622518
1.9007348238435005
1.9007251847011244
1.9034725877648888
1.9044735476073658
1.902472255443679
1.9034445621582867
1.9034384152918074
1.9030935684851804
1.9051339005565198
1.9067981023772826
1.9030990199194215
1.903090141975174
1.9061078796481783
1.905081579689992
1.9067123291062615
1.9043946000516532
1.9030682694532635
1.9033919898790534
1.9030498262728217
1.9033885784897093
1.902722691246546
1.902704234868497
1.906752154592232
1.9057129616781503
1.9050293199963662
1.9043354595464943
1.9033333443592644
1.9030156925367907
1.9033449510025524
1.9030088861373289
1.9033210766240067
1.9026105930280839
1.9008760908553248
1.900866454489084
1.903612685306269
1.9046132139682905
1.9026127798198502
1.903584668914374
1.9035785241978163
1.9032338252310719
1.9052732838525381
1.9069367698336408
1.9032392735789883
1.903230399329543
1.9062468417894203
1.9052209806982872
1.9068510253845354
1.904534295197605
1.9032085338660854
1.9035321144300834
1.9031900971341098
1.9035287036433284
1.9028631025724405
1.9028446526467753
1.906890837532654
1.9058520868166822
1.9051687386876344
1.9044751735995642
1.9034734888198215
1.9031559747392441
1.9034850902246088
1.9031491695355396
1.903461225371794
1.9027510464965938
1.9000706096409894
1.9000609760205553
1.9028055978451401
1.9038055314181492
1.9018062782349245
1.902777591916204
1.9027714497739898
1.9024269542877028
1.904465211732704
1.9061277105787844
1.9024323977938067
1.9024235285415174
1.9054381871576875
1.9044129292165994
1.9060419994967492
1.9037266482542203
1.9024016709550546
1.902725058163924
1.9023832419424174
1.9027216475248792
1.902056440882982
1.9020379986806688
1.906081796248657
1.9050436515264044
1.9043607078013183
1.9036675475683877
1.9026664558083897
1.9023491325471282
1.9026780497949674
1.9023423276239746
1.902654197490529
1.901944438121331
1.9010358461768422
1.9010262097196184
1.90377113029874
1.904771167235093
1.902771701936559
1.9037431176516026
1.9037369742083123
1.9033924421632913
1.9054309176049837
1.907093589699996
1.903397885244743
1.9033890149023605
1.9064039914704953
1.9053786232283387
1.9070078588863557
1.9046922689295949
1.9033671518945263
1.903690571978516
1.903348718975168
1.9036871598271239
1.9030218835263815
1.9030034374136195
1.907047664859396
1.9060094055302539
1.9053263899548816
1.9046331533468266
1.9036319564038569
1.9033146015555342
1.9036435512695145
1.9033077936062113
1.9036196954846363
1.9029098609652777
1.8995513737170555
1.8995417683887017
1.9022823108028695
1.9032808009710493
1.9012844763158319
1.9022543751765766
1.902248247106183
1.90190425630867
1.9039395144702782
1.905599602588629
1.9019096996725662
1.901900844577107
1.9049111020971707
1.9038873578742508
1.905514100185538
1.9032020862771326
1.9018790432507071
1.9022019679750295
1.9018606564824612
1.902198571322264
1.9015343319106055
1.9015159319901942
1.9055537995802243
1.9045172104158912
1.9038352623217227
1.9031431395733878
1.9021435061737508
1.9018266314766403
1.9021550859202547
1.9018198545271687
1.9021312759768234
1.9014225550724368
1.90230581631279
1.9022961996979317
1.9050388106222875
1.9060380420609553
1.9040402230445657
1.9050108456266848
1.90500471150314
1.9046604631895436
1.9066972487911
1.9083585724959062
1.9046659083658108
1.9046570463052659
1.9076695528943528
1.9066450389011733
1.908272982076082
1.9059592531573042
1.9046352216562992
1.9049583848677762
1.9046168167194244
1.904954983075378
1.904290248514909
1.90427183041077
1.9083127224720169
1.907275347288906
1.9065928900911446
1.9059002428556335
1.9048998634995946
1.9045827562994055
1.904911451121838
1.904575969075667
1.9048876212113584
1.9041783701357666
1.9015084726756812
1.9014988616585842
1.9042397832088145
1.905238398149404
1.903241810738554
1.9042118347702448
1.9042057043099099
1.9038616682152172
1.9058971985069124
1.9075574974754455
1.9038671098520663
1.9038582532275954
1.9068689023362992
1.9058450196527383
1.9074719578817199
1.9051596565832136
1.9038364414677242
1.9041594051956192
1.9038180475214723
1.9041560052907187
1.9034916806897277
1.9034732735839044
1.9075116746894911
1.9064749382091846
1.9057929018400577
1.9051006810881426
1.9041009186286906
1.9037840072961676
1.904112499043499
1.903777223836754
1.9040886836505118
1.9033798698384434
1.9022281518072688
1.9022185266668763
1.9049618154818317
1.905961275056253
1.903962981168922
1.9049338309557513
1.9049276931411887
1.9045833629716775
1.9066206387000137
1.9082823465039336
1.904588805996247
1.9045799413165956
1.9075931574462885
1.9065683946913987
1.9081966991618708
1.9058824441387594
1.904558100812787
1.9048813359029586
1.9045396847911853
1.9048779293460771
1.9042130399374304
1.9041946107374306
1.9082364661920226
1.9071988290860482
1.9065162117630436
1.9058233901488266
1.9048227765500008
1.9045056011273396
1.9048343657196292
1.9044988043674884
1.9048105268791535
1.9041011077457197
1.902193388343122
1.90218376036594
1.9049273479354307
1.905926910873196
1.9039284048705571
1.9048993566911496
1.9048932175755109
1.9045488508472663
1.9065863445722935
1.908248225625146
1.9045542934471846
1.9045454276774387
1.9075589617590967
1.906534088703138
1.9081625585514774
1.9058480648141343
1.9045235817522583
1.9048468497175508
1.9045051618239357
1.9048434416483215
1.9041784825808297
1.9041600494703816
1.908202334802761
1.907164583089897
1.906481893916607
1.905788995927265
1.904788277145468
1.9044710701357457
1.9047998671941755
1.9044642703497254
1.9047760248732615
1.9040665305896662
1.9011260745700653
1.901116432348279
1.903860640198409
1.904860392135783
1.9028614714565382
1.9038326178596277
1.903826473087452
1.9034820348466872
1.9055199631019897
1.9071821678087744
1.9034874718123727
1.9034786031968627
1.9064927497771857
1.9054676537818684
1.9070964111673885
1.904781484012334
1.9034567318019102
1.9037800571561334
1.9034382948817272
1.903776640615407
1.9031115497671207
1.9030930996463666
1.9071362294076135
1.9060982322515223
1.905415405529256
1.9047223446509667
1.9037214251788264
1.903404166388637
1.9037330152635126
1.9033973496413554
1.9037091615856938
1.9029995211218544
1.9014722111000195
1.9014625686811029
1.9042039376820954
1.905202624213855
1.9032058027094072
1.9041759234569562
1.9041697814435268
1.9038257048664966
1.905861502898957
1.907521944185877
1.9038311304215092
1.903822270271301
1.9068332407528485
1.9058092125969797
1.9074362170879993
1.905123760431646
1.9038004041968652
1.9041233818444046
1.9037819755373533
1.9041199623469625
1.9034555751673257
1.9034371333078626
1.907476021948886
1.90643908946426
1.9057569832749586
1.9050646341033688
1.9040647716109034
1.9037478578239324
1.9040763475274738
1.9037410351278106
1.904052513496852
1.9033436191373365
1.9020994486831464
1.9020898064765224
1.9048342326996637
1.905834066591315
1.903834984437086
1.904806209736756
1.9048000647523693
1.9044555986913174
1.9064936908099157
1.9081560311643817
1.9044610365347467
1.9044521672680597
1.9074665581636736
1.9064413800268596
1.9080702722504181
1.9057551550570022
1.9044302954638361
1.9047536475647282
1.904411857908217
1.904750231251441
1.9040850862747971
1.9040666355185594
1.908110091519823
1.9070720124659273
1.906389130318048
1.905696014693089
1.90469501391482
1.9043777285859222
1.9047066050893617
1.9043709122962438
1.90468274990022
1.9039730520437403
1.9010239973328624
1.9010143380296802
1.9037594649149872
1.9047595092153122
1.9027599617441537
1.903731404763504
1.9037252530337152
1.9033807067216968
1.905419287503966
1.9070819891136153
1.9033861376284982
1.9033772650771292
1.9063923421080835
1.9053669128723374
1.906996123172906
1.9046805238859088
1.9033553627910331
1.9036787784093083
1.9033369049722686
1.9036753518847367
1.903010059596811
1.9029915885553028
1.9070359926232043
1.9059976354169967
1.9053145992954688
1.9046212991531062
1.9036200738076519
1.903302731649935
1.9036316648073963
1.9032958949152232
1.9036077962922326
1.9028979344979893
1.9009707455590235
1.9009610862861688
1.903706649917497
1.9047068581263777
1.9027069877052505
1.9036785885177614
1.9036724363635495
1.9033278344109568
1.9053667429198171
1.9070297158248304
1.9033332670732461
1.9033243932195232
1.9063399588810583
1.90531436536232
1.9069438453389655
1.9046278659752454
1.9033024901148858
1.9036259592264972
1.9032840310252497
1.903622533156805
1.9029571326121637
1.902938660299688
1.9069837168476238
1.9059451958458062
1.9052620488730532
1.9045686392373518
1.9035672512796395
1.9032498560445048
1.9035788444590946
1.9032430202249992
1.903554972921285
1.9028449963417613
1.9007540271969143
1.9007443480513666
1.9034917845914383
1.9044926343894495
1.9024914406361468
1.9034636767884223
1.9034575157388869
1.9031126856954437
1.9051529563178495
1.906817006317705
1.9031181145074312
1.9031092336742241
1.9061267806842266
1.9051004971995027
1.9067309999831794
1.9044135396581996
1.9030872930292604
1.9034109655200486
1.9030688072280124
1.9034075286364818
1.9027416946082831
1.9027231955581534
1.9067709350105824
1.9057316936583437
1.9050480991592058
1.9043542096442994
1.9033521667119138
1.9030345769060637
1.9033637649550725
1.9030277194457665
1.9033398705655111
1.9026294253275007
1.9016393860720093
1.9016297041351624
1.904378094548803
1.9053792935729916
1.9033774032794266
1.9043499781552053
1.9043438151679604
1.9039988651049222
1.906039845313906
1.9077044755057389
1.9040042961254906
1.903995412248657
1.9070140101564963
1.9059873699462158
1.9076184426218759
1.905300173467579
1.9039734649545106
1.9042972505604239
1.903954973340233
1.9042938128468283
1.9036277467747111
1.9036092419076822
1.9076583899579505
1.9066187883054075
1.9059349556791456
1.9052408255491062
1.904238433515363
1.9039207325063252
1.9042500359071663
1.9039138733926675
1.9042261335031976
1.903515440937105
1.9008849434762747
1.9008752728259328
1.9036215947293853
1.9046220524830864
1.9026216565506933
1.903593507705098
1.903587350771003
1.9032426582240496
1.9052821109930846
1.9069455055984623
1.9032480874322462
1.9032392105204996
1.9062555593593153
1.9052296889192941
1.9068595607313312
1.9045430065874074
1.9032172865489188
1.9035408336676771
1.9031988131032704
1.9035374010937145
1.902871830170408
1.902853343487107
1.9068994670661579
1.9058606514323926
1.9051773279097228
1.90448372226686
1.9034820761895188
1.9031646076835598
1.903493670705583
1.9031577588441688
1.9034697882686629
1.902759625873775
1.902404897326963
1.9023952406634412
1.9051372299450737
1.9061361054764403
1.9041388692953878
1.905109184625434
1.9051030369554676
1.904758888865917
1.9067951214286532
1.9084558863695056
1.9047643087866977
1.9047554457907245
1.9077670287709378
1.9067427776757098
1.90837006970391
1.9060571796298458
1.9047335542465167
1.9050565892829878
1.9047151085951435
1.9050531613140482
1.904388642353616
1.9043701834838485
1.9084099165537383
1.9073727386258852
1.9066904948876078
1.9059979828270701
1.9049979196442617
1.9046809540768241
1.9050094955968109
1.9046741144194412
1.9049856502092841
1.9042766096695245
1.9022695547371282
1.90225990672045
1.905002965095569
1.9060022681254065
1.9040042150154193
1.9049749343133955
1.9049687886367577
1.9046244998408228
1.9066615531831441
1.9083230192063378
1.9046299289352535
1.9046210633489706
1.9076338913109017
1.906609231845415
1.9082372412823614
1.9059233570057363
1.9045991843854404
1.904922361516561
1.9045807447353054
1.9049189401316224
1.9042541429925064
1.9042356901347282
1.9082770697314118
1.9072394985439818
1.9065569715260462
1.90586419587086
1.9048637164818074
1.9045466068271704
1.9048752996058131
1.9045397803667246
1.904851451057698
1.9041421194346595
1.90116305118945
1.901153403233428
1.9038973351005886
1.9048969659475383
1.902898266937614
1.9038693018219104
1.903863155296427
1.9035187552193433
1.9055564640148468
1.907218472628768
1.9035241878247502
1.9035153196337595
1.9065291248568519
1.9055041368253811
1.9071326856144815
1.9048180411844104
1.903493439033147
1.90381672315094
1.9034749968412668
1.903813302675759
1.9031482890232132
1.9031298336234983
1.907172518180251
1.9061346194016007
1.9054518706812145
1.904758876039352
1.9037580714257838
1.9034408556163096
1.9037696589092095
1.9034340309862767
1.9037458043158033
1.9030362431222037
1.901492912564949
1.9014832587078896
1.904224512488964
1.9052231207484311
1.903226419632656
1.9041964751357783
1.9041903291913107
1.903846273301069
1.9058819601405224
1.9075422805370796
1.9038516918910122
1.9038428312874884
1.9068536076851552
1.9058296311739882
1.9074564881482443
1.9051442168651347
1.9038209459831923
1.9041438946512064
1.9038025055094128
1.9041404677397358
1.903476126694864
1.9034576730065116
1.9074963237185807
1.9064594241932271
1.9057773631564607
1.905085036964386
1.9040852415768068
1.9037683606738478
1.9040968144705661
1.9037615231274287
1.9040729755861239
1.9033641249818063
1.90214527792348
1.90213559569852
1.90487983702496
1.9058794789178664
1.9038806566490052
1.9048517324897625
1.9048455735345313
1.904501152056951
1.9065390188633196
1.9082010717491964
1.9045065664003824
1.9044976948959131
1.9075116508132341
1.9064865712913794
1.9081150820443065
1.9058004236188804
1.9044757553779068
1.9047990327971278
1.9044572758369172
1.9047955907621792
1.9041305531288573
1.9041120603360226
1.9081550098259639
1.907116964231716
1.9064341846920956
1.905741094748771
1.9047402475314756
1.904423050757911
1.9047518292160326
1.9044161829497939
1.904727955527198
1.9040183534212707
1.901022499221347
1.9010128113531355
1.9037580869346686
1.9047580994628195
1.9027585300133725
1.9037299677148172
1.90372380573301
1.903379255497388
1.9054178860237305
1.9070805567028355
1.9033846707470043
1.9033757957599924
1.906390876211825
1.9053654118048406
1.9069945229895795
1.9046790070589665
1.9033538445807032
1.9036772412435017
1.903335355955399
1.9036737966387367
1.9030085114310091
1.9029900095463106
1.9070344712718603
1.9059960326682237
1.905312998576807
1.9046196463898941
1.9036184261943976
1.9033011131692927
1.9036300118168248
1.9032942402240436
1.9036061281444658
1.9028962609529358
1.9011800413876265
1.9011703619994578
1.9039143045713605
1.9049138431009232
1.9029152329473706
1.903886206754365
1.903880049100209
1.9035356641813632
1.9055733129910404
1.9072351926279854
1.9035410789494451
1.9035322085350708
1.906545846500426
1.9055208772796404
1.9071492226547004
1.904834802943506
1.9035102744384356
1.9038335189825357
1.9034917988041675
1.9038300784599353
1.9031651104854577
1.9031466216030717
1.9071891412152258
1.906151210227867
1.9054685025385323
1.904775488970332
1.903774746936009
1.9034575817495047
1.9037863277414862
1.9034507169675574
1.9037624575330911
1.9030529305773243
1.9011556286559446
1.901145940711914
1.9038901244283941
1.9048897271851548
1.90289096511063
1.9038620083291744
1.9038558474084237
1.9035114362742376
1.9055492474841025
1.9072112399247978
1.9035168471351338
1.9035079754040067
1.9065218342793873
1.9054967805798835
1.9071252175744293
1.9048106518356251
1.9034860262710704
1.9038092892005287
1.9034675408229473
1.903805843458566
1.903140828892626
1.9031223301853468
1.907165160710811
1.9061271315961994
1.9054443746328464
1.9047512961792794
1.9037504825144276
1.9034333021828687
1.9037620626875786
1.903426426949603
1.9037381865718346
1.9030286063435058
1.901319095244214
1.9013094272032054
1.9040521747569616
1.905051299833149
1.903053538140831
1.9040241038127708
1.9040179513629214
1.9036737126790104
1.905710489501921
1.907371676143138
1.9036791291456971
1.9036702630917008
1.9066826292491945
1.9056581012326834
1.9072857850962757
1.904972320242008
1.90364835068055
1.9039714637241667
1.9036298906731657
1.9039680292509578
1.9033033399118606
1.9032848666712674
1.907325666772272
1.9062881942124716
1.905605773924278
1.9049130658565783
1.9039127445541415
1.9035957057158788
1.903924321843299
1.9035888530386116
1.9039004655566614
1.9031912392015382
1.899889372669782
1.8998797642923448
1.9026175482389005
1.903614994410532
1.901620718289788
1.9025896146321746
1.9025834882316621
1.9022398503594375
1.9042730324315993
1.9059313947313363
1.9022452810102652
1.9022364339411906
1.905243588999154
1.9042208844561102
1.9058459044127243
1.903536312327151
1.9022146329232077
1.9025372160692982
1.9021962511443473
1.90253381472003
1.901870263446533
1.9018518685124493
1.9058855986200252
1.9048500414180725
1.9041687974321961
1.9034773647621055
1.9024787644653012
1.9021622297230567
1.9024903298329132
1.9021554433409722
1.9024665375675627
1.901758545009979
1.8997192666158
1.8997096640484175
1.9024488158429957
1.9034467928764414
1.9014514877114543
1.902420890055535
1.902414764347274
1.9020709492099317
1.9041051700583704
1.90576440668938
1.9020763886097587
1.9020675378602796
1.9050762558519256
1.9040530326375547
1.905678935380781
1.9033681103784166
1.9020457440016032
1.9023685021174648
1.9020273643172587
1.902365105839849
1.9017012067288235
1.9016828138962807
1.9057186204084369
1.904682555340018
1.9040009562241982
1.9033091835843345
1.9023100618983135
1.9019933514818093
1.9023216353164623
1.9019865752704912
1.9022978364100847
1.9015894776190603
1.899776944700114
1.899767324960353
1.9025060855520437
1.9035038632227732
1.9015089001157794
1.9024781256966399
1.9024719943040331
1.9021282380171607
1.904162128212793
1.905821047860576
1.9021336660916393
1.9021248153133634
1.9051329978638978
1.9041099342580756
1.9057354808881193
1.9034251239839808
1.9021029930191669
1.9024256809190725
1.9020845962488588
1.9024222732929736
1.9017584975124537
1.9017400875720611
1.9057752109507688
1.9047392772190634
1.9040578012576586
1.9033661178337373
1.9023671781111742
1.9020505435593973
1.902378745905251
1.9020437446150302
1.9023549412294665
1.9016467054638788
1.9006645167304461
1.9006548856283616
1.9033946228651875
1.9043927320350147
1.9023970819417708
1.9033666367611055
1.903360500376404
1.9030166256748833
1.9050512239939867
1.9067107009898154
1.9030220511730132
1.9030131966855368
1.906022406728642
1.9049989840600403
1.906625057363514
1.9043139356408108
1.9029913531151263
1.9033141457688465
1.9029729413533705
1.9033107318659173
1.9026467315783748
1.9026283066316731
1.9066648232815127
1.9056285130200545
1.9049468050831206
1.9042548709053686
1.9032555917570475
1.902938857395737
1.9032671619775887
1.9029320458890882
1.9032433448913697
1.902534865917779
1.9027421812359675
1.9027325586594162
1.9054716180056437
1.906469499039717
1.9044743238174144
1.9054436514320383
1.9054375187383548
1.9050937258927483
1.907127834085073
1.9087869269817876
1.905099153542576
1.9050903016742056
1.9080988021767056
1.9070756282698147
1.9087013402777253
1.9063907446593553
1.9050684739586385
1.9053911947336646
1.9050500732816091
1.905387785595218
1.9047239401558536
1.9047055263050123
1.9087410795615078
1.9077050312229131
1.9070234834112216
1.906331723612176
1.9053326787066414
1.905016012567804
1.9053442473797986
1.9050092105972667
1.9053204392235734
1.904612128307826
1.9005683639152329
1.900558727154732
1.9032992802736417
1.9042976781244347
1.9023014423255897
1.9032712801090312
1.903265140909965
1.90292116527069
1.9049563634464723
1.9066163225878463
1.9029265907972612
1.9029177334784184
1.9059278237407453
1.90490409832851
1.906530637225757
1.904218848036229
1.9028958786559955
1.9032187638066258
1.9028774584453616
1.9032153471064401
1.9025511533728505
1.902532719969768
1.9065704226151992
1.9055338012421574
1.9048518941790398
1.9041597525043685
1.9031601816839758
1.9028433576098351
1.9031717547525313
1.9028365405084497
1.9031479291941107
1.9024392425275576
1.9017281192367492
1.9017184823852664
1.9044577252661121
1.9054556313912376
1.903460364442298
1.9044297288462595
1.9044235909204612
1.9040797822029099
1.906113997198918
1.9077731424542013
1.9040852024630164
1.9040763490512362
1.9070849734218205
1.9060617408585616
1.907687470727577
1.905376821768219
1.9040544966844366
1.9043772213550583
1.9040360802864202
1.9043738032902349
1.9037099343267911
1.9036915047366125
1.9077272499419404
1.9066911199557284
1.9060095454462869
1.9053177322516315
1.9043186492680118
1.9040019844261247
1.9043302157974367
1.903995164579121
1.9043063993069533
1.9035980569962416
1.900799859320281
1.9007902195713524
1.9035288877146919
1.9045265693860494
1.9025317362217389
1.9035008870731436
1.9034947486951141
1.9031510146999775
1.9051847922394958
1.9068435681529836
1.903156431024457
1.9031475791272905
1.9061555441886784
1.9051325298903354
1.9067578857850631
1.9044477582649202
1.903125722976202
1.9034483735352727
1.903107305213209
1.9034449530483433
1.902781230939484
1.9027627999807932
1.9067976701038394
1.9057617531019584
1.9050803284446822
1.9043886578615776
1.903389794919502
1.9030732046453918
1.9034013579685867
1.9030663799418053
1.9033775440429554
1.902669356152644
1.9003974776764903
1.9003878604399151
1.9031215180708363
1.9041173893841055
1.9021261908420772
1.9030935786644128
1.9030874532415298
1.902744345559711
1.9047744127661497
1.9064301749159995
1.9027497547484715
1.9027409193861853
1.905743409048365
1.904722262856525
1.9063446776718544
1.9040387403259031
1.9027191115173114
1.9030411781154006
1.9027007326333212
1.9030377669979777
1.9023752517001704
1.9023568596508726
1.9063843758714147
1.905350358498309
1.9046701737506688
1.9039797711285942
1.9029827253238385
1.9026667062107212
1.9029942682620236
1.9026599002252558
1.9029705003157806
1.9022636023384403
1.9001985325803517
1.9001889297400198
1.902924150820407
1.9039206526768488
1.9019282540615818
1.9028962362672204
1.9028901143787624
1.902546800006591
1.9045780713157097
1.9062348662884454
1.9025522236070243
1.9025433845787323
1.9055477048951504
1.9045259602277091
1.9061494358862425
1.9038420315743867
1.9025215980869261
1.9028438747627634
1.9025032298404339
1.9028404743912337
1.9021775495906457
1.902159168196814
1.9061891023886606
1.9051545114807316
1.904473910025941
1.9037831228261222
1.902785464650421
1.9024692319306797
1.9027970184511778
1.9024624474825065
1.902773246748611
1.9020659210251123
1.9001534183837399
1.9001438184256898
1.9028793958705723
1.9038760402265043
1.901883369301592
1.9028514861632073
1.9028453649391923
1.9025020036648923
1.9045335485672066
1.9061905772340564
1.90250743032321
1.902498590431481
1.9055033257418053
1.9044814449509446
1.906105159745726
1.903797424033017
1.902476808133234
1.9027991321739548
1.902458441887154
1.902795733997092
1.902132716470276
1.9021143370804408
1.9061448201145512
1.9051100981200972
1.9044294022387531
1.9037385271740523
1.902740730262936
1.9024244495141285
1.9027522864541786
1.9024176694649344
1.9027285136980825
1.9020210909468238
1.904080180188694
1.9040705545630594
1.9068068554416748
1.9078036924792001
1.9058105657913702
1.906778890887637
1.9067727598638349
1.9064293199435165
1.9084613520463944
1.910118719124495
1.9064347348802755
1.9064258910382894
1.909431289078689
1.9084091548516742
1.9100331445049128
1.9077249707093733
1.9064040636311388
1.9067264428279334
1.9063856679434956
1.9067230289929842
1.9060598716917807
1.906041462827267
1.9100728786013088
1.9090378622250948
1.9083570185216963
1.9076659488008938
1.9066679369981916
1.9063516108142204
1.906679491292457
1.9063447994110705
1.9066557008143132
1.9059481182453681
1.9030128664156372
1.9030032265453976
1.9057401477046525
1.906737173741786
1.9047436323773508
1.9057121520561147
1.9057060153757752
1.905362503942937
1.9073949705760904
1.9090526613081233
1.9053679132454644
1.9053590665577136
1.908365077096778
1.9073427199304036
1.9089669971208238
1.9066583899075733
1.9053372136807896
1.9056596502665162
1.9053188010012865
1.9056562279600693
1.9049929388780715
1.9049745130032527
1.9090067732061609
1.9079715113867197
1.9072905301343452
1.906599297524595
1.9056010850315497
1.9052847070671124
1.9056126393617938
1.9052778787027007
1.905588837526745
1.904881108777556
1.9011459958502344
1.9011363559041763
1.903872185198378
1.904868801464121
1.9028760674746084
1.9038441926704717
1.9038380570511888
1.9034946847197871
1.905526332036463
1.9071833445300868
1.9035000896335939
1.9034912462017284
1.906496035164341
1.905474088705447
1.9070976917056741
1.904790034684232
1.9034693953711572
1.9037916982235434
1.903450985868835
1.9037882747798993
1.9031252563396894
1.9031068336422898
1.907137462645112
1.9061026103146952
1.9054219061903848
1.90473094731398
1.9037331413515792
1.9034168960806868
1.903744690232548
1.9034100654282604
1.903720895954114
1.903013454168126
1.9003405146358985
1.9003308774356473
1.903065097737249
1.9040611189139802
1.9020695658896822
1.9030371156723016
1.9030309826273626
1.9026878137764178
1.9047182599166288
1.9063742852752295
1.9026932138484114
1.902684375413703
1.9056873805326078
1.904666037223759
1.906288665817888
1.9039823877408475
1.9026625324601263
1.9029846419573846
1.9026441306771424
1.9029812186614492
1.9023185946502301
1.9023001796761823
1.906328421361115
1.905294175024418
1.904613875304069
1.9039233212828042
1.902926108340148
1.9026100538885709
1.9029376498029065
1.902603223516695
1.9029138680728483
1.9022068457928631
1.9012976135945248
1.9012879707055288
1.9040225701431934
1.9050187160923346
1.903026900312404
1.9039945752659702
1.9039884398310896
1.9036452256829646
1.9056759439532636
1.9073321801620453
1.9036506240279119
1.903641784064191
1.9066451807717364
1.905623699002246
1.9072465235140703
1.9049399580469282
1.9036199306771433
1.903942079177974
1.9036015217161526
1.9039386526299042
1.903275943429353
1.9032575212698923
1.9072862964703814
1.906251902817711
1.9055715148224037
1.9048808627975586
1.9038835207950877
1.9035674297080984
1.9038950629261506
1.9035605928262802
1.9038712757465373
1.90316416055887
1.9013856288325104
1.9013759887499775
1.9041098526870839
1.9051057313643254
1.903114450649672
1.9040818657763146
1.9040757320669328
1.9037326101181162
1.9057627826651324
1.9074185743296188
1.9037380071322265
1.9037291695609544
1.9067317596859532
1.905710552500524
1.9073329419584046
1.9050269952822174
1.9037073224138188
1.9040293845461933
1.9036889186304222
1.9040259590555917
1.9033634277706002
1.9033450107925562
1.907372703635224
1.9063385883850525
1.9056583830912563
1.904967916934874
1.9039708427276325
1.9036548363051222
1.9039823817999058
1.9036480015342678
1.9039586011233776
1.9032516758711517
1.9019248511776508
1.9019152085009499
1.9046528651607622
1.9056501584697956
1.903656082040083
1.90462486154577
1.9046187231399323
1.9042751195077856
1.9063081318642217
1.90796626714055
1.9042805301411494
1.9042716810609506
1.9072784981825612
1.906255866432126
1.9078805786764903
1.9055713526722853
1.9042498219441149
1.9045723448982976
1.9042314040870176
1.9045689215343817
1.9039054545368246
1.903887023480589
1.9079203660413193
1.9068848258193782
1.9062036618654932
1.9055122433872795
1.9045137630990048
1.904197300470088
1.9045253204880386
1.9041904699947134
1.9045015121499052
1.9037935934652739
1.9006075536898546
1.9005979026240931
1.9033382025315997
1.904336461564889
1.902340456989376
1.9033101737689946
1.9033040297622368
1.9029600938915907
1.9049950711444659
1.906654811349045
1.9029655102729535
1.9029566527130541
1.9059663782128853
1.9049427584272745
1.9065690455095483
1.904257583055755
1.9029347740579408
1.9032576096108305
1.9029163393971915
1.903254183529389
1.902590074528435
1.9025716266569828
1.9066088687712126
1.9055723295461633
1.904890506636521
1.904198421059578
1.9031989747733573
1.902882205073587
1.9032105435184716
1.9028753691805278
1.9031867126484376
1.9024781093722019
1.9026489566197133
1.9026392826776664
1.905379352145337
1.9063774546340422
1.9043816908358726
1.9053512771266383
1.905345125257805
1.9050012307607358
1.907035985627596
1.9086954840514492
1.9050066332119595
1.904997774745429
1.9080071120774975
1.9069835955812906
1.9086095876300386
1.9062984959227316
1.9049758576305944
1.9052986352244337
1.904957399341311
1.9052951943149334
1.9046311775835107
1.9046127060542806
1.9086494723106018
1.907612999004097
1.9069312663995235
1.9062392267816117
1.905239914705164
1.9049232107734175
1.9052514774046556
1.9049163451797635
1.9052276368269814
1.9045191210611414
1.9016326814652584
1.9016230018193052
1.9043632320500266
1.9053613773568634
1.903365512278046
1.9043351448431785
1.9043289907966148
1.9039850788226522
1.9060199419563049
1.907679515582658
1.903990478669085
1.90398161932472
1.9069911039301386
1.905967531114786
1.9075935842431913
1.9052823951841447
1.9039596921856847
1.9042824820364292
1.9039412273538314
1.9042790376473546
1.9036149898549568
1.903596511775798
1.907633485307659
1.9065969465829857
1.9059151811290667
1.905223098254243
1.9042237384241103
1.9039070243956602
1.904235300702051
1.9039001518344605
1.9042114561861438
1.903502904905262
1.9017451094349263
1.9017354411512961
1.9044746947368838
1.9054725085446227
1.9034773304520547
1.9044466337787134
1.9044404847242442
1.904096691164929
1.9061308461751112
1.9077898624534189
1.9041020935877113
1.9040932379525477
1.907101695065395
1.9060784813128213
1.9077040077677965
1.9053935835273146
1.9040713320897256
1.9043940171866545
1.9040528822493201
1.9043905790744113
1.9037267557890358
1.9037082927161857
1.9077438729769154
1.9067077107819943
1.9060261773036047
1.9053343451826115
1.9043353247782369
1.9040187105593198
1.904346884629713
1.9040118505604022
1.9043230525242407
1.9036147444513625
1.900634894620496
1.9006252064035163
1.9033654594058056
1.904363586985562
1.902367731460757
1.9033373545408596
1.9033311974399112
1.902987287070896
1.9050221487414416
1.9066816995238638
1.9029926821324
1.902983822122459
1.9059932833226125
1.9049697081700379
1.9065957180798898
1.9042845730315956
1.9029618803563928
1.9032846618458272
1.9029434063461215
1.9032812120099512
1.9026171717544482
1.9025986844858804
1.906635642691035
1.9055990877369129
1.9049173284345888
1.9042252354210667
1.9032258852665345
1.9029091826317388
1.903237445822294
1.9029022991616178
1.9032135969103612
1.9025050497495575
1.903205887089786
1.903196221400324
1.9059316822632053
1.906928081439152
1.9049356990616435
1.9059036380092573
1.9058974936512445
1.9055541817752597
1.9075854969760218
1.9092421696424873
1.9055595705787887
1.9055507264525509
1.9085549565687865
1.9075331673812195
1.9091563710497108
1.906849226137247
1.9055288325594295
1.9058510568345497
1.905510396792724
1.90584761659562
1.9051847290228117
1.9051662800281532
1.90919621057082
1.9081614733476688
1.907480898529367
1.9067900187302065
1.905792404406865
1.9054762463943544
1.9058039459415808
1.9054693820999562
1.9057801414977122
1.9050728268572399
1.9019699653742628
1.9019603198152797
1.904697620110597
1.9056947709201406
1.9037009668000724
1.904669611649783
1.9046634725795022
1.9043199158494835
1.9063526546127243
1.9080105561949396
1.9043253234249637
1.9043164752082016
1.9073228773359068
1.906300381708891
1.9079248548170062
1.9056159602136546
1.9042946118978066
1.9046170874871062
1.9042761920402973
1.9046136619285245
1.9039502876571943
1.9039318545969621
1.9079646483154282
1.9069292391800128
1.90624816965268
1.9055568390393491
1.9045584974864893
1.904242082886639
1.904570052485038
1.9042352480122862
1.904546245200434
1.9038384235435628
1.9029699653742627
1.902960319815279
1.9056976201105968
1.9066947709201394
1.9047009668000725
1.9056696116497829
1.9056634725795016
1.9053199158494833
1.9073526546127244
1.9090105561949395
1.9053253234249634
1.9053164752082012
1.9083228773359067
1.9073003817088905
1.9089248548170064
1.906615960213654
1.9052946118978062
1.9056170874871061
1.9052761920402965
1.9056136619285236
1.904950287657194
1.9049318545969622
1.9089646483154281
1.907929239180013
1.9072481696526802
1.9065568390393492
1.9055584974864892
1.9052420828866394
1.905570052485038
1.9052352480122856
1.9055462452004337
1.9048384235435625
1.9019374150653532
1.9019277580985552
1.9046653799199753
1.9056626163657826
1.9036686096844178
1.9046373470828626
1.9046312036571211
1.904287611973316
1.906320567270141
1.9079786192573567
1.9042930143392154
1.904284164366783
1.9072908610411883
1.9062682527758819
1.9078928480433117
1.90558375873648
1.9042622810079863
1.904584781111097
1.904243848065338
1.9045813485933651
1.9039179122000858
1.903899466039996
1.9079326743095424
1.9068971343377887
1.9062159991117662
1.9055245819846116
1.9045261449243804
1.9042097101311246
1.904537699079828
1.90420286132168
1.904513883918758
1.9038059912318042
1.9011489240491946
1.9011392383960561
1.9038752619296178
1.9048718109690264
1.9028790741092487
1.9038471750171468
1.9038410230370775
1.9034976499919671
1.9055293441265009
1.907186280001717
1.9035030296787285
1.903494182480069
1.9064989280530293
1.9054769417484536
1.9071003591957445
1.9047928735521908
1.9034722535022441
1.9037945206765339
1.9034537948365453
1.903791068259092
1.9031280719728711
1.903109600053463
1.9071402560605195
1.9061052898737778
1.9054246000827675
1.9047335688844163
1.903735787423175
1.9034195940722032
1.903747327482463
1.9034127053913956
1.9037235092547808
1.903016070311663
1.9021814743581036
1.902171800112781
1.9049075021202393
1.9059039655233843
1.9039114312249028
1.904879439584067
1.9048732919594586
1.9045299538681348
1.9065614314690846
1.9082182169392994
1.904535338764477
1.9045264933214874
1.9075309443477484
1.9065090706814625
1.9081323659694396
1.9058250750293657
1.9045045843920645
1.904826827052543
1.9044861388115046
1.904823381594251
1.9041604474299803
1.9041419886104285
1.9081722300664057
1.907137394716001
1.9064567706236815
1.905765825939154
1.9047681399852834
1.904451966827718
1.904779680887673
1.904445092082002
1.9047558705364562
1.9040485026234213
1.9021119474298098
1.9021022675109072
1.9048385670274384
1.905835237157271
1.9038422786281728
1.904810491054864
1.9048043408281032
1.904460929619311
1.9064928432136439
1.9081499751817232
1.9044663136663507
1.904457466043173
1.907462552973364
1.9064404587049402
1.9080640847486523
1.9057563163801157
1.9044355462710074
1.9047578546817274
1.904417092877006
1.9047544061987396
1.904091332716779
1.904072866076331
1.9081039672878826
1.9070689027236989
1.9063881349308083
1.9056970374960314
1.9046991411762175
1.9043829048445307
1.9047106838367664
1.9043760240464749
1.904686866524671
1.903979348311314
1.9011623332626952
1.9011526430277725
1.9039049869271703
1.904907643401283
1.9029028561120107
1.9038768416412013
1.9038706717797693
1.9035252225565074
1.9055691508417039
1.9072361998478788
1.9035306645915395
1.9035217683279437
1.9065447405057452
1.9055166194113131
1.9071500759531133
1.9048284301190592
1.9034997990398965
1.9038240577245242
1.9034812868093491
1.90382061865804
1.9031535858123807
1.9031350603172321
1.9071900653611031
1.9061489733186212
1.9054641491829256
1.9047690234741428
1.9037651776056799
1.9034470102935337
1.9037767978926947
1.90344014850781
1.9037528638888872
1.903041142375348
1.9011194322213212
1.9011097362976543
1.903862459333114
1.9048652405796371
1.9028601905347324
1.9038343012348693
1.9038281289834962
1.9034826344630538
1.9055268348783378
1.907194094734695
1.903488074771039
1.903479176978432
1.906502540744873
1.9054742811898002
1.9071079336492958
1.9047860004251396
1.9034571972569132
1.903781494945114
1.9034386778483594
1.9037780526264942
1.9031109345915032
1.9030924019109412
1.90714794047037
1.9061067011119146
1.9054217887012603
1.9047265649888967
1.9037225900606198
1.9034043861130616
1.9037342110159383
1.903397517817395
1.9037102715625762
1.902998457141355
1.9010232794061075
1.9010135778240247
1.9037671167415688
1.9047701866690572
1.9027645509185502
1.903738944582795
1.9037327695170576
1.9033871740588606
1.9054319743308228
1.9070997163327257
1.9033926143952873
1.9033837137713139
1.9064079577569764
1.9053793954582696
1.9070135135115385
1.904690912820557
1.903361722797782
1.9036861129828928
1.9033431949403508
1.9036826678670173
1.9030153563859784
1.902996815249036
1.9070535398040562
1.906011989334017
1.9053268777971797
1.9046314465878966
1.9036271799875475
1.903308886327159
1.9036388037908811
1.9033020124367566
1.9036148558653174
1.902902833751134
1.9005617215664878
1.9005520311041078
1.9033010994083468
1.9043025265682896
1.9023001614037833
1.9032729634842729
1.90326679680601
1.902921764887057
1.9049632352228203
1.9066282495137667
1.9029271937559273
1.9029183072599878
1.9059376147084328
1.9049107257364422
1.9065421597076644
1.904223364449034
1.902896344110999
1.9032202015956061
1.902877841411995
1.903216759117528
1.9025505381972332
1.9025320222343427
1.906582133677956
1.90554227010255
1.9048582773510443
1.9041639728422992
1.9031613465657689
1.9028435773342591
1.903172950504957
1.9028367086844888
1.9031490391709935
1.9024381785470583
1.9001889591496144
1.9001792688995278
1.9029313944259159
1.90393396894575
1.901929343131463
1.902903249764073
1.9028970801148526
1.9025516587118778
1.9045954231337785
1.9062623364922715
1.902557099869165
1.902548204256747
1.9055709321192575
1.9045428931663222
1.9061762148700836
1.903854759074391
1.9025262353779706
1.9028504673159299
1.902507723782859
1.9028470280220056
1.9021800493047047
1.9021615244450392
1.9062162032488936
1.9051751931042167
1.9044904243941336
1.9037953534320196
1.9027915888696858
1.9024734480962486
1.9028032080668449
1.9024665858529222
1.9027792755743616
1.9020676114534623
1.901234073346226
1.9012243802138575
1.9039761493757503
1.9049785813960947
1.9029742278914517
1.903947999868086
1.9039418295544221
1.9035964550535758
1.9056399458822817
1.9073066255466606
1.90360189315298
1.9035929984039979
1.9066153112726028
1.905587408443087
1.9072204910106003
1.9048993666157599
1.903571025331662
1.903895209904738
1.9035525117361385
1.903891768416147
1.903224882425074
1.9032063555614127
1.907260485523002
1.9062196064648513
1.905534932181321
1.9048399490840893
1.903836323257171
1.9035182305128002
1.9038479400638448
1.9035113638704944
1.9038240086248899
1.9031124415317506
1.9003834779352786
1.9003737904309994
1.9031243069647865
1.9041262863956094
1.9021228415465365
1.9030961727659035
1.9030900056910263
1.9027447877685093
1.9047873510139448
1.9064532772374143
1.902750224083983
1.9027413334687222
1.905762277487525
1.9047348416846344
1.906367188982298
1.9040471121310065
1.9027193724669396
1.9030434110497705
1.9027008685911668
1.9030399719035564
1.9023733876152462
1.9023548704789326
1.906407161964896
1.9053667578139388
1.9046823935078177
1.9039877274008434
1.902984555858255
1.9026666059041324
1.9029961676372036
1.9026597439413573
1.9029722476930964
1.9022610030781997
1.9014840570609668
1.9014743580730529
1.904224104267891
1.9052257595635869
1.9032229195281392
1.9041959488133398
1.9041897784440578
1.9038446646691913
1.9058866251317332
1.9075520235217942
1.9038500913863643
1.9038412022713185
1.9068612192603684
1.9058340815266683
1.9074658767934527
1.9051465554304894
1.9038192232674866
1.9041431526307884
1.9038007094837552
1.9041397053882267
1.9034733296197541
1.9034548025610034
1.907505877397961
1.9064657518996917
1.9057815990229425
1.9050871201354918
1.9040842596161758
1.903766422162193
1.9040958651027482
1.9037595439763104
1.9040719448387895
1.9033609161570113
1.9013901174009908
1.9013804041836353
1.9041309890321239
1.9051329152817058
1.9031294990946686
1.9041028018589456
1.9040966256209164
1.9037514125132429
1.9057939713693552
1.9074598290610305
1.9037568344739264
1.9037479418619394
1.9067688156649454
1.9057413728503891
1.9073735904923943
1.9050536456733576
1.9037259369790647
1.9040499504779655
1.9037074055680365
1.9040464949913458
1.9033799333137216
1.9033613886091816
1.9074136341150234
1.9063731812757216
1.9056888354243842
1.9049941389013159
1.9039909963855282
1.90367308061237
1.9040026029979342
1.903666185922829
1.9039786698657475
1.9032674376110854
1.9003390787823895
1.9003293570243367
1.9030804013904123
1.9040824738214712
1.9020787442384766
1.9030521953108843
1.903046015594048
1.9027007484507468
1.9047436335703436
1.906409739713451
1.9027061673819892
1.902697272802073
1.9057186118303946
1.904691002395624
1.9063234464951528
1.9040031656101453
1.902675252473626
1.9029993111045531
1.9026567106133074
1.902995850626011
1.9023291882285667
1.9023106330636494
1.906363515722819
1.9053228828584583
1.9046384323074903
1.9039436161523857
1.9029403206999411
1.9026223632430186
1.9029519277698759
1.902615458559763
1.9029279872190177
1.9022166442991528
1.9002614142768683
1.9002516839932817
1.9030034062499563
1.9040057068167684
1.9020015023628327
1.902975180639951
1.902968997232097
1.9026236482328818
1.9046670234792575
1.9063335137214787
1.9026290650124258
1.9026201678134034
1.9056422163823306
1.9046143581858501
1.906247163580942
1.9039263565916007
1.9025981316301142
1.902922262139735
1.9025795786850688
1.90291879689671
1.902251979651088
1.9022334133903103
1.9062872594428244
1.9052463646556006
1.9045617539793889
1.9038667634455784
1.9028632337503477
1.9025452080709526
1.9028748423676665
1.902538293851584
1.902850892886814
1.9021393819091064
1.9003619934025557
1.9003522516353353
1.9031032035530608
1.9041051799847466
1.9021015803444363
1.903074956687388
1.9030687699851292
1.9027235251335644
1.904766297597046
1.906432260005858
1.9027289323148069
1.9027200366159995
1.905741158155175
1.904713598027884
1.9063458513920974
1.9040257998910843
1.9026979824306616
1.9030220037207535
1.902679419577658
1.90301853038138
1.9023519216555964
1.9023333454723816
1.9063859748758893
1.9053453587413531
1.9046609594945143
1.9039661561802266
1.9029629375082684
1.902645024329013
1.9029745398332116
1.902638093886538
1.9029505900325072
1.9022392949879183
1.9002370015451855
1.9002272627057384
1.9029792261069902
1.9039815909010003
1.9019772345260926
1.902950982214761
1.9029447955403107
1.902599420325756
1.9046429579723199
1.9063095610182914
1.9026048331981147
1.9025959346823396
1.9056182041612917
1.904590261486093
1.9062231585006706
1.9039022054837194
1.9025738834627486
1.9028980323577285
1.9025553207038493
1.9028945618953406
1.9022276980582566
1.9022091219725858
1.9062632789384095
1.9052222860239332
1.904537626073703
1.9038425706545254
1.9028389693287662
1.902520928504316
1.9028505773137598
1.9025140038336297
1.902826621925557
1.9021150576752879
1.901077246223669
1.901067507475204
1.9038207811145196
1.9048236376341974
1.9028183124093832
1.9037925334775319
1.9037863455298145
1.903440803393536
1.9054853242198733
1.9071527411519364
1.9034462215323598
1.9034373191095215
1.9064610544802167
1.9054326189560418
1.9070663249988504
1.9047442317517291
1.9034152654343075
1.9037395748092953
1.9033966988627906
1.903736105711545
1.9030689171043158
1.9030503372057417
1.9071064516116685
1.9060649673103622
1.9053799748064555
1.9046845909072627
1.90368050174473
1.9033623016880263
1.9036921162688545
1.9033553797629583
1.9036681518127143
1.9029562432066038
1.9024071075991678
1.9023973629496653
1.9051479585028954
1.9061497924350912
1.9041464651044253
1.9051197067914005
1.9051135194246995
1.904768321475262
1.906810820345549
1.9084765490602473
1.904773725598622
1.904764830763251
1.90778553730852
1.906758113304649
1.9083901275326136
1.9060704074324537
1.904742772384353
1.9050667463095619
1.9047242075309376
1.9050632707755222
1.9043967547759661
1.9043781765887546
1.908430257149999
1.9073897721019872
1.9067054672817016
1.9060107518322966
1.9050076718957538
1.9046898067455644
1.905019271830211
1.9046828719041105
1.9049953230830354
1.9042841250662068
1.9022599161653533
1.9022501573167374
1.9050020282696385
1.906004297064276
1.9040000706320521
1.904973743591264
1.9049675499313925
1.904622197008573
1.9066656219990223
1.9083320813106988
1.9046275981309324
1.904618698496266
1.9076407504860726
1.9066128571183538
1.9082455633976148
1.9059248397646587
1.9045966134197845
1.9049207249739288
1.9045780296681996
1.90491724165071
1.9042504314852864
1.9042318343813178
1.908285738091481
1.9072447619068273
1.9065601532607275
1.9058651106823665
1.9048615861370939
1.9045435895903116
1.9048731893770954
1.9045366391604048
1.9048492247390467
1.904137708364053
1.9009877357572
1.9009780450521991
1.9037236193882683
1.9047237352797632
1.9027239537150074
1.903695493450216
1.903689330167332
1.903344743372976
1.9053835918960103
1.9070464358240464
1.9033501581979417
1.9033412821208344
1.906356680524633
1.9053311058165798
1.9069603823791854
1.9046446277343414
1.9033193255201748
1.903642755058094
1.9033008329881498
1.9036393089409807
1.9029739540744086
1.9029554482792614
1.907000339882599
1.9059617866720722
1.90527868073037
1.9045852521683324
1.9035839267898647
1.9032665821776997
1.9035955132913713
1.90325970620628
1.903571626138573
1.9028616837968821
1.9008546063226026
1.9008449156934206
1.9035915818945426
1.9045921075574272
1.90259151861775
1.9035634528358587
1.903557288491919
1.9032125625961263
1.905252230435638
1.9069157526020843
1.9032179818098118
1.9032091024768203
1.9062257224570698
1.9051997370415366
1.9068296877943347
1.9045129829576832
1.9031871438298076
1.9035107071010662
1.9031686481206012
1.9035072621211517
1.9028416366127916
1.902823127640224
1.906869650443648
1.9058306877440965
1.9051473046743308
1.9044536023789473
1.9034518704698349
1.9031343931641242
1.9034634624206166
1.9031275194807205
1.9034395677112042
1.9027293384063122
1.901678575846631
1.9016688796045236
1.9044170168067616
1.905418077013446
1.9034164179432138
1.9043888718151691
1.904382704020232
1.9040377937258226
1.9060785530119
1.907742964266938
1.9040432156011828
1.904034331483293
1.9070525646286356
1.90602603004498
1.9076568509056673
1.9053389084871053
1.9040123603564554
1.9043360963646287
1.903993854292063
1.904332649269777
1.9036666679302956
1.9036481485948968
1.9076968361139641
1.9066573166094138
1.9059735681366263
1.9052794941043159
1.9042772266047447
1.9039595799700768
1.9042888246731065
1.9039527020647458
1.9042649169575243
1.9035543077817487
1.9016149733403274
1.901605282847619
1.904353914405837
1.905355177657223
1.9033531354426863
1.9043257797300153
1.9043196134761744
1.9039746371977968
1.9060157798069686
1.9076805228025515
1.9039800643111788
1.9039711791175937
1.9069899979354574
1.905963273246459
1.9075944375416043
1.9052760223596974
1.9039492167871457
1.9042730207784169
1.9039307153590137
1.904269577845459
1.9036034651818794
1.9035849504899576
1.9076344094535358
1.9065947096737397
1.90591082777346
1.9052166327580533
1.9042141690937813
1.9038964529396891
1.9042257708532586
1.9038895833747131
1.9042018625419408
1.9034911167032857
1.901625324072792
1.9016156278610123
1.9043642018092715
1.9053654259245114
1.9033634439043106
1.9043360555694264
1.904329887350067
1.9039849214150828
1.9060260084277512
1.9076906909781524
1.9039903450459308
1.9039814596256872
1.9070001814016107
1.9059734825349632
1.9076045730717264
1.9052862505764416
1.9039594876803085
1.9042832771818174
1.903940980345043
1.9042798305418454
1.9036137409456484
1.9035952203392823
1.9076445603383834
1.906604877038223
1.9059210177142107
1.905226834188561
1.9042244040767329
1.9039067043646467
1.904236004324805
1.9038998273745218
1.9042120935865772
1.903501369625521
1.9009551854482907
1.9009454833354742
1.9036913791976469
1.9046915807254055
1.9026915965993532
1.9036632288832949
1.9036570612449508
1.9033124394968088
1.905351504553427
1.907014498886464
1.9033178491121927
1.9033089712794165
1.9063246642299148
1.9052989768835704
1.9069283756054898
1.9046124262571669
1.9032869946303541
1.9036104486820844
1.9032684890131901
1.9036069956058224
1.9029415786172996
1.902923059722295
1.9069683658767131
1.9059296818298488
1.9052465101894562
1.904552995113595
1.9035515742277562
1.9032342094221848
1.903563159886161
1.903227319515674
1.9035392648568976
1.9028292514851235
1.9018590326330775
1.9018493248618447
1.9045960366061008
1.905596526814825
1.9035959569831713
1.90456787223122
1.9045617017785124
1.904216979092615
1.9062566440059119
1.9079201204844949
1.9042223887364411
1.9042135080722977
1.907230081242017
1.9062040911520397
1.9078339554677326
1.9055173386525837
1.9041915201712238
1.9045150667198631
1.9041730061051811
1.9045116108463447
1.9038460004117743
1.9038274730603906
1.9078739652103995
1.9068349700519514
1.906151599285375
1.905457876712595
1.9044561641546838
1.9041387096362825
1.9044677526611038
1.9041318141350345
1.9044438491596387
1.903733628094903
1.9016667270026506
1.9016570079145856
1.904405351423009
1.9054064189936648
1.9034046777508078
1.904377158927071
1.904370982845635
1.904026058284228
1.9060669229108818
1.9077313636805566
1.9040314679849373
1.9040225816580625
1.9070409152662235
1.9060143196889794
1.9076451151922178
1.9053271634434186
1.9040005712529626
1.904324302795421
1.9039820402891636
1.9043208413273909
1.903654844000725
1.9036362997365799
1.9076851638777725
1.9066455464961567
1.9059617774772137
1.9052676399105952
1.904265344008539
1.903947710064478
1.9042769382109892
1.9039408033737573
1.9042530177651211
1.90354238131446
1.9017976432820107
1.9017879326891518
1.9045351615609556
1.9055358370873015
1.9035348936653544
1.9045069898437474
1.9045008178777516
1.904156030812833
1.9061960775861169
1.9078598629613137
1.9041614409097523
1.9041525585043377
1.9071696939413125
1.9061435114087704
1.9077736759403683
1.9054566303726266
1.9041305647726217
1.90445417094305
1.9041120461644214
1.9044507137846232
1.90378497956285
1.9037664476655338
1.9078136959333474
1.9067745042702051
1.9060910062277308
1.9053971525331563
1.9043952534861448
1.9040777408419738
1.9044068439614996
1.9040708427721595
1.9043829354682726
1.903672581860735
1.901299108823007
1.9012894150840862
1.9040324493255543
1.9050316031747787
1.9030337086695117
1.9040043247829423
1.9039981629577292
1.9036539012683735
1.9056908375652568
1.9073520913223616
1.903659304258015
1.9036504355561148
1.9066629758131033
1.9056383586434307
1.9072660476894019
1.9049525248290278
1.9036284788546012
1.903951593560957
1.9036099906765258
1.903948142974781
1.9032834221180124
1.9032649206737087
1.9073060010346092
1.9062683978886585
1.9055859406296367
1.9048931473991733
1.903892773817409
1.903575742621401
1.9039043470298789
1.9035688576749712
1.9038804760438393
1.9031712046563103
1.9011127276145703
1.901103033981796
1.9038475968343385
1.9048473243635093
1.9028482995333509
1.9038194679228424
1.9038133046121501
1.903468848180784
1.9055069315207362
1.9071691348116138
1.903474257314634
1.9034653840544944
1.9064796345185158
1.9054544423583701
1.9070830752706116
1.904768222141706
1.9034434244880871
1.9037667264211187
1.903424931861958
1.9037632774270208
1.9030981776717484
1.9030796717790566
1.9071230358200784
1.9060848593894923
1.905402014151181
1.9047088376940338
1.9037078949693673
1.9033906780023964
1.903719475810823
1.9033837962591882
1.9036955942455225
1.9029859211095124
1.9013789864837654
1.9013692926993533
1.9041116718217892
1.90511057980818
1.9031131697278663
1.9040835491515566
1.9040773879629767
1.9037332097344832
1.9057696544414802
1.907430501255539
1.9037386100908922
1.903729743342524
1.906741550653641
1.905717179908456
1.9073444644403121
1.905031511695023
1.9037077878688216
1.9040308223351732
1.9036893015970546
1.9040273710666789
1.9033628125949833
1.903344313057131
1.9073844146979801
1.9063470572454444
1.9056647662632606
1.9049721372728048
1.9039720076094266
1.9036550560295462
1.9039835775523315
1.9036481697103078
1.90395971110026
1.9032506118906525
1.9023811996390034
1.902371497283565
1.905113899177568
1.9061127894368786
1.904115388910577
1.9050857588492371
1.9050795946062735
1.9047354179827274
1.906771861226617
1.9084326851967441
1.9047408135542074
1.9047319461402623
1.9077437300461144
1.906719356963708
1.908346598277011
1.9060336895424732
1.9047099760395296
1.9050330021445716
1.9046914805893447
1.9050295454292754
1.9043649944944743
1.9043464857672143
1.9083865720813558
1.907349198399372
1.9066669135687824
1.9059742744396286
1.904974154451851
1.9046572142656253
1.904985722672575
1.9046503170374642
1.904961851824477
1.9042527567349479
1.9023198102879364
1.9023101051108724
1.9050530241324228
1.9060520997093549
1.9040543255927604
1.905024876461764
1.9050187107055132
1.9046744697029458
1.9067112948068223
1.9083724276735632
1.9046798657275181
1.9046709965723028
1.9076833427454092
1.9066587772204386
1.9082863187496468
1.9059729812625157
1.904649020640928
1.9049721063677587
1.9046305206485854
1.9049686483675536
1.9043039736455505
1.9042854603723574
1.908326302804304
1.9072887326176258
1.9066063205111383
1.9059135502601898
1.904913243783312
1.9045962454713168
1.9049248139729709
1.9045893456745895
1.904900938133111
1.9041917105007802
1.902033564997534
1.9020238342741966
1.9047692237135636
1.9057691476063134
1.903769625926926
1.9047410162032217
1.904734838949494
1.9043902967386097
1.9064289199494142
1.9080914764088615
1.904395688063577
1.9043868097486873
1.9074017731741926
1.906376297081099
1.9080051921730727
1.9056898962962188
1.9043647854342443
1.9046881402904936
1.904346250916849
1.9046846684517194
1.904019420928468
1.904000873096725
1.9080452581887393
1.9070067384378608
1.9063237351044175
1.9056303322240145
1.90462916040652
1.9043119043496883
1.9046407374180419
1.9043049768598301
1.9046168317655512
1.9039069851744121
1.9022769092465626
1.9022671983807544
1.905010496538367
1.9060096968877094
1.904011660015481
1.9049823360554328
1.9049761679092398
1.9046318816094923
1.9066689788434559
1.9083303225603798
1.9046372759070183
1.9046284052227904
1.9076411429845377
1.906616438998925
1.908244176445829
1.905930551568597
1.9046064188579441
1.9049295435883484
1.9045879116875966
1.9049260823360086
1.904261322424673
1.9042428019660673
1.9082841779135709
1.907246460410919
1.9065639600294728
1.9058710917749442
1.9048706562382516
1.9045536212908443
1.9048822270962154
1.904546714984174
1.9048583458067994
1.904149025266787
1.9021378553899748
1.9021281331770072
1.904872626352765
1.9058722401554828
1.9038733548220217
1.9048444389970265
1.9048382656465277
1.9044938331118453
1.9065318023325752
1.9081938390452262
1.9044992257107658
1.9044903506661601
1.9075043602357689
1.9064792150458818
1.9081076140042543
1.9057930342700953
1.9044683426158302
1.9047915988467172
1.904449819818598
1.904788131544986
1.9041230929982698
1.9041045568978718
1.9081476523565242
1.9071094764263146
1.906426688643727
1.9057335148886985
1.904732658620119
1.9044154973244694
1.904744232994402
1.9044085789131204
1.9047203377832294
1.9040107166425728
1.9006896416228178
1.900679902525585
1.9034281535856568
1.9044291251569407
1.902427513856768
1.9033999203035747
1.9033937372367162
1.9030488349670454
1.9050895869375841
1.906753883972964
1.9030542329177544
1.9030453454719891
1.906063461591004
1.9050369153212394
1.9066675200891614
1.9043497977243584
1.9030233012099977
1.9033469954116211
1.9030047492535138
1.9033435210827598
1.9026775774277556
1.9026590121453117
1.906707623030843
1.905668022379051
1.9049843046642372
1.9042901799384364
1.9032879608168671
1.9029703711504724
1.9032995502743246
1.9029634387005325
1.9032756205786105
1.9025650320032252
1.9015912756523672
1.9015815394677433
1.9043305836383317
1.9053318616176615
1.9033296550578753
1.9043023539538186
1.9042961711269806
1.903951166314607
1.9059925196049328
1.9076573216297898
1.9039565690786884
1.903947679467132
1.9069666992106338
1.9059398525344573
1.907570966114705
1.9052525322723248
1.903925638580159
1.9042494336400018
1.903907087353215
1.9042459619606862
1.9035798173227383
1.9035612527733237
1.9076110649811537
1.906571169447226
1.9058872464546346
1.9051929243706123
1.9041904039013706
1.9038727131284907
1.9042019979290234
1.903865785992736
1.9041780641571342
1.9034672637687091
1.900546161455755
1.9005364281534136
1.903285828688497
1.904287249167317
1.9022847702978862
1.9032576038498068
1.9032514216874108
1.9029063699729092
1.9049479968564298
1.9066130325754005
1.9029117757948735
1.9029028853198804
1.9059223200572886
1.9048953372576924
1.9065266899741884
1.9042079247309556
1.9028808486264672
1.903204691051193
1.9028622993999353
1.903201221566545
1.9025349842023689
1.9025164216569501
1.906566782707045
1.9055267560865916
1.904842738667447
1.9041483287185426
1.9031456695138855
1.902827930711939
1.9031572659320244
1.9028210079751642
1.9031333311066059
1.9024224336904205
1.900468496950234
1.9004587551223582
1.9032088335480408
1.9042104821626147
1.9022075284222422
1.9031805891788731
1.9031744033254598
1.9028292697550437
1.9048713867653435
1.9065368065834285
1.9028346734253103
1.9028257803312112
1.9058459246092245
1.9048186930479185
1.9064504070599773
1.9041311157124112
1.9028037277829557
1.9031276420863752
1.9027851674716962
1.9031241678372433
1.9024577756248908
1.9024392019836105
1.9064905264270504
1.9054502378837344
1.9047660603393457
1.9040714760117354
1.9030685825642926
1.902750775539873
1.9030801805298148
1.9027438432669856
1.9030562367744017
1.902345171300374
1.9005668629206844
1.9005571181802
1.903306403495366
1.904307745701894
1.9023053872211346
1.903278155528629
1.903271969435195
1.9029269384074814
1.9049684540979948
1.906633368926603
1.902932337264377
1.9029234463360682
1.9059426869895952
1.9049157558347
1.9065469610344339
1.904228381164444
1.9029013904127938
1.903225203857995
1.9028828293719955
1.9032217269593172
1.902555535729907
1.9025369613555987
1.9065870844767396
1.9055470908155587
1.904863118548949
1.9041687315795595
1.9031661394797892
1.9028484335618543
1.9031777328751163
1.9028414959747817
1.903153793195878
1.9024429395348907
1.901771732438814
1.901761984725064
1.9045096034376714
1.9055103114190408
1.903509194097833
1.9044813543698695
1.904475168885261
1.904130351681399
1.906170610598944
1.9078344778473468
1.9041357422139467
1.9041268560561366
1.9071442158240155
1.9061179136415165
1.9077480706767704
1.9054309624378036
1.9041047983949266
1.9044284039952364
1.904086239166333
1.904424923537254
1.9037591498042168
1.9037405772388165
1.9077881940775894
1.9067488228897644
1.9060652776033833
1.9053713069788916
1.9043693414513092
1.9040518427946962
1.9043809259170206
1.9040448980630253
1.9043569963592486
1.903646584081863
1.9011341441232217
1.901124401916251
1.903869021016668
1.9048686207742922
1.9028697039085298
1.9038407922506584
1.9038346117025269
1.9034901736392926
1.9055281940672035
1.9071902226932411
1.9034955553659574
1.9034866785512838
1.9065007149470374
1.9054755369231329
1.9071038799842284
1.904789339595703
1.9034646362347922
1.9037878818715117
1.9034460918094385
1.9037844019363896
1.903119362932977
1.903100805178796
1.9071439736218048
1.9061057325236137
1.9054229406195429
1.9047297249586623
1.9037288641644414
1.9034117206077485
1.903740434883587
1.9034047768947842
1.9037165289112448
1.9030068982532236
1.9009743888017052
1.9009646466857169
1.903710576024197
1.9047106675074899
1.9027107817918207
1.9036823435134305
1.9036761616920308
1.9033315567070725
1.9053705603147568
1.9070334028268863
1.9033369437002021
1.903328062978467
1.9063435652659622
1.9053178943930813
1.9069470464824085
1.9046313658637128
1.9033060182063515
1.9036294243230791
1.9032874699683806
1.9036259457525948
1.9029605819790363
1.9029420204119518
1.9069871462950638
1.9059484138100424
1.9052652893522957
1.9045717452114002
1.9035703965804054
1.9032530937914587
1.9035819738386812
1.9032461528241122
1.9035580587984025
1.9028480837845403
1.901998801533387
1.90198906797326
1.9047347561671637
1.9057347834232572
1.903735049628561
1.9047065419386204
1.9047003633838164
1.9043557846141976
1.9063946258216944
1.9080573555300733
1.9043611755145136
1.90435229610953
1.9073675774870011
1.906341991092838
1.9079710515626793
1.9056555169715939
1.904330266373716
1.9046536541050858
1.9043117279496002
1.9046501807539635
1.9039848635718675
1.9039663118296763
1.908011126799478
1.9069724924417102
1.9062894172579814
1.9055959380024527
1.9045946610019868
1.9042773733580949
1.9046062388925888
1.9042704428420665
1.9045823297596587
1.9038724080183587
1.901824984212653
1.9018152364685754
1.9045624184351613
1.9055629625079746
1.9035621681367356
1.9045341706156127
1.9045279855554265
1.904183223992139
1.9062231551830926
1.907886751136132
1.9041886127691992
1.9041797279137422
1.9071965990510402
1.906170461151534
1.9078003485107102
1.9054836203484669
1.9041576710710735
1.904481223178047
1.904139113113352
1.9044777422651857
1.903812076788864
1.9037935054944317
1.9078404698531704
1.9068012624609545
1.9061178280257989
1.9054239668946453
1.9044221639793213
1.9041047184001263
1.9044337462653227
1.9040977727532493
1.9044098197301957
1.9036995222380908
1.9018863735637193
1.901876628641268
1.9046232934803065
1.9056236522354983
1.9036232314545525
1.9045950530030857
1.9045888694561868
1.9042441722719208
1.9062837216028876
1.9079470086593129
1.9042495605958876
1.9042406774817027
1.907256986351745
1.9062310408948033
1.907860628038074
1.9055443286284237
1.9042186264696759
1.9045421189548606
1.9042000730541113
1.904538639326907
1.9038730976377882
1.903854530889288
1.9079007391302218
1.906861728242701
1.9061784210834434
1.905484691074084
1.9044830746478603
1.904165687194435
1.9044946549649264
1.9041587441161247
1.9044707334215623
1.9037605684722585
1.9017783747875578
1.9017686807756888
1.9045077843029656
1.905505462975186
1.903510475019639
1.904479670994628
1.9044735129892167
1.9041297520650327
1.906163738822596
1.9078225509214273
1.9041351392552806
1.9041262822745677
1.9071344248563282
1.9061112862335845
1.907736548194863
1.905426446024998
1.9041043329399239
1.9044269662062556
1.9040858561997003
1.9044235115261665
1.903759764979835
1.9037412749742417
1.9077764830148332
1.9067403540293724
1.9060588944313785
1.9053670866409609
1.9043681765695157
1.9040516230702718
1.9043797301645946
1.9040447298869865
1.9043558863823653
1.9036476480623623
1.900475139298979
1.9004654511729828
1.9032070144133355
1.90420563371876
1.902208809344048
1.903178905803632
1.9031727474294158
1.9028286701386765
1.9048645149889951
1.906524879657508
1.9028340704666442
1.9028252065496414
1.9058361336415373
1.9048120656399863
1.9064388845780698
1.9041265992996053
1.902803262327952
1.9031262042973947
1.9027847845050636
1.9031227558261563
1.9024583908005077
1.9024398997190366
1.9064788153642942
1.9054417690233416
1.9047596771673412
1.9040672556738043
1.9030674176824984
1.9027505558154492
1.903078984777389
1.9027436750909463
1.903055126797519
1.9023462352808733
1.9024936276086708
1.9024839366155568
1.9052253618644253
1.906223920624637
1.9042272070845856
1.9051972477847723
1.905191088533903
1.9048470303250047
1.9068827654454235
1.908543032067505
1.9048524284728332
1.9048435647680895
1.9078543211813694
1.9068303071617427
1.908457021801616
1.9061448778856431
1.9048216159435702
1.9051445372947975
1.9048031354848334
1.9051410868563319
1.9044767604285535
1.9044582667076022
1.9084969597506127
1.907459962598381
1.9067779097433204
1.9060855213679972
1.9050857408059774
1.9047689004292854
1.9050973066002377
1.904762015763406
1.9050734481625735
1.9043645962810474
1.9026947858600474
1.9026850718996644
1.905424956470633
1.9064228669605932
1.9044273630477917
1.9053967998796455
1.9053906340399671
1.9050467841263694
1.9070813136810005
1.9087405246362639
1.9050521630775952
1.905043302373282
1.908052204727058
1.9070287868458105
1.9086543974239265
1.9063437644846104
1.9050213175446649
1.9053440204568337
1.9050028172700113
1.9053405538256718
1.9046766444375707
1.9046581308717443
1.9086943906167426
1.907657950769886
1.9069763207735708
1.9062843068372932
1.9052851483218194
1.9049685329454067
1.9052967015313265
1.9049616158333136
1.9052728424539602
1.9045644224386713
1.9012125265554982
1.901202835152961
1.9039383643305425
1.9049347103252494
1.9029423566097763
1.9039102671023007
1.903904113581135
1.9035608065199934
1.9055921173314325
1.907248721466103
1.9035661809687323
1.9035573348457684
1.9065614947462082
1.9055396985469748
1.9071627725598068
1.9048557596795987
1.9035353970715543
1.9038575962627458
1.903516933769595
1.9038541396834099
1.9031912747212878
1.9031727981584021
1.9072026827209474
1.906167896809451
1.9054873404459338
1.9047964302306788
1.9037988449341383
1.903482721102591
1.9038103813023108
1.9034758240814285
1.9037865636703644
1.9030792613901255
1.9009810311504503
1.9009713427363406
1.903708756889492
1.9047058190636346
1.902712062713626
1.9036806601381884
1.9036745057959863
1.903330957090706
1.905363688538409
1.9070214759009665
1.9033363407415365
1.903327489196897
1.906333774298275
1.9053112669851497
1.9069355240005004
1.904626849450907
1.9033055527513485
1.9036279865340984
1.9032870870017473
1.9036245337415068
1.9029611971546532
1.902942718147377
1.9069754352323072
1.905939944949651
1.9052589061802914
1.9045675248734693
1.9035692316986115
1.903252874067034
1.9035807780862553
1.903245984648073
1.9035569488215198
1.9028491477650393
1.9018316265613973
1.9018219325192005
1.9045605993004557
1.9055581140641205
1.9035634490585416
1.9045324872403706
1.9045263296593822
1.9041826243757722
1.9062162834067449
1.9078748242102117
1.9041880098105324
1.9041791541321735
1.9071868080833534
1.906163833743602
1.9077888260288032
1.9054791039356616
1.9041572056160705
1.9044797853890667
1.9041387301467196
1.9044763302540981
1.9038126919644822
1.9037942032298565
1.9078287587904137
1.906792793600563
1.9061114448537946
1.9054197465567155
1.9044209990975278
1.9041044986757019
1.904432550512896
1.9040976045772098
1.9044087097533131
1.90370058621859
1.9029462676863027
1.9029365764354038
1.9056742893430916
1.906671454880578
1.904677486415261
1.9056461858735863
1.905640030230308
1.9052964449662937
1.9073293944106882
1.9089873550221774
1.9053018281924727
1.9052929755577397
1.9082995786110826
1.9072769609968885
1.908901383390107
1.9065924701262815
1.9052710336908198
1.9055935003486906
1.9052525640344977
1.9055900460437514
1.9049266397980522
1.904908156880328
1.9089413038430454
1.9079056989534997
1.9072245883338546
1.9065331306519078
1.9055347322940788
1.9052183430754412
1.905546279560802
1.9052114506303088
1.905522446815627
1.9048145706089856
1.9018338397166343
1.9018241371034126
1.9045628266562349
1.9055603236928194
1.9035656682412525
1.9045346969380517
1.904528536302679
1.9041848326240172
1.906218490191882
1.907877008151417
1.9041902132738466
1.9041813569299126
1.9071889874758268
1.9061660107988543
1.9077909598655018
1.905481281783112
1.9041593937867791
1.9044819651984652
1.9041409091390096
1.9044785046166948
1.9038148738639742
1.9037963759399399
1.9078309161737896
1.9067949347544901
1.9061135921593164
1.9054218837235395
1.9044231459399523
1.9041066569117808
1.9044346956331397
1.9040997519043672
1.9044108504775306
1.9037027310628858
1.9018686031807817
1.901858903404349
1.9045972942026355
1.9055946878758758
1.9036002445396174
1.9045691712026533
1.9045630118683576
1.9042193447484281
1.906252784319602
1.907911129030206
1.90422472582291
1.90421587056907
1.9072231831630189
1.9062003167871147
1.907825100475896
1.905515661107737
1.9041939128473075
1.9045164513838726
1.9041754321062592
1.9045129923144506
1.9038494312205743
1.9038309372069886
1.9078650475630508
1.9068291807506417
1.9061479100057535
1.905456277945101
1.9044576453444855
1.904141187903375
1.9044691941585932
1.904134285922131
1.9044453524834233
1.903737308218939
1.9003101745991942
1.9003004380051471
1.9030435861044492
1.904042651318273
1.902044804583066
1.903015373271348
1.9030091961742128
1.9026649425095956
1.9047018714909414
1.9063630110283882
1.9026703215745873
1.9026614495448106
1.9056738727754716
1.9046492439196894
1.906276716872896
1.903963414066281
1.902639419708143
1.9029624926079496
1.9026208856379763
1.9029590147877644
1.9022943316154723
1.9022757842241231
1.906316787951489
1.9052791036582966
1.9045966771572478
1.9039038332332938
1.902903508029531
1.9025865338017967
1.9029150726310962
1.9025795943107584
1.9028911796649248
1.9021819288777868
1.9005372465768
1.9005276035513305
1.9032602376318988
1.904255645992538
1.902265283487467
1.9032322483718125
1.9032261148468332
1.902883151081294
1.904912394581932
1.9065674099615784
1.9028885415265442
1.9028797074234172
1.9058809052933483
1.9048601627973232
1.9064817737668014
1.9041769186449136
1.902857857719804
1.9031797655006235
1.90283945447774
1.9031763369055963
1.9025141148602633
1.9024956984201584
1.906521537460493
1.9054878808880675
1.9048079917232748
1.9041178324184522
1.9031212221711418
1.902805369932534
1.9031327544935084
1.9027985289322875
1.9031089809158004
1.9024023822618958
1.901465506493269
1.9014558663652446
1.904189075183319
1.9051847079977264
1.9031939117080263
1.9041610901449288
1.9041549570721807
1.9038119185842266
1.9058415995413553
1.9074969842627965
1.9038173129651037
1.9038084773473631
1.9068103345264913
1.90578937376555
1.9074113587093147
1.905105982148212
1.9037866314280394
1.904108613320409
1.903768229550951
1.9041051871474894
1.903442818247571
1.9034244031759786
1.9074511172985937
1.9064172477418382
1.90573720872488
1.9050469068085054
1.9040500765196506
1.9037341497132672
1.904061612322358
1.9037273135696036
1.9040378361797983
1.903331083105494
1.900733978517701
1.900724329667014
1.903455377526549
1.9044501730710954
1.9024610010852518
1.9034273810713238
1.9034212470663041
1.9030784883861698
1.9051065292472358
1.9067605346479268
1.9030838692046768
1.9030750394331315
1.9060744300540893
1.9050542883708876
1.9066748817157138
1.9043714495489794
1.903053182979482
1.9033748890438629
1.9030347782783377
1.903371455149744
1.9027096350702968
1.9026912171641353
1.9067146535598722
1.9056815867517176
1.9050021081424806
1.9043123435541003
1.9033163360021348
1.9030006859764965
1.9033278591841105
1.9029938343478798
1.9033040937587529
1.902597918730929
1.9004699328037438
1.9004602755336688
1.9031935298948772
1.9041891272551241
1.9021983500734476
1.9031655095402906
1.9031593703587741
1.902816335080715
1.9048460131116285
1.9065013521452068
1.9028217198917328
1.9028128829428417
1.9058146933114384
1.9047937278760534
1.9064156263827126
1.9041103378431132
1.9027910077694556
1.9031129729392064
1.9027725875355308
1.903109535872682
1.9024471820465543
1.9024287485961437
1.906455432065346
1.9054215300496928
1.904741503335924
1.9040511811421537
1.9030543702045
1.9027384661854256
1.9030659025628456
1.9027316082239178
1.903042117628233
1.9023353727940846
1.9023634292560654
1.902353772046646
1.905087899899897
1.9060838250772563
1.904092401995642
1.905059877048805
1.9050537370184444
1.9047105904592356
1.9067409239433315
1.9083968055676366
1.9047159787812293
1.9047071392276296
1.9077099268573883
1.9066886328560193
1.908311070714832
1.9060050220217866
1.9046852624171622
1.9050073345735843
1.904666839641492
1.9050038984168187
1.9043413280772608
1.9043228920849147
1.9083508805141853
1.9073166509073125
1.9066364024910925
1.9059458613106455
1.9049487251484762
1.9046327149745652
1.904960261866242
1.9046258588434708
1.9049364708863377
1.9042294964816282
1.9013005417934838
1.9012908531974093
1.904025646874433
1.90502172559724
1.9030299069470442
1.9039975576126449
1.9039914058169787
1.903648190955145
1.9056789560433014
1.9073351156336762
1.903653564073047
1.9036447203425324
1.9066480736604254
1.9056265520452527
1.9072491910041411
1.9049427969148875
1.9036227888082298
1.9039449016309642
1.9036043306838637
1.9039414461090969
1.9032787590625346
1.903260287681066
1.9072890898857895
1.9062545823767927
1.9055742087147867
1.9048834843679945
1.9038861668666835
1.9035701276996149
1.903897700176066
1.9035632327894159
1.9038738890472042
1.903166776702407
