1.9315955033829555
1.9314082426512262
1.931588665686957
1.9315717564213626
1.9314001755149224
1.9315705519106625
1.9313800759116682
1.9312053011908885
1.9313865707927835
1.9330973217691951
1.9344056396906213
1.9343988716184937
1.9342163789720765
1.9347861551516117
1.9342103822246184
1.9338426321637068
1.9330935892367895
1.9341936368992718
1.9319579551002337
1.9342067846259192
1.933834238741333
1.9330783763118522
1.9340167222879587
1.9343785428654703
1.9342004926887364
1.9317631191667155
1.9357104927345898
1.9349614364553624
1.9345837028618056
1.9347622242623659
1.9345761895578073
1.9349499171026987
1.9347595086977847
1.9343694629644974
1.9338163628039184
1.9315601851089812
1.9330584666319228
1.9343750819509347
1.9339977047833614
1.9326321165918872
1.9324448812155661
1.9326252793704115
1.9326083664581832
1.9324368107812404
1.9326071581740407
1.9324167029213504
1.9322419488183986
1.9324231905948956
1.9341337433708845
1.9354418762973298
1.9354351086951884
1.9352526401216525
1.9358223434816255
1.9352466409277622
1.9348789411077447
1.9341299996024586
1.935229891991137
1.9329945126605967
1.9352430321225023
1.9348705377521518
1.934114777187349
1.935052997237266
1.9354147651338254
1.9352367310679395
1.9327996891100867
1.9367465494029206
1.9359975945489205
1.9356199071249902
1.9357984028262005
1.9356123809907835
1.9359860607616781
1.9357956731532184
1.9354056782227758
1.9348526544429008
1.9325967805134276
1.9340948592917464
1.9354112930002696
1.9350339686205094
1.9324564948183973
1.932269137820349
1.9324496514551586
1.9324327051894903
1.9322610456010882
1.9324314812877073
1.9322408833143638
1.9320660042162348
1.9322473513577343
1.9339591412444248
1.9352680943236464
1.935261320643391
1.9350787311445812
1.935648820876268
1.9350727157762306
1.9347047787949758
1.933955350802783
1.9350559338095368
1.9328191015240348
1.9350690605652634
1.9346963282704464
1.9339400749794498
1.9348789087131284
1.9352408976984943
1.9350627178535698
1.932624098678253
1.9365736026200557
1.935824161277215
1.935446209770487
1.9356248156617386
1.9354386265703893
1.9358125597317652
1.93562202967004
1.9352317738385951
1.9346783964477452
1.9324210506808477
1.933920103031646
1.9352373792708026
1.934859816163097
1.9324308959794907
1.932243521253715
1.932424051318073
1.9324070948907277
1.9322354219392088
1.9324058651978127
1.9322152419174583
1.9320403418794492
1.9322217014495005
1.9339337015136548
1.93524276713358
1.935235992168789
1.935053384475102
1.9356235343899355
1.93504736383992
1.9346793926888026
1.9339298937856986
1.9350305718100695
1.9327935275200765
1.935043691424245
1.93467092540543
1.9339145998652243
1.9348535240567477
1.935215541973839
1.9350373337395788
1.932598486041981
1.9365483942585047
1.9357988820060676
1.935420887563453
1.9355995081525406
1.9354132836817792
1.9357872563037761
1.9355967010269621
1.9352064053716893
1.9346529777684471
1.932395415924926
1.9338946102965326
1.9352120063631035
1.9348344099673183
1.9310743121356628
1.930888075509718
1.9310675052025397
1.9310506011847755
1.9308799879796361
1.9310493454175017
1.9308598369843786
1.9306859733126385
1.9308662033591948
1.9325680897925082
1.9338691373861048
1.9338623997679467
1.9336808957922746
1.9342476195480356
1.933674883960964
1.9333091516470007
1.9325642051432215
1.9336581438325684
1.9314346850793573
1.933671134208783
1.9333006414677567
1.93254890569847
1.9334821365423644
1.933841924148699
1.93366473019113
1.9312407089898695
1.9351668064597802
1.9344218467029863
1.9340461057681106
1.934223628415452
1.9340384300763813
1.9344101553259117
1.9342207149885955
1.9338327728322786
1.9332827194029263
1.9310388551223308
1.9325289445676366
1.9338383104220611
1.9334630219214501
1.9313238933892831
1.9311371370827661
1.931317071898379
1.9313001790650108
1.9311290701428405
1.931298958490598
1.9311089708352458
1.9309346519610386
1.93111541718211
1.9328217239099312
1.9341264791217196
1.934119727091127
1.9339377229020784
1.9345059855061426
1.9339317263259574
1.9335649690674883
1.9328179438414204
1.9339149972735221
1.9316853365333908
1.9339280810617865
1.9335565439587419
1.9328027152438896
1.9337385391222346
1.9340993669633844
1.9339217571747203
1.931490956771193
1.9354278012904051
1.9346807627567637
1.9343040222588068
1.9344820552842716
1.9342964612727267
1.9346691959833135
1.934479276030834
1.9340902711070151
1.9335386681437374
1.9312885594671307
1.932782805675069
1.934095858044861
1.9337195057110363
1.9318919791532683
1.9317049237371693
1.9318851481989434
1.931868247538575
1.9316968580984657
1.9318670377606153
1.9316767621604807
1.931502173966306
1.931683239330161
1.933392170571644
1.9346990409010743
1.9346922795024675
1.934509985877973
1.9350791445906907
1.9345039902524164
1.9341366441464543
1.933388422482059
1.9344872534488657
1.9322540224742886
1.93450037702847
1.9341282414013004
1.9333732069075127
1.9343105259529454
1.934671943649567
1.934494075305928
1.9320593767357614
1.9360024578292263
1.9352542228301526
1.9348768950620132
1.9350552181729679
1.9348693668214973
1.9352426893405426
1.9350524813596202
1.9346628599148858
1.9341103686757062
1.9318566618034252
1.933353300796204
1.9346684669700451
1.934291506393587
1.9320384319889965
1.931851477994529
1.9320316029327622
1.932014687685857
1.9318433991637363
1.9320134628141288
1.9318232701992109
1.9316487644763458
1.9318297185386113
1.933537856978403
1.9348439873279097
1.9348372278092465
1.934655030476279
1.935223897910745
1.9346490250649933
1.9342818799226063
1.9335340639447363
1.9346322738163262
1.9324002527157405
1.9346453670148007
1.9342734374445776
1.9335188104095007
1.934455625750175
1.9348168327229875
1.934639028822741
1.9322056565092462
1.9361466845025486
1.9353988552043844
1.9350217121147508
1.9351999324283065
1.935014132553404
1.9353872639764613
1.9351971391813547
1.9348077209479997
1.934255535231635
1.9320030434212114
1.9334988714354986
1.9348133111673873
1.9344365617421797
1.932049446359022
1.9318624999922351
1.9320426164791313
1.9320256874239146
1.9318544107681743
1.9320244529876127
1.9318342558119879
1.9316597497670698
1.93184068843249
1.9335488388493223
1.9348548967445522
1.934848136411339
1.934665944956375
1.9352347997544253
1.9346599318318265
1.9342928027604709
1.9335450172933215
1.9346431669087243
1.9324112362721446
1.9346562453703648
1.9342843335903805
1.9335297361707713
1.9344665160431016
1.9348276992666877
1.9346498830879528
1.932216613816345
1.9361575328093281
1.9354097340267948
1.935032594170902
1.935210803482943
1.93502498109777
1.9353981042074528
1.9352079749937106
1.9348185677393719
1.9342664081913197
1.9320140040697362
1.9335097713602087
1.934824149309024
1.9344474193835486
1.9320970739379801
1.9319101605542803
1.9320902437089549
1.932073297198793
1.9319020576389299
1.932072049424475
1.9318818684344479
1.931707382685304
1.931888278128481
1.933596242321932
1.9349020427679038
1.9348952820901266
1.934713120586048
1.93528188992812
1.9347070973018048
1.934340034542374
1.9335923810075761
1.9346903150929873
1.9324587773889121
1.9347033712225115
1.934331528747003
1.933577062807539
1.934513681285336
1.934874788078743
1.934696975732369
1.9322641410668149
1.9362044377844385
1.9354567709427632
1.9350796804902368
1.9352578531014146
1.9350720210751133
1.9354450880974237
1.9352549752615007
1.934865629789023
1.934313572789986
1.9320615601227078
1.9335570639447426
1.9348711984999958
1.9344945408620662
1.9328372113766
1.9326501180326778
1.9328303748804234
1.9328134161184016
1.932642010321705
1.9328121698379006
1.9326218091953185
1.932447157537396
1.932628229393216
1.9343378151211728
1.93564487816416
1.9356381112828471
1.9354557748297274
1.9360250888190549
1.9354497479771504
1.9350823315036643
1.9343339581279761
1.9354329536352588
1.9331992675752203
1.9354460263165432
1.9350738250978552
1.9343186330873752
1.9352561525696566
1.9356176095630013
1.9354396314943805
1.9330044534411404
1.936948529358133
1.9362001426615316
1.935822692553214
1.9360010377546468
1.9358150352443992
1.9361884595185597
1.9359981670550983
1.935608448096913
1.9350558585571813
1.9328016788327098
1.9342986224402845
1.9356140245302207
1.935237003088988
1.9317163573797775
1.9315291803419519
1.93170952028369
1.9316925862698822
1.9315210929183133
1.9316913608742814
1.9315009425534935
1.9313262293641424
1.9315074000929997
1.9332175684451838
1.93452525892739
1.9345184914506703
1.9343360769009017
1.9349056219853333
1.9343300651008846
1.9339624818336856
1.9332137736823825
1.9343132952672655
1.9320786113377268
1.9343264054712317
1.9339540319195945
1.9331985046996139
1.9341364374288081
1.9344980762142354
1.9343200620915582
1.9318837863039278
1.9358295110463613
1.9350807895584472
1.9347031977075095
1.9348816310085064
1.9346956124011032
1.935069188310629
1.9348788378764419
1.934488955530705
1.9339361106805502
1.9316809319708457
1.9331785445361038
1.9344945532405775
1.934117353936175
1.9329104377944644
1.9327233951613578
1.932903602247333
1.9328866361920423
1.9327152808543402
1.9328853823646575
1.932695063214684
1.9325204527924165
1.932701468997441
1.9344106583245524
1.9357173513775774
1.9357105854362364
1.9355282971288803
1.9360974654790817
1.9355222653834392
1.9351549493917404
1.9344067788593147
1.935505463818989
1.933272382695946
1.9355185213097086
1.9351464231194941
1.9343914348383695
1.9353287024682717
1.935690054099712
1.9355121082527866
1.933077593327883
1.9370206426947942
1.9362724588486477
1.9358951010795828
1.9360733948823161
1.9358874181103527
1.9362607468365192
1.9360704959659658
1.9356808786134703
1.935128441835146
1.9328748696416032
1.9343714077599319
1.9356864466288919
1.9353095307632846
1.9335773488152193
1.933390075511075
1.933570506051892
1.9335535350380095
1.9333819630044793
1.933552290251326
1.9333617499561886
1.9331869323894892
1.9333681806579504
1.9350793879204136
1.9363877135604155
1.9363809404755674
1.9361984290734073
1.9367682877099888
1.9361923986524971
1.9358246284649545
1.935075535248376
1.9361755921775305
1.9339397577615283
1.9361886814105755
1.9358161214487075
1.935060203367212
1.9359986238539777
1.9363604310472595
1.9361822872563919
1.9337447658154656
1.9376926209318275
1.936943514380299
1.9365657046161913
1.9367442224078792
1.936558049413686
1.9369318309396957
1.9367413588486972
1.9363512664048033
1.9357981443243764
1.9335417975427123
1.935040180935827
1.9363568505604458
1.9359794653159106
1.932709217182067
1.9325220351995063
1.9327023741949945
1.9326853646245867
1.9325138920123086
1.9326840893884292
1.9324936022107915
1.9323188458534668
1.9324999798520455
1.9342106164673225
1.9355182422138273
1.9355114689098374
1.9353290414823292
1.9358986563873914
1.935322988295597
1.934955400972798
1.9342066730425544
1.9353061436379217
1.9330713975554257
1.9353191806114518
1.9349468107727716
1.9341912575162443
1.9351292292877533
1.9354908309397254
1.9353127109244261
1.9328763902597768
1.9368224875503783
1.9360737463057944
1.9356960815180457
1.9358745002086566
1.9356883208013487
1.9360619423786174
1.93587152383971
1.9354816057623836
1.9349287651606923
1.9326735050531014
1.9341711587647183
1.9354871599917258
1.9351099721100933
1.933635990764203
1.9334487580708266
1.9336291468280848
1.9336121445509455
1.933440621479673
1.9336108768616722
1.9334203481914258
1.933245550598447
1.93342674024782
1.935137773263943
1.93644576900041
1.9364389947564478
1.9362565191831766
1.9368262797273643
1.9362504708893082
1.9358827830847223
1.9351338523112154
1.9362336334541912
1.9339982824347002
1.9362466856182863
1.9358742127511326
1.9351184557652503
1.9360566793891387
1.9364183864030147
1.9362402341660192
1.9338032503730342
1.9377503742137172
1.9370014301186782
1.936623672991677
1.9368021430809874
1.9366159379353955
1.936989655060658
1.9367991949288428
1.9364091752458266
1.9358561818827278
1.933600314244208
1.935098373445071
1.9364147378930543
1.9360374444357968
1.9330167073224054
1.932829738283155
1.9330098702533496
1.9329928554798566
1.9328215862002902
1.9329915654118661
1.932801274072381
1.9326267039196083
1.9328076182833018
1.934516447140691
1.935822552840923
1.935815785395904
1.935633562868323
1.9362025476701514
1.9356275030902281
1.9352603357934104
1.9345124596364085
1.9356106532799133
1.9333784484858847
1.935623651369567
1.9352517095785413
1.9344970138731756
1.9354339232456668
1.935795098267522
1.9356171478068305
1.9331836051359212
1.9371253009517944
1.936377411502995
1.936000155774404
1.9361783651738955
1.9359923466094056
1.936365554847453
1.9361753323139013
1.9357858495041445
1.9352336439921642
1.9329809423960707
1.93447689285371
1.935791383152473
1.935414631361688
1.9318958533255834
1.9317088005924292
1.9318890156566162
1.9318720256313373
1.931700668796899
1.9318707564482467
1.9316804074305554
1.931505775746354
1.9316867889830855
1.9333962004647016
1.9347029336041537
1.9346961655637271
1.9345138649394975
1.9350830808364297
1.9345078202139623
1.9341404861234321
1.9333922751908155
1.9344909949119196
1.9322577922483917
1.934504030524255
1.9341319164002806
1.9333768854854136
1.9343142081048177
1.9346755649187564
1.9344975784040084
1.9320629379987087
1.9360062826400226
1.9352580583999106
1.9348806609287
1.9350589584277547
1.9348729237661093
1.9352462836395226
1.9350560031352446
1.9346663569379368
1.9341138961155329
1.9318601955342058
1.9333568149495288
1.93467191186283
1.9342949822088749
1.9337824435999316
1.9335953123281864
1.933775601561904
1.9337585846982275
1.9335871625449437
1.9337573019151855
1.933566856230156
1.9333921411084865
1.9335732194562705
1.9352834596707023
1.9365907154272453
1.9365839430632263
1.936401563781482
1.9369710330474181
1.9363955057018856
1.9360280188608738
1.935279493773893
1.9363786538216523
1.9341445126761518
1.9363916756046171
1.936019408794411
1.935264059267238
1.9362017791863682
1.9365632754764355
1.9363851876828324
1.9339495301465195
1.9378946008870397
1.93714606249291
1.9367684900444149
1.9369468573363258
1.9367607036673025
1.9371342296965774
1.9369438527505773
1.9365540362789404
1.936001348438657
1.933746695861994
1.9352439440843654
1.9365595820903965
1.936182499784389
1.9339032975967538
1.9337162500189125
1.9338964561586371
1.933879414546747
1.9337080799483348
1.933878110878805
1.9336877228719813
1.9335130692817402
1.9336940487564866
1.9354037063466911
1.9367103346640149
1.9367035628954032
1.936521261710308
1.9370904998811396
1.936515188578152
1.9361478685308526
1.9353996782194867
1.9364983121896457
1.9342651689136454
1.9365112964499291
1.9361392019726722
1.9353841876549995
1.9363214943272171
1.9366828088252013
1.9365047570856546
1.9340701972837318
1.9380136191988118
1.9372654155959947
1.936887984890119
1.9370662640824663
1.9368801265105986
1.9372535009045078
1.9370631819292345
1.9366735288451482
1.9361210963152884
1.9338674427238585
1.9353640219885462
1.93667905338004
1.9363021489372028
1.9320643349013633
1.9318773988452007
1.9320574974831735
1.932040465254735
1.931869233071046
1.9320391618487285
1.9318488866948407
1.9316743368378426
1.931855207979293
1.9335638506133008
1.9348696988642744
1.9348629310746912
1.9346807384979963
1.9352496378438455
1.9346746685602068
1.9343075675753134
1.9335598233506632
1.9346578014641762
1.9324259896026525
1.934670777221714
1.9342989047351642
1.9335443405099437
1.9344810884879016
1.9348421870795778
1.9346642404512462
1.9322311323863914
1.9361722059269046
1.935424448418964
1.9350472420937395
1.9352254147923666
1.9350393865867492
1.9354125387374244
1.9352223325816915
1.9348329115537954
1.9342808085908312
1.932028498449042
1.933524185438244
1.9348384323434453
1.9344617528402055
1.930126242875742
1.9299393496921375
1.9301194168903886
1.9301025183202036
1.9299312817538121
1.9301013012572963
1.929911180002705
1.929736736777428
1.9299176381571916
1.9316251580416326
1.9329308783147514
1.9329241218351447
1.9327419849648144
1.9333106592134237
1.9327359876407593
1.9323689610789905
1.931621388344574
1.9327192529071267
1.9304879582840218
1.93273235279342
1.9323605421854304
1.9316061615134499
1.9325426700122434
1.932903766440653
1.9327260354299263
1.9302934517251635
1.9342331578939813
1.9334855718402368
1.9331085607920027
1.933286726010537
1.9331010097636006
1.933474014491418
1.9332839609229437
1.9328946731400898
1.9323426642292132
1.9300909083375013
1.9315862495655483
1.932900268032121
1.9325236379708866
1.9301628560846742
1.9299759882564775
1.930156030573843
1.9301391283570242
1.9299679170201298
1.9301379075206744
1.929947807012387
1.9297733844049378
1.9299542579593045
1.9316615796433225
1.9329671149214607
1.9329603589118394
1.9327782461143903
1.933346847543437
1.9327722463439032
1.9324052700230285
1.9316577987102437
1.932755507998992
1.9305245158443842
1.9327686002900024
1.9323968411962502
1.9316425623889468
1.9325789449615511
1.9329399887090086
1.9327622738091297
1.9303300216685348
1.9342692145623115
1.9335217299337948
1.9331447650551872
1.9333229045743718
1.9331372011965777
1.9335101581503975
1.9333201253783772
1.9329308883983682
1.9323789558681954
1.9301275037419485
1.9316226422253722
1.9329364790814563
1.9325599018080346
1.9307714292299059
1.9305842903304808
1.9307645880155349
1.93074758496017
1.930576150940505
1.9307463117417019
1.9305558706173789
1.9303811558177624
1.9305622495623924
1.932272477799782
1.9335798060106026
1.9335730344611337
1.9333906493013853
1.9339601312037373
1.9333845989350522
1.933017096023009
1.9322685404253086
1.9333677607292545
1.9311335291197476
1.9333807972490529
1.9330085126486078
1.9322531335059672
1.9331908888934413
1.9335524089327358
1.93337433341762
1.9309385728394208
1.93488375258026
1.9341351836705
1.933757607988264
1.9339359862816894
1.9337498551229353
1.934123389465586
1.9339330169382216
1.9335431894875674
1.9329904754789722
1.9307357352134693
1.9322330441596556
1.9335487439487602
1.93317164214302
1.9310568906301924
1.9308699494187178
1.931050056981152
1.9310330763393242
1.9308618219196099
1.9310318074181707
1.9308415712534142
1.930667043302456
1.9308479482058911
1.9325563447313112
1.933862297804413
1.933855533743015
1.9336733417271856
1.9342422187991353
1.9336673001960163
1.9333001851678917
1.9325524203219921
1.9336504841864501
1.9314186129373982
1.933663511296039
1.933291619162772
1.9325370383403566
1.933473802265501
1.9338349431731319
1.9336570617695998
1.931223873101368
1.9351648693681165
1.9344170912228793
1.9340399181323205
1.934218109137655
1.9340321838422594
1.934405321472438
1.9342151537877008
1.9338257396465837
1.933273608391075
1.9310212512593887
1.9325169783992264
1.933831290826234
1.9334545861118768
1.930994678582354
1.9308076942877432
1.9309878431606113
1.930970856003741
1.9307995629914132
1.9309695850648978
1.9307793028468259
1.9306047333381597
1.9307856784955444
1.932494483398851
1.9338007340076375
1.9337939681917184
1.9336117339081296
1.9341807439827894
1.9336056895565612
1.9332384901176805
1.9324905529392387
1.9335888670951173
1.9313564813730764
1.933601894658438
1.9332299172869358
1.932475162350634
1.9334121426598132
1.933773365180122
1.9335954392764056
1.9311616905217244
1.935103604338235
1.9343556538581739
1.9339783916621025
1.934156623064622
1.9339706495206728
1.93434387438547
1.9341536606891896
1.9337641559213992
1.933211898072795
1.9309590210990204
1.9324550930042894
1.9337697068691997
1.9333929160789494
1.9311923290958957
1.9310054816783722
1.9311854981686019
1.9311685167485488
1.930997351380442
1.9311672422982
1.9309770936793678
1.930802648521771
1.930983457520463
1.9326910492671505
1.9339963348146063
1.933989573447701
1.9338074718453941
1.934376070275508
1.93380142824176
1.9334344981061786
1.9326871084360846
1.9337846114615136
1.9315538596224462
1.9337976229268052
1.933425919060247
1.9326717160810742
1.933608011769804
1.933968965702853
1.9337911610212004
1.9313591955677545
1.9352982477346594
1.9345508447747004
1.934173853128907
1.9343519523383563
1.9341661010297992
1.9345390558773659
1.9343489757970798
1.9339597538883246
1.93340790198732
1.93115667222865
1.9326516491138102
1.93396529688194
1.9335887838191004
1.9317376530575625
1.931551183288212
1.9317308359627507
1.9317138892080947
1.9315430696767724
1.9317126175612434
1.9315228535545323
1.9313487611543727
1.9315292048992274
1.9332333433994389
1.9345359912121611
1.9345292435368615
1.9343475100275151
1.9349149589799717
1.934341478827378
1.9339752902897709
1.9332294112123682
1.9343246963764376
1.9320984532537886
1.9343376818797595
1.933966729223559
1.9332140506356277
1.934148453857543
1.9345086784589913
1.9343312336111687
1.9319041834553763
1.9358352729488215
1.935089380608312
1.9347131512099867
1.9348908905410895
1.9347054155798367
1.935077616463082
1.9348879208529608
1.9344994857394509
1.9339487491322278
1.9317020695645672
1.933194024857839
1.934505017729189
1.9341292655610343
1.932364380770531
1.9321776525023664
1.9323575530395072
1.9323405671945943
1.9321695161075918
1.9323392834416075
1.932149243115004
1.9319749013685974
1.932155586637148
1.93386217540468
1.935166608431509
1.9351598502290817
1.934977863113179
1.9355461100818951
1.934971814990648
1.934605119988505
1.9338582069158465
1.9349549938284418
1.932725663867857
1.934967982054154
1.9345965179685425
1.9338427946972883
1.9347784962234145
1.9351392105009295
1.9349614986520038
1.9325310879775126
1.9364676827695326
1.93572075642008
1.9353439923886788
1.9355219741028937
1.935336209650316
1.9357089339412736
1.9355189622618927
1.9351299833883449
1.9345784872225473
1.9323286886023587
1.9338227124882172
1.935135513986982
1.934759245363472
1.9320753492713891
1.9318884208429066
1.932068511029542
1.9320514649927927
1.9318802446754844
1.9320501520222124
1.9318598723076181
1.9316853221285664
1.9318661778731712
1.9335748324842201
1.934880608280917
1.934873839676784
1.9346916529780929
1.9352605396875264
1.93468557532704
1.9343184904131787
1.9335707766992483
1.934668694556574
1.9324369731590565
1.9346816555772777
1.9343098008809667
1.933555266271214
1.9344919787808281
1.9348530536232773
1.9346750947164582
1.9322420896934898
1.9361830542336846
1.9354353272413745
1.9350581241498905
1.9352362858470031
1.9350502351311152
1.9354233789684152
1.9352331683940471
1.9348437583451679
1.9342916815505158
1.9320394590975667
1.9335350853629543
1.934849270485082
1.9344726104815744
1.9313825353382665
1.9311958196425172
1.9313757126745719
1.9313587885779464
1.9311877286180346
1.9313575451009442
1.9311675690704828
1.930993270169997
1.93117397677198
1.9328801092534602
1.9341845345617135
1.9341777813720074
1.9339958130118482
1.934563977523518
1.9339897985627685
1.9336231236872559
1.9328762609042598
1.933973038550183
1.9317438612065623
1.9339860852694977
1.9336146352611667
1.9328609676419284
1.9337965946573956
1.9341573223191395
1.9339797040843485
1.931549441328762
1.935485554572295
1.9347386784951428
1.9343619906342933
1.9345399759573794
1.9343543497944367
1.9347270201042757
1.9345371121109798
1.934148179948039
1.9335967057020886
1.9313470761686267
1.932840998184313
1.9341537453774693
1.9337774848309222
1.931364380770531
1.9311776525023663
1.9313575530395073
1.931340567194594
1.9311695161075912
1.9313392834416077
1.9311492431150037
1.9309749013685973
1.9311555866371475
1.9328621754046793
1.9341666084315083
1.9341598502290813
1.933977863113179
1.934546110081895
1.9339718149906475
1.933605119988504
1.9328582069158469
1.9339549938284415
1.9317256638678575
1.9339679820541542
1.933596517968542
1.9328427946972881
1.9337784962234144
1.9341392105009292
1.933961498652004
1.9315310879775125
1.9354676827695325
1.93472075642008
1.934343992388679
1.9345219741028932
1.9343362096503158
1.9347089339412733
1.9345189622618923
1.9341299833883447
1.9335784872225468
1.931328688602358
1.9328227124882176
1.9341355139869816
1.9337592453634715
1.9311777446270149
1.9309908871094439
1.9311709115778852
1.9311539061878435
1.930982739323001
1.9311526163817898
1.9309624378952392
1.9307879714757097
1.9309687775061075
1.9326765914073
1.9339819170411823
1.9339751535751917
1.9337930396560115
1.9343616856328565
1.9337869830722825
1.9334200348378705
1.9326726047675855
1.933770142554444
1.9315392691748914
1.9337831321413512
1.9334114123410338
1.9326571667281187
1.93359351740635
1.9339544765218981
1.9337766311724216
1.9313445402385803
1.9352838876798881
1.9345364443259636
1.9341594129780246
1.9343375158837952
1.9341516066855557
1.9345245926803691
1.9343344829663582
1.9339452322127915
1.9333933562677068
1.9311419981212532
1.9326370563034072
1.9339507621158776
1.9335742352646903
1.9322978655615708
1.932111783751018
1.932291054760941
1.9322740394984608
1.9321036102759743
1.9322727016854029
1.9320832443125489
1.9319094608577458
1.9320894718247945
1.9337906492957047
1.9350904497294374
1.9350837082893741
1.9349023417512563
1.9354686857738548
1.9348962661413756
1.9345308472882055
1.933786520045994
1.9348794158468137
1.9326578002156378
1.934892272684063
1.934522110531654
1.9337709895293527
1.934703468390081
1.9350628790280195
1.9348856635644294
1.9324636899130438
1.93638697128056
1.935642630834092
1.9352670972139039
1.9354444400532458
1.9352591356188527
1.9356306115787698
1.9354412234968223
1.935053561405
1.9345039966766466
1.93226196127979
1.9337508146799023
1.9350590216108592
1.9346840807596257
1.9319903754212329
1.9318040806673695
1.9319835587025862
1.9319665486431914
1.9317959160879925
1.931965225661966
1.93177557245096
1.9316016027916043
1.9317818333935384
1.9334848186223363
1.9347861391023422
1.934779391803308
1.934597820365263
1.9351647944910952
1.9345917513467439
1.9342259124675933
1.9334807334521404
1.9345749062048225
1.932350749285179
1.9345878019259481
1.934217211725884
1.933465233172422
1.9343987744321678
1.9347586117002231
1.9345812266820248
1.9321564750368996
1.9360841578791443
1.9353389656368916
1.934963022957546
1.9351405750880073
1.9349551098107955
1.9353269991099344
1.9351374150226308
1.934749317663239
1.9341991178451745
1.9319545239368208
1.933445080590911
1.9347547984501121
1.9343794215080308
1.932568742492977
1.932382848270327
1.9325619371358418
1.9325449203169096
1.9323746691976385
1.9325435714454615
1.932354289164456
1.9321806712963774
1.9323604904539384
1.9340600583673835
1.935358523749824
1.9353517876987465
1.9351706019876738
1.9357363887266013
1.9351645222328626
1.93479947316478
1.9340558962741794
1.93514767039694
1.932928293585734
1.9351604959455948
1.9347907103266042
1.9340403450107868
1.9349718873986872
1.9353309240874612
1.9351538620676303
1.9327343348458168
1.9366537280136453
1.9359101379377344
1.9355349672070776
1.93571212645465
1.9355269699939326
1.9358980803886254
1.9357088675155796
1.9353215898884826
1.9347725838691363
1.9325328032183124
1.9340201561090704
1.9353270337222708
1.9349524761740726
1.9304383402506613
1.9302509706801976
1.9304314918200942
1.9304144838061377
1.9302428330906445
1.9304132196283705
1.9302225573588845
1.930047635414835
1.930228961222902
1.9319412073956437
1.933250168193441
1.9332433895004648
1.9330607812459122
1.9336309534346448
1.9330547322041096
1.9326867750962236
1.9319372968143695
1.9330378890877955
1.9308009041853298
1.9330509573499195
1.9326782109778216
1.9319219020348097
1.9328608102791474
1.9332227858802837
1.9330445124212248
1.9306057453270038
1.9345557308172932
1.933806239202152
1.9334282115248722
1.9336068138072526
1.9334204864262687
1.9337944735687622
1.9336038798209527
1.9332135772789008
1.9326601779682029
1.9304026631145783
1.9319018173355509
1.9332191478803145
1.9328415766956462
1.9321930621581618
1.9320055227275232
1.9321862095822797
1.9321692132864516
1.93199739783086
1.9321679659582058
1.931977153903883
1.9318020873129895
1.9319835925019921
1.9336972380547353
1.9350074213631208
1.9350006385656955
1.9348178676789747
1.9353885369682315
1.9348118280489333
1.934443535325823
1.933693377603269
1.9347949965371367
1.9325559848191929
1.9348081032294056
1.9344350140478876
1.933678021667602
1.9346177759269219
1.9349800965454977
1.9348016980320148
1.9323607130305032
1.9363141824457584
1.9355640113696566
1.9351856637387317
1.9353644349150463
1.9351779949397987
1.9355523081868955
1.9353615644452729
1.9349709172623242
1.934417009455011
1.9321574559319779
1.9336579686414959
1.934976508676602
1.9345985874769782
1.9321784776892812
1.9319909281585956
1.9321716229915629
1.9321546027257466
1.9319827857734189
1.9321533400417956
1.931962498119755
1.9317874102669277
1.931968912487637
1.933682780194885
1.9349930035896972
1.934986218693186
1.9348034354895915
1.93537415232558
1.9347973828794562
1.9344290720575144
1.9336788739347701
1.9347805276300676
1.9325413943716383
1.9347936124439515
1.9344205073286738
1.9336634723146466
1.9346032815634686
1.9349656073645425
1.9347871681832367
1.932346057701329
1.9362998223909877
1.93554961092092
1.935171223587849
1.935349998460485
1.9351635005955552
1.9355378449898983
1.9353470716145509
1.9349563955867912
1.9344024637353985
1.932142781824581
1.9336433758310931
1.9349619739105395
1.9345840389225688
1.9307973321422727
1.9306102111811525
1.9307904825659459
1.930773362529048
1.930601984847815
1.9307720107763013
1.930581487113009
1.930406728179259
1.930587739003074
1.9322984714346798
1.9336055175469673
1.9335987377265789
1.9334163573231034
1.9339858711368378
1.9334102424302655
1.9330427836757165
1.9322942998312351
1.9333932883771043
1.9311592660066594
1.933406207455966
1.9330339799391942
1.9322786636064104
1.9332163516311676
1.9335777632893254
1.933399545046125
1.9309640487165654
1.9349092740046163
1.934160776885079
1.9337831379672525
1.9339614686457496
1.9337751091562807
1.9341486642265482
1.933958210338558
1.9335683800933634
1.9330157488381685
1.9307611902412993
1.9322583581624004
1.933573865124818
1.933196833241046
1.9306398649365182
1.9304526349260864
1.9306330142857575
1.9306159226437083
1.9304444321781067
1.9306145955493044
1.9304239934615008
1.9302491523784948
1.9304302899007448
1.932141803157001
1.933449661703489
1.933442880817707
1.933260398244701
1.9338302159731027
1.9332543008508547
1.9328866250616994
1.9321377050199726
1.9332373749172456
1.931002052208803
1.9332503391140714
1.9328778877501132
1.9321221343431512
1.9330603615410107
1.9334220076722044
1.9332437372641
1.9308068116359816
1.9347541990245143
1.9340052656884368
1.9336274388583643
1.933805883335774
1.9336194948800074
1.933993249359638
1.9338027167044671
1.9334126722688774
1.9328597093225546
1.9306038479749883
1.932101887598396
1.9334181827858392
1.9330409202510843
1.9313469592650614
1.9311595264113666
1.93134010481812
1.9313230423491439
1.9311513500475659
1.931321745442277
1.9311309773840402
1.9309559713584155
1.9311373314838443
1.9328504303434835
1.934159768849818
1.9341529842041503
1.9339703090480904
1.9345407093329952
1.9339642312257006
1.9335961535093962
1.9328464220946178
1.9339473341823237
1.9317095917258988
1.933960359141411
1.933587495663558
1.932830927339176
1.933770161946552
1.9341322295253631
1.9339538302304742
1.9315142520890118
1.9354657456778697
1.9347160009399735
1.934337804752889
1.934516454825097
1.934329963416195
1.9347041000878002
1.934513401060998
1.93412295020265
1.9335693762106965
1.9313110847394166
1.9328107463198074
1.934128494391155
1.9337508095538993
1.9328997274978992
1.9327126774476897
1.9328928831142895
1.9328758037240996
1.9327044794953323
1.9328744751358786
1.932684052700631
1.9325093775264028
1.93269033863601
1.9344002303577603
1.9357068263072337
1.9357000516249867
1.9355177440010214
1.9360870170821687
1.9355116501755079
1.9351443281004097
1.9343961278995723
1.935494736374974
1.9332615620224949
1.9355076840200396
1.9351355913992612
1.934380564063315
1.93531789025669
1.9356791861879463
1.9355010815020888
1.9330664992616562
1.93701010745082
1.936261893969669
1.935884426795387
1.9360626986825415
1.9358764807107212
1.936249877938502
1.9360595249108687
1.9356698539609878
1.93511742355536
1.9328637292649868
1.934360329102854
1.9356753567556146
1.9352984580241623
1.9316217103687825
1.9314344677859354
1.9316148546506933
1.9315977012603556
1.9314262196676635
1.9315963338899673
1.931405667506022
1.9312307835770952
1.9314118997659127
1.9331238693082207
1.9344317355732843
1.9344249496747816
1.9342424483460317
1.9348123485314803
1.9342363172787338
1.933868621362948
1.9331196510315596
1.934219330195504
1.931983854870098
1.9342322358987274
1.9338597704574885
1.9331039613985115
1.9340422631070306
1.9344038958539946
1.9342255318317552
1.9317884582847327
1.9357363272217514
1.934987343613374
1.9346094406127494
1.9347878814812882
1.9346013547358867
1.9349751631966354
1.9347845668553803
1.9343944757091833
1.9338414908430133
1.93158546040872
1.9330836019023006
1.9343999513953511
1.9340226807836334
1.929193366231623
1.9290058270115613
1.929186503995605
1.929169380556567
1.928997608076291
1.929168048902912
1.9289771290026076
1.9288019973377004
1.9289834320344403
1.9306977919588633
1.9320078057094194
1.9320010133565384
1.9318182290312125
1.932388990415
1.931812119607836
1.931443836872357
1.9306936799921122
1.9317951621855198
1.9295561477021463
1.9318081442953006
1.9314350784734575
1.930678076653819
1.9316178540082682
1.931980095177432
1.9318015255465295
1.9293605762713764
1.9333144955085644
1.9325643253130893
1.9321858715106874
1.932364609769909
1.9321779060845339
1.9325522795198697
1.9323614292025317
1.9319707394012147
1.9314168641349099
1.929157276203887
1.9306577899091284
1.931976256944961
1.9315983723792258
1.92824099381058
1.928053487573607
1.928234131225429
1.9282169903314448
1.9280452549470466
1.928215645339774
1.9280247416250673
1.9278496302559343
1.928031021730431
1.9297451954314724
1.9310549517327709
1.9310481590353255
1.9308654046608855
1.931436080588694
1.9308592850778141
1.93049106865426
1.929741043706367
1.930842310369783
1.928603688818913
1.9308552701474473
1.9304822736300797
1.9297254032905866
1.9306650192505017
1.9310271839894873
1.9308486181909448
1.9284081035218454
1.9323614004836749
1.9316113622290574
1.9312329578300227
1.9314116593883803
1.9312249460618771
1.931599263409841
1.9314084294703213
1.9310178014508657
1.9304640287335761
1.9282048322568575
1.9297050824936617
1.9310233061359328
1.9306454938577424
1.9293874466463092
1.9292000418309672
1.929380585959248
1.929363430478727
1.9291917960123173
1.9293620703932879
1.9291712496637983
1.9289962207659743
1.9291775009388819
1.9308908818382318
1.932199898159607
1.9321931073421048
1.9320104492591912
1.9325808339087482
1.9320043198903911
1.931636304430412
1.9308866851690443
1.9319873307372437
1.9297499190603657
1.932000260133778
1.9316274696733584
1.9308710067925747
1.931810119047732
1.9321720730629082
1.9319935717077579
1.9295543832953312
1.933505627156997
1.9327559946032895
1.9323777748827609
1.932556373643719
1.9323697117937841
1.93274383804576
1.9325530872920558
1.9321626624839796
1.9316091952895063
1.929351213874644
1.9308506531329563
1.9321681503332753
1.9317905492063354
1.9276181402699275
1.9274308952147126
1.9276112816063453
1.9275940904377082
1.9274226192146606
1.9275926981470417
1.9274019973346712
1.9272270918217578
1.9274081896454356
1.9291203933192895
1.9304282272165028
1.9304214384043645
1.9302389306367453
1.9308088657325093
1.93023277887609
1.9298650809325044
1.9291161007116455
1.9302157543808327
1.9279802479789474
1.9302286234688377
1.9298561598840775
1.929100337806827
1.930038659036503
1.930400273216739
1.9302218562481894
1.9277847602626568
1.9317328154737603
1.9309838219870477
1.9306058825180177
1.9307843160813631
1.9305977089360096
1.9309715402306298
1.930780909837014
1.930390800825023
1.9298378180830842
1.9275817469498482
1.9290799090166078
1.9303962547709248
1.9300189898705926
1.9289583694468824
1.9287713600074412
1.928951523890482
1.9289344132370354
1.9287631379705266
1.928933061746225
1.9287426509358676
1.928567995735361
1.9287488982258796
1.9304586157012895
1.9317648817472277
1.9317581059058666
1.931575834110791
1.9321450090995438
1.9315697224123196
1.931202482720177
1.9304544449624121
1.931552777651635
1.9293200866956663
1.9315656882277503
1.9311936827016858
1.9304388164613535
1.9313759457918513
1.9317371415437012
1.9315590284117166
1.9291249838192248
1.9330678607327099
1.9323198097080478
1.931942395170873
1.9321206193556497
1.931934369232431
1.9323077020594646
1.9321173609910145
1.931727762802011
1.931175461113711
1.9289222459664828
1.9304185216120981
1.9317332440882231
1.9313564371440486
1.9283582777085466
1.9281708526931096
1.9283514127778139
1.9283342093573161
1.9281625718974351
1.928332818560467
1.9281419380955411
1.9279668666738503
1.9281481409101702
1.9298619661185306
1.9311710626127587
1.9311642675970857
1.930981584880425
1.9315520646234443
1.9309754295514363
1.9306073778937949
1.9298576778320453
1.9309583929231042
1.9287207381652558
1.93097127856287
1.9305984562349299
1.9298419080866631
1.930781130320824
1.9311430947009973
1.9309645120102004
1.928525072636982
1.9324769070474546
1.9317271937058158
1.9313488945809947
1.9315275007345956
1.931340723105296
1.9317149116517658
1.9315241016306124
1.931133619132913
1.930580103850279
1.9283218656598498
1.92982146751215
1.9311390808011502
1.9307614520975152
1.9319003356448194
1.9317132860157646
1.9318934719409402
1.9318761382643297
1.9317048999861939
1.9318746410252898
1.9316840028980793
1.9315091975758238
1.9316900177009053
1.933401338166016
1.9347075949998305
1.9347008012066729
1.9345184667054975
1.9350879239757046
1.9345122332933133
1.934144931193478
1.933396732677258
1.934495067671739
1.9322618877884006
1.934507766151829
1.9341357202504001
1.9333806740357489
1.9343180464193814
1.9346791834518158
1.934500736531117
1.9320662257434007
1.9360107335764307
1.9352625218565334
1.9348848423392973
1.9350630483922666
1.9348763030001914
1.9352498206044508
1.9350592544253868
1.9346694982387678
1.9341171329151565
1.9318633698088037
1.9333599716381182
1.9346748532923321
1.9342980278286557
1.931453836939923
1.931266478101239
1.9314469616507874
1.9314295961771881
1.9312580758843778
1.931428094378897
1.9312371384391858
1.9310620425350287
1.9312431598346003
1.9329573269678773
1.9342657390057607
1.9342589337455034
1.934076297492009
1.9346466984176007
1.9340700520502951
1.9337021430041343
1.9329527076493975
1.9340528549400129
1.931815983281743
1.9340655713330581
1.9336929109737442
1.932936616346416
1.933875538886638
1.9342372709570426
1.934058524813546
1.9316199903787936
1.9355710300604805
1.9348215814811853
1.9344432749916203
1.9346217748264007
1.9344347142047171
1.9348088507646826
1.934617966923451
1.9342275653711047
1.9336742877275113
1.9314167980377017
1.93291587394885
1.9342329274514531
1.9338554799567962
1.9315746909367453
1.9313874157919648
1.9315678162475203
1.931550426025707
1.9313789932877687
1.9315489033425164
1.9313580050810106
1.9311829707082826
1.9313639891348167
1.9330775736438663
1.9343853582425294
1.9343785535776805
1.9341959954208345
1.9347661652513222
1.9341897349265613
1.9338219926741136
1.9330728920949904
1.9341725133080063
1.9319366395192368
1.9341851921783706
1.9338127041520057
1.9330567447341775
1.9339952540274876
1.9343568043058084
1.9341780942163684
1.9317406575160068
1.9356900483722521
1.9349409345842699
1.9345627698373242
1.9347411815725415
1.9345541370480137
1.934928121972613
1.934737296102108
1.934347057937313
1.9337940356041428
1.9315375448995655
1.933035951853031
1.9343523987410967
1.9339751291096097
1.928768467277972
1.9285813263273333
1.928761603797838
1.9287443086777525
1.9285729709783648
1.9287428418881865
1.9285521506434768
1.9283772841118458
1.9285582185068104
1.9302701096191068
1.9315770663464187
1.9315702727724031
1.931387854296575
1.9319575552983026
1.9313816436502134
1.9310141586856335
1.9302655948830798
1.931364516211348
1.929130247994503
1.9313772669509528
1.931005030926336
1.9302496198867163
1.9311874409856054
1.9315487835593497
1.9313703128630826
1.9289346012990896
1.9328808669578799
1.932132289931038
1.9317544654374423
1.9319327705914888
1.9317460316125283
1.9321197091655287
1.9319290894343732
1.9315391588811874
1.9309865120788403
1.9287316622984148
1.9302289938092267
1.931544543861052
1.931167521034473
1.9297723414502874
1.929585203182594
1.9297654712555115
1.9297480867705155
1.929576781676798
1.929746560575819
1.9295557959135528
1.9293808858918946
1.9295617681597352
1.9312741395121658
1.9325809590494987
1.9325741588336631
1.9323917333580996
1.9329614915440418
1.9323854736117598
1.9320180006626122
1.9312694475918373
1.9323682576744028
1.9301340177686068
1.9323809204467377
1.932008705925317
1.9312532984646178
1.9321911231374782
1.9325524048285396
1.9323738159611632
1.9299381625620378
1.9338846917686765
1.9331361255007966
1.9327582313041298
1.9329365108462764
1.9327495885571406
1.933123303464509
1.932932611209998
1.932542655904239
1.9319900395186675
1.929735196029196
1.9312325079625519
1.932547988753837
1.932170996849761
1.9266578945889092
1.9264713695851614
1.9266510513337962
1.9266337820293886
1.9264630187289935
1.9266322994380454
1.9264422093899134
1.9262679024380986
1.9264482241189433
1.9281546560264535
1.929457269977777
1.9294504964243249
1.9292686750142658
1.9298365236155388
1.929262467733607
1.9288961946338763
1.9281500946188872
1.9292453658601285
1.927018450116667
1.9292580441586047
1.928887038906237
1.9281341116736974
1.9290688519805648
1.92942898591164
1.9292510607146585
1.9268233740062268
1.9307567622417878
1.930010649055408
1.9296340420380647
1.9298117523232952
1.9296255634035988
1.92999802587906
1.9298080074198791
1.9294193497323529
1.928868529694202
1.9266210923817473
1.92811349630207
1.9294246989183839
1.9290489258651502
1.9296322957500025
1.9294457530185276
1.9296254511967101
1.929608171730626
1.9294373950671146
1.9296066833481513
1.9294165679930082
1.9292422401013127
1.9294225742107096
1.9311292162956832
1.9324319427877108
1.932425167949723
1.932243328344786
1.9328112371292065
1.9322371157972964
1.9318708085277039
1.931124637601803
1.9322200038606616
1.9299928761127083
1.9322326750175862
1.9318616360412202
1.9311086365594716
1.9320434673241842
1.932403630186985
1.9322256766006676
1.9297977613699542
1.9337315538802375
1.9329853697842605
1.932608719831031
1.932786444814097
1.9326002205149888
1.9329727224510718
1.9327826787768017
1.9323939812654474
1.9318431110149041
1.9295954576258258
1.9310880035669573
1.9323993260106849
1.9320235196693716
1.9315107086909142
1.9313247742786501
1.9315038851863
1.9314866453442043
1.9313164312133062
1.9314851507245268
1.9312956411266677
1.9311218731368407
1.9313016099289642
1.9330027808321097
1.9343012370024273
1.9342944829995523
1.9341132345823802
1.9346793036027625
1.9341070331138566
1.9337419216380811
1.9329981839890253
1.9340899604170447
1.9318700946784688
1.934102573869674
1.9337327478753188
1.9329822025851826
1.9339139880262175
1.9342729659955755
1.9340955701870308
1.9316755767699936
1.9355966008573668
1.93485285008622
1.9344774143755024
1.9346545554912669
1.9344689037616933
1.934840198933612
1.9346507609499517
1.93426332532524
1.9337142556705817
1.9314739270606345
1.9329616061350907
1.9342686429263798
1.9338940668586801
1.931364255855186
1.9311782200212901
1.931357430452481
1.931340205196922
1.9311698901480354
1.9313387256710133
1.9311491330879371
1.9309752826268014
1.9311551307205135
1.9328570944253514
1.9341562905755916
1.9341495346927737
1.9339681899840746
1.9345345502827087
1.9339619983012792
1.9335966858619291
1.9328525425263479
1.9339449400495834
1.9317238644370167
1.9339575838833438
1.9335875518320407
1.9328365990831946
1.9337688882289876
1.9341280769221545
1.933950616670218
1.9315292969965083
1.9354523741840441
1.934708217711988
1.9343325973227645
1.9345098412359283
1.9343241380297873
1.9346956242976927
1.9345061031282167
1.9341184642921259
1.9335690891146526
1.9313275454428482
1.9328160354957964
1.9341237987290374
1.9337490115100877
1.9311630352427893
1.930976860059439
1.9311562024001423
1.9311389336294669
1.9309685013060043
1.931137432694785
1.9309476720840448
1.9307736756878515
1.930953641575118
1.9326570525681208
1.9339571814118417
1.9339504181663745
1.9337689343375242
1.9343357411910183
1.9337627212134378
1.9333971374429875
1.9326524367095879
1.9337456198685163
1.9315228792964958
1.933758243185087
1.9333879394853182
1.9326364217610692
1.9335694150484695
1.9339288537621684
1.9337512193418573
1.931328093928402
1.9352542190396285
1.9345095051691352
1.9341335777612279
1.9343109465622685
1.9341250407207828
1.934496819839791
1.9343071310019608
1.9339191914410396
1.933369412440199
1.9311261808543465
1.9326157865005826
1.9339245120918713
1.9335494528568962
1.9303937288664073
1.9302077134431845
1.9303868980472398
1.9303695935884468
1.930199324508348
1.9303680604485385
1.9301784197549174
1.9300045467436353
1.9301843302816721
1.9318865640491791
1.9331855104687379
1.9331787492286356
1.9329974157150789
1.9335637730147797
1.9329911801991364
1.9326259139450799
1.931881852252189
1.932974043512105
1.9307532082150782
1.9329866065201464
1.9326166296960379
1.9318657527753216
1.9327979550372407
1.9331570539159992
1.9329795038822892
1.930558470895728
1.934481407356392
1.9337373325528937
1.9333616853964848
1.933538888999913
1.9333530378630084
1.9337245220246606
1.9335349535469188
1.9331473297820825
1.932598035233777
1.93035671392955
1.931845042384234
1.9331526165295208
1.9327778935211537
1.9294669552842725
1.9292809905718646
1.9294601254141495
1.9294428136620887
1.929272595040983
1.9294412729752957
1.929251673774283
1.9290778419986552
1.9292575698858974
1.9309594072525587
1.9322579836821552
1.9322512233820248
1.9320699380142312
1.9326361496748068
1.932063697605425
1.931698531833156
1.9309546729835283
1.9320465536958356
1.9298263233358044
1.932059101513312
1.931689227717677
1.9309385545263162
1.9318705049358558
1.9322294984527097
1.9320519806406953
1.929631610782471
1.9335535206930532
1.9328096487400095
1.9324340939228541
1.9326112461275822
1.9324254207289624
1.9327968093426202
1.9326072824577862
1.9322197602986397
1.9316706185117423
1.9294299047384436
1.9309178277038814
1.9322250386281923
1.9318504211954501
1.927636169922318
1.9274496298737882
1.9276293186543838
1.9276119498233886
1.927441205765548
1.9276104020357832
1.9274202132630833
1.9272458418813607
1.927426123863634
1.9291332461887418
1.9304358354907907
1.9304290540109827
1.9302472074063102
1.930815173374946
1.9302409457588428
1.929874650504681
1.9291284903105599
1.9302237453237157
1.927996645886812
1.9302363285133708
1.929865311040201
1.9291123151373728
1.9300471494760572
1.9304072514561745
1.9302291796987476
1.927801322632902
1.9317353786910343
1.930989205354019
1.9306124856977178
1.9307901850688844
1.9306037774596012
1.930976316750052
1.9307862005524261
1.930397478288498
1.9298466384547317
1.927598991356607
1.9290915177202819
1.9304027709034695
1.9300269954846592
1.9323176654119543
1.9321309047924333
1.9323108090496597
1.9322934592300611
1.9321224999731277
1.9322919358388624
1.9321015557887167
1.9319269985244947
1.9321075155384995
1.9338164336444539
1.9351206154470528
1.9351138289228238
1.9349317715402203
1.9355003802485051
1.934925524197378
1.9345587928462042
1.9338117503681207
1.9349083425893263
1.9326786113999483
1.9349209793996922
1.9345495160886288
1.9337956330191715
1.934731565225217
1.935092117584678
1.9349138885511312
1.932483150449659
1.9364217169828384
1.9356746613344078
1.9352975293852086
1.935475449049009
1.935288903107178
1.935661864050225
1.935471556265879
1.9350823877553645
1.934530886663575
1.932280593365113
1.9337748837065802
1.935087709601086
1.9347114785916948
1.9362590234629706
1.9360722222326818
1.9362521682734672
1.9362348497171251
1.9360638414979339
1.9362333492285153
1.9360429575534797
1.9358683803155372
1.9360489559486296
1.9377580483009245
1.939062560007059
1.9390557746419435
1.9388736814304504
1.9394423882311296
1.9388674519605662
1.938500638226436
1.937753433305281
1.9388503013126654
1.936620086726777
1.9388629751919806
1.9384914247862035
1.9377373806211327
1.938673509690056
1.9390341622289229
1.9388559416415028
1.9364246658920905
1.940363963700949
1.9396167455960287
1.9392395610097233
1.9394175283759008
1.939231014585468
1.939604039929263
1.9394137201857333
1.9390244789143407
1.9384728491052239
1.936222076663617
1.9377166911973362
1.9390298222684776
1.9386534994718083
1.9321601982061996
1.9319733285373673
1.9321533407694715
1.9321360193447215
1.9319649473034193
1.9321345206118643
1.9319440621372086
1.9317694227237312
1.9319500664361706
1.9336597653667749
1.9349647596035746
1.9349579720139523
1.9347758124618182
1.93534472508477
1.934769582617967
1.9344026342321872
1.9336551555568577
1.9347524291294675
1.9325213976020919
1.9347651110577972
1.934393423899548
1.9336391037559126
1.9345755751350604
1.9349363619675573
1.9347580807691056
1.932325913369075
1.936266642002736
1.9355191501377653
1.9351418302763204
1.9353198637390336
1.9351332888309045
1.935506449183315
1.9353160626317882
1.9349266799308784
1.9343748471479614
1.9321232510988018
1.9336184131425758
1.934932027262107
1.9345555656017333
1.9331566281073445
1.9329697559661447
1.9331497677251233
1.9331324085220736
1.932961346850417
1.9331308848689381
1.9329403919658583
1.9327657309683934
1.9329463563156932
1.934656289377844
1.9359612512467927
1.9359544607435357
1.9357722947525315
1.9363412422857995
1.9357660442153228
1.9353990938017434
1.9346516052369438
1.9357488533147957
1.9335177907109415
1.9357614986279073
1.9353898133261365
1.9346354801642276
1.9355719710645336
1.9359327393303019
1.9357544051855398
1.9333222153469996
1.9372631302547445
1.9365156285114389
1.9361382721815883
1.9363162983391087
1.936129643031027
1.936502826217309
1.9363124056134222
1.9359230050467169
1.9353711743880324
1.9331195376399297
1.9346147202568826
1.935928330637681
1.9355518746886922
1.933317665411954
1.9331309047924332
1.9333108090496598
1.933293459230061
1.9331224999731285
1.9332919358388616
1.933101555788717
1.9329269985244952
1.9331075155384991
1.9348164336444538
1.9361206154470527
1.9361138289228235
1.9359317715402202
1.936500380248505
1.9359255241973776
1.9355587928462037
1.9348117503681204
1.9359083425893264
1.9336786113999485
1.9359209793996917
1.9355495160886282
1.9347956330191707
1.935731565225217
1.9360921175846777
1.935913888551131
1.9334831504496588
1.9374217169828385
1.936674661334408
1.936297529385209
1.9364754490490088
1.9362889031071777
1.9366618640502253
1.9364715562658787
1.9360823877553643
1.9355308866635748
1.9332805933651127
1.93477488370658
1.9360877096010858
1.935711478591695
1.9353176654119544
1.9351309047924332
1.9353108090496598
1.935293459230061
1.9351224999731278
1.9352919358388625
1.9351015557887175
1.934926998524495
1.9351075155384998
1.9368164336444538
1.9381206154470527
1.9381138289228237
1.9379317715402204
1.9385003802485046
1.9379255241973778
1.937558792846204
1.9368117503681208
1.9379083425893264
1.9356786113999485
1.937920979399692
1.9375495160886287
1.9367956330191711
1.937731565225217
1.938092117584678
1.9379138885511311
1.9354831504496588
1.939421716982839
1.9386746613344077
1.938297529385209
1.938475449049009
1.9382889031071775
1.9386618640502253
1.9384715562658787
1.9380823877553648
1.9375308866635752
1.9352805933651132
1.9367748837065804
1.938087709601086
1.937711478591695
1.9337019520690117
1.9335154575759848
1.9336951055192722
1.9336777809816192
1.9335070651467476
1.933676260131982
1.9334861518410227
1.9333118436009946
1.933492103694458
1.9351985835101324
1.9365009076443471
1.9364941308326962
1.9363123329346525
1.9368801309902628
1.9363060948009414
1.9359398859853356
1.9351939080132277
1.9362889382297201
1.934062384342284
1.9363015575808618
1.935930623489448
1.9351778147187808
1.9361124131522722
1.9364724520864405
1.9362944777755078
1.9338672032346214
1.937800155468907
1.9370541643450505
1.9366775702626677
1.9368552365418417
1.936668957581065
1.9370413868030256
1.9368513506693033
1.9364627368978435
1.9359120215329402
1.9336649349758475
1.9351570960009117
1.9364680514849297
1.936092356430627
1.9350652471217447
1.9348783116973136
1.9350583807231494
1.9350409670650799
1.9348698638073385
1.9350394106828457
1.9348488119910139
1.934674066911974
1.9348547265766363
1.9365655123256837
1.93787085190317
1.9378640554472208
1.9376818225547103
1.9382509981841496
1.937675543236914
1.9373084722149159
1.936560730517192
1.9376582984093242
1.935426478251511
1.9376709004193984
1.9372990980118732
1.9365445054685935
1.9374813227319376
1.9378421829753816
1.9376637229947888
1.9352307221090073
1.9391731451153214
1.9384253902492603
1.9380478654096056
1.9382259393569536
1.9380391200209537
1.938412452736347
1.9382219268534675
1.9378323779704665
1.937280372630526
1.9350279592647681
1.9365236492411406
1.9378376771485217
1.9374611075469454
1.9311712125762255
1.930984350535073
1.9311643543158403
1.9311470190827784
1.930975958907858
1.9311455107853486
1.930955047749986
1.9307804080144553
1.9309610363300487
1.9326707472376943
1.9339756690202166
1.933968880616045
1.9337867269419147
1.9343556269284505
1.9337804893848005
1.9334135570700515
1.9326661089054433
1.9337633222218653
1.9315323811584961
1.9337759894133613
1.9334043200453503
1.9326500295171827
1.933586465427987
1.9339472285112567
1.933768935034318
1.9313368706761735
1.9352774903095165
1.934530028960176
1.9341527123324713
1.9343307347936698
1.9341441373752708
1.9345172894143061
1.9343268984441442
1.93393752672225
1.9333857201076454
1.9311342117473262
1.9326293130672858
1.9339428654037434
1.9335664232431022
1.9301932413162772
1.9300063945304848
1.9301863814085785
1.9301690185588944
1.9299979821167348
1.9301674911323172
1.929977018975541
1.9298023785959038
1.9299829761178062
1.9316927109795343
1.9329974878535021
1.9329906978202303
1.9328085559021084
1.9333774306158131
1.9328023029184676
1.9324354027457815
1.9316880156026137
1.9327851084066612
1.9305543482713048
1.93279774612449
1.932426112336956
1.931671881039725
1.932608246013841
1.9329689615986572
1.932790643564743
1.9303587852903714
1.9342991869230755
1.9335517866049972
1.9331744764447734
1.9333524769029435
1.9331658344640046
1.933538969876289
1.9333485700688564
1.9329592203049957
1.932407466027015
1.9301561330443764
1.9316511129167067
1.9329645416870165
1.9325881385258408
1.9294385194087762
1.929251842483159
1.929431663646393
1.9294142890785801
1.9292434173765192
1.929412744802481
1.929222422430542
1.929047926697749
1.9292283448387155
1.9309366803204424
1.932240234683822
1.9322334487550004
1.9320514694690456
1.9326198470822264
1.932045207073644
1.9316786425161832
1.9309319348137142
1.93202800095732
1.9297992676374418
1.932040600245004
1.9316693092668897
1.9309157614069326
1.931851280366066
1.9322116509334433
1.9320334579539533
1.929603817586871
1.9335407352946101
1.9327940144374922
1.9324170242309133
1.9325948557951493
1.9324083259504743
1.932781135258156
1.932590885444536
1.9322018803215726
1.9316506345402067
1.9294013402269772
1.9308949616107611
1.932207180890729
1.9318311277445084
