1.906440372211471
1.9058825548641307
1.906926108818453
1.9066816945935092
1.9079167259817693
1.9063937633767822
1.9058939134747859
1.9058822459754479
1.9079167259817693
1.9066403462769699
1.9078588137590426
1.904571398261879
1.9063471928487985
1.9053440023966846
1.9058355999684884
1.9058236611378707
1.907878651364783
1.906878975159869
1.9070736914021726
1.9063205990503624
1.905814785952924
1.9057859450229477
1.906567840356891
1.906271337162108
1.9057826362391082
1.9085839394138637
1.90802639604765
1.909069457692608
1.9088251565652943
1.9100596580957854
1.9085373812007742
1.908037751390813
1.9080260965673879
1.9100596580957854
1.9087838712736216
1.910001808842394
1.9067158610521062
1.908490861294398
1.9074881284507708
1.907979501264081
1.9079675845097221
1.9100216384185589
1.9090223933312511
1.9092170641184305
1.9084643100452872
1.907958723529716
1.9079299048897285
1.9087114396881457
1.908415097246541
1.9079266133665727
1.9078768756931108
1.9073198026542022
1.9083619367965654
1.9081178580950728
1.9093511378003107
1.9078302915641625
1.9073311429840205
1.9073194816639425
1.9093511378003107
1.9080765072046992
1.9092932561786264
1.9060104258253174
1.90778374566536
1.906781941277045
1.907272860326082
1.907260915509012
1.9093130649975287
1.9083148036457205
1.9085091922335682
1.907757147488989
1.907252038856393
1.9072232254266528
1.9080040456841747
1.907707917679263
1.907219899920825
1.9078097213113203
1.9072525337634216
1.9082948863383944
1.9080507560179092
1.9092843052128428
1.9077631333814886
1.907263876905677
1.9072522146349429
1.9092843052128428
1.9080094055235102
1.9092264188833061
1.9059428831232499
1.9077165836935812
1.9067145660646818
1.9072055895018367
1.9071936456057594
1.9092462321309522
1.9082477531094357
1.908442192105661
1.9076899861907388
1.9071847691789363
1.9071559515183905
1.907936937172285
1.9076407514458547
1.907152628585176
1.9061440427516587
1.9055874471574445
1.906628693290338
1.9063848220071753
1.9076170642810595
1.906097505616007
1.9055987783571082
1.9055871288017707
1.9076170642810595
1.9063435174450127
1.9075592410675266
1.904279186835398
1.906051006682534
1.9050500519469722
1.9055405545053583
1.9055286240581253
1.907579033345979
1.9065816122979335
1.9067758470745406
1.9060244388185268
1.9055197575229466
1.905490970858861
1.9062711278983544
1.905975257546933
1.905487652188589
1.9062554832317713
1.9056990849554516
1.906739962274319
1.9064961773369309
1.9077279839704648
1.9062089630275134
1.9057104121742516
1.9056987668573797
1.9077279839704648
1.9064548880855137
1.9076701817955997
1.9043912880727802
1.9061624810121849
1.9051618805744026
1.905652209506532
1.905640283542247
1.9076899670843213
1.906692898694099
1.9068870653975003
1.906135923027789
1.9056314203042835
1.905602643972351
1.9063825248070438
1.9060867595806257
1.9055993267230598
1.9072340654169178
1.9066776160317773
1.90771857568087
1.907474772908911
1.9087066423540575
1.907187522752523
1.906688942774996
1.9066772918331594
1.9087066423540575
1.9074334518480798
1.908648812225415
1.9053697137042176
1.9071410182682194
1.906140348956631
1.9066307119769195
1.9066187742837613
1.9086685982073655
1.9076714775106223
1.9078656291353018
1.9071144385040149
1.90660990377398
1.9065811194701574
1.907361056525334
1.9070652542134654
1.9065777916610638
1.9061347843128476
1.9055781437554857
1.906619445332526
1.906375564189718
1.907607797341979
1.9060882041573637
1.9055894725977691
1.9055778122678295
1.907607797341979
1.9063341958107396
1.9075499205748172
1.9042698094493065
1.9060416621804923
1.9050406763176124
1.9055311948582563
1.9055192404927792
1.9075697120253556
1.906572295199122
1.9067664746140967
1.906015050420103
1.9055103593010687
1.905481558808605
1.9062617455908797
1.9059658299293176
1.9054782177324219
1.906076888369868
1.9055201782666642
1.906561642832167
1.9063177199300116
1.9075502316935915
1.9060303474333333
1.9055315122787644
1.9055198617727713
1.9075502316935915
1.9062764157638237
1.9074924037722059
1.9042116441333308
1.905983844710755
1.9049826767346092
1.9054732836811132
1.9054613541548726
1.9075122004794027
1.9065145617616484
1.9067088469466333
1.9059572775202764
1.9054524878454902
1.9054236969505984
1.9062040193864644
1.9059080913135245
1.9054203808529402
1.9065119413828922
1.905955994996857
1.906996025471367
1.9067524390350232
1.9079832396430096
1.9064654569418624
1.9059673128477106
1.9059556764830978
1.9079832396430096
1.9067111802071097
1.9079254818994071
1.9046492618985793
1.9064190106573762
1.9054192254354438
1.9059091549210023
1.9058972374621175
1.9079452509942938
1.9069489967545734
1.9071430021073732
1.9063924720954395
1.9058883807056857
1.9058596271534625
1.9066388728803678
1.9063433467647153
1.905856311459826
1.907490523568039
1.9069345260731823
1.9079746388779184
1.9077310346070033
1.9089618980266025
1.9074440166668725
1.9069458434484552
1.906934201458877
1.9089618980266025
1.9076897439696756
1.908904112329222
1.9056276875300162
1.9073975479134109
1.9063976938176732
1.9068876573913902
1.9068757282036313
1.9089238821173384
1.9079275755710965
1.908121565845175
1.9073709875716653
1.906866864175382
1.9068381026512689
1.9076174045986583
1.907321841397555
1.9068347763978304
1.9073119287061353
1.9067556193843944
1.9077963194357657
1.9075525772000845
1.9087841457497292
1.9072654010726926
1.9067669435529673
1.9067552963742689
1.9087841457497292
1.9075112716479858
1.908726334305828
1.9054480435905663
1.9072189116119806
1.90621848997788
1.9067087315659705
1.9066967988162569
1.9087461155124197
1.9077492386386454
1.907943347394308
1.9071923420641521
1.9066879317165886
1.9066591556295165
1.9074388991780786
1.9071431731304538
1.9066558305277106
1.909464690963555
1.908906885907562
1.9099503860897267
1.9097059878146334
1.910940875336423
1.9094180410094748
1.9089182407546186
1.9089065629560056
1.910940875336423
1.9096645754832913
1.9108829119139934
1.9075957922268214
1.9093714293326456
1.9083683143735066
1.9088598757335087
1.9088479125241504
1.9109027464774475
1.9099031833292
1.9100978190056819
1.909344791301064
1.9088390225697742
1.908810169926823
1.9095920123053614
1.9092954926611974
1.9088068374507656
1.9094534264290113
1.908895434403037
1.909939116868665
1.9096946941624808
1.9109293608038782
1.9094065314864441
1.9089067739373835
1.9088950347789666
1.9109293608038782
1.9096529146369632
1.91087109239049
1.9075840864455873
1.9093596746782662
1.9083565140124163
1.9088481020278256
1.9088360007129428
1.910890919425474
1.9098915165962107
1.9100858024380725
1.9093327838215353
1.9088270263423848
1.9087980968305147
1.909580006857314
1.9092832627557887
1.9087946339125876
1.910234896874633
1.9096764519866583
1.9107209149174407
1.9104763166926277
1.9117117330324374
1.9101878726999864
1.9096877931239624
1.9096760216022552
1.9117117330324374
1.9104343628092928
1.9116533038114927
1.9083641133653915
1.9101408866287877
1.9091370272961337
1.9096289593785913
1.9096167949363898
1.9116731413023533
1.9106731242826596
1.9108674028041202
1.9101138769934012
1.9096077809095315
1.9095788012060577
1.9103612685400762
1.9100642338862974
1.90957528406814
1.911326370008508
1.9107680519208696
1.9118122426468853
1.911567711990916
1.9128027149745588
1.9112793085153534
1.910779386482139
1.9107676056118126
1.9128027149745588
1.9115256936968037
1.912744239261764
1.9094560500324014
1.9112322850844137
1.9102287144853187
1.9107205059678567
1.9107083162259229
1.9127640692815944
1.911764382988275
1.911958530535537
1.911205230542353
1.9106992872038384
1.9106703000181946
1.9114525490004364
1.9111555556187945
1.9106667566154463
1.9053410911074002
1.9047830825878391
1.9058269784701092
1.9055824858743162
1.9068178809696905
1.905294444781622
1.904794443297559
1.9047827664101178
1.9068178809696905
1.9055410902396295
1.9067599221084452
1.903471494006968
1.9052478367610712
1.9042443297576657
1.9047360828498252
1.9047241273468887
1.9067797651827731
1.9057797928483686
1.9059745368809677
1.905221210966451
1.9047152414800126
1.9046863843613957
1.905468529422437
1.90517191287796
1.9046830623104662
1.9063882781429535
1.9058303136148236
1.906874087673744
1.9066296279200126
1.907864775809875
1.9063415813681572
1.9058416689169357
1.905829979393065
1.907864775809875
1.906588152167829
1.907806754125964
1.9045188721386626
1.9062949228588253
1.905291563531784
1.905783245262162
1.9057712590555518
1.9078265922902486
1.9068268156941035
1.9070214464173318
1.9062682416043903
1.9057623546704394
1.9057334839683049
1.9065155214859975
1.9062188988101731
1.9057301316589508
1.9051853645289654
1.9046270758826043
1.905671490960318
1.9054268772919691
1.9066628741783478
1.905138688141284
1.9046384417416153
1.9046267573278988
1.9066628741783478
1.9053854506398173
1.9066048779476188
1.9033148342342705
1.9050920500735482
1.904088047715169
1.9045800436717226
1.9045680782818977
1.906624730572665
1.9056242705923219
1.9058191003629552
1.905065403846176
1.9045591855947959
1.9045303120426773
1.9053128441169473
1.9050160750439835
1.904526984577173
1.9058982301241805
1.9053393935155662
1.9063847932120097
1.9061399533483996
1.9073770099503153
1.9058514524933003
1.9053507659095619
1.9053390561440189
1.9073770099503153
1.9060984006465143
1.9073188877809173
1.9040259086538174
1.9058047131823497
1.904799795606997
1.9052922410805377
1.9052802315381951
1.9073387564651134
1.906337434249559
1.9065323549304398
1.9057779818563279
1.9052713104412125
1.9052423923091162
1.9060256454544393
1.9057285548751188
1.9052390303222453
1.9052004248422392
1.904642103524077
1.9056865202737794
1.9054419126956363
1.9066777565939206
1.9051536643153333
1.9046534632621093
1.9046417577745154
1.9066777565939206
1.905400358211866
1.9066196556098605
1.9033298508131211
1.9051069420553537
1.9041029840626313
1.9045949597896408
1.9045829461028312
1.9066395043647064
1.9056391616628412
1.9058338555060212
1.9050802076984543
1.904574023989768
1.9045451248962963
1.905327633757943
1.9050308029254572
1.9045417513326641
1.9050154724787558
1.904456755553088
1.9055018435516404
1.9052570862643647
1.906493545116214
1.904968584620212
1.9044681154878595
1.9044563781123032
1.906493545116214
1.90521535722479
1.9064352856785232
1.903143649083959
1.9049217349917638
1.9039171849525303
1.9044094525525284
1.9043973752779046
1.906455142674874
1.9054542946174324
1.9056489559360217
1.9048948815194453
1.9043884133956428
1.9043594662259697
1.90514244969665
1.9048453571726698
1.9043560371560404
1.9070690170158888
1.9065104278622738
1.9075553100352622
1.9073105973344135
1.9085468991572312
1.907022185307688
1.9065217889859982
1.9065100656728544
1.9085468991572312
1.9072689478183744
1.908488709603985
1.9051975850053655
1.906975391851678
1.9059710139969563
1.906463196376559
1.9064511484241198
1.9085085648672633
1.9075078475761247
1.907702546591518
1.9069485928288805
1.906442204721401
1.9064132774814535
1.907196120400924
1.9068991205905688
1.906409874811029
1.9061590396811487
1.9056005967366068
1.9066451924257948
1.9064005482361495
1.9076364772302299
1.9061122024442037
1.9056119534038867
1.9056002287042433
1.9076364772302299
1.9063588822214415
1.9075782807618735
1.9042881118741855
1.9060654034373632
1.9050613110066161
1.9055533538481206
1.9055412986497557
1.9075981297286495
1.9065977127888136
1.9067923286522797
1.906038592514369
1.9055323509724345
1.9055034260927504
1.9062860490279043
1.9059891172571015
1.9055000142835044
1.9057619152648662
1.9052027076314397
1.9062486710324178
1.9060037133593775
1.9072410971819154
1.9057149280635655
1.905214072694978
1.905202310442923
1.9072410971819154
1.9059618580720814
1.907182714159482
1.9038884948545398
1.9056679790864546
1.9046626204505401
1.9051552853734666
1.905143163485828
1.9072025850006105
1.9062009835428115
1.90639571056746
1.9056410401787218
1.9051341730807871
1.9051051834465398
1.9058888052900869
1.905591420120509
1.9051017185689367
1.9069512190341964
1.9063923487820646
1.9074376837712939
1.9071928729803056
1.9084295202669919
1.906904263795241
1.906403707290093
1.9063919530396416
1.9084295202669919
1.9071510485124876
1.908371176967968
1.905078925978271
1.9068573467598666
1.9058525900992183
1.9063449599636915
1.9063328475024457
1.9083910360440066
1.907390031067001
1.9075846471494262
1.9068304279481219
1.9063238638047326
1.9062948927193888
1.9070780448515205
1.9067808410711897
1.9062914319700537
1.9051083960812465
1.904549786547178
1.9055946166199977
1.9053499259592055
1.9065859309274584
1.9050614391144305
1.9045611377863254
1.9045493831000297
1.9065859309274584
1.905308084596744
1.9065275854211774
1.903236995549159
1.9050145203173312
1.9040102623212412
1.9045023882594982
1.904490267631334
1.9065474337719697
1.9055469468159747
1.9057414293380943
1.9049875889318608
1.904481279733223
1.904452315238948
1.9052350819903907
1.9049380039711317
1.904448842778178
1.9071191049886733
1.9065605210090149
1.907605309916722
1.9073606281732152
1.9085966017356615
1.9070721592519257
1.9065718724859526
1.9065601206121394
1.9085966017356615
1.9073188027154608
1.9085382702062699
1.90524778273344
1.9070252516893138
1.9060210281301266
1.9065131370243045
1.9065010222605772
1.9085581182104474
1.9075576574077133
1.9077521474691932
1.9069983311937475
1.9064920379983743
1.9064630774900448
1.9072458161312449
1.9069487566547108
1.9064596103091755
1.906844748970831
1.9062875992686903
1.9073298569063926
1.9070857514530435
1.9083191253757004
1.906798131151677
1.906298938885138
1.906287269127612
1.9083191253757004
1.9070443528485486
1.9082612018233496
1.9049780642724738
1.9067515515494116
1.9057496438503896
1.9062406140316634
1.906228651621283
1.9082810116820952
1.9072826718705052
1.9074770378402703
1.9067249207033279
1.906219764060938
1.906190938673362
1.9069718432616105
1.9066756596285235
1.906187597327832
1.9069668983583705
1.9064099715285352
1.9074518191870982
1.9072078089968085
1.9084407158733092
1.9069203087006785
1.9064213074019092
1.9064096446953311
1.9084407158733092
1.9071664416077667
1.9083828273365153
1.9051009526941376
1.9068737572510457
1.9058722382867046
1.9063630177976434
1.9063510657346479
1.9084026298589152
1.9074046688584092
1.9075989742943293
1.9068471471744775
1.9063421851074263
1.9063133740379492
1.9070939743111552
1.906797914345796
1.9063100393933003
1.9076661541089277
1.9071086925799028
1.9081515374642404
1.9079072940461244
1.9091413730988265
1.9076195155574966
1.90712003898965
1.907108364043003
1.9091413730988265
1.907865880526859
1.9090834237999554
1.9057984203330236
1.9075729152479823
1.9065704400105963
1.9070616882062443
1.9070497222339082
1.9091032450771765
1.9081043349380544
1.9082988193894033
1.9075462751958148
1.9070408316021445
1.90701199165161
1.9077933378410308
1.9074969913614228
1.9070086514577118
1.9075211364379197
1.9069634203365053
1.9080067432511738
1.9077623876777874
1.908997037115687
1.9074744790546538
1.9069747721333348
1.9069630924728946
1.908997037115687
1.907720959045763
1.9089390644242217
1.9056525477446076
1.9074278599324417
1.9064249237769848
1.906916397792948
1.90690442779816
1.9089588949055463
1.907959523273746
1.9081541010024898
1.9074012103374272
1.9068955339820792
1.9068666815839885
1.9076483866763962
1.9073519062110258
1.9068633412554166
1.9064768503395972
1.9059190514292776
1.9069625247253637
1.906718134425196
1.9079529500137498
1.9064301798258216
1.905930404394535
1.905918721446285
1.9079529500137498
1.9066766900864518
1.9078949609914695
1.9046079892092922
1.9063835475745696
1.9053804703619173
1.9058720136160194
1.9058600382172906
1.9079147940337802
1.906915287413865
1.907109882807437
1.9063568874264145
1.9058511408781993
1.9058222823787605
1.9066040982795964
1.9063075704107413
1.9058189380565946
1.9065775819122834
1.9060199547654482
1.9070631004126206
1.9068187875409415
1.9080531988949518
1.9065309170998328
1.9060313035120509
1.9060196219897836
1.9080531988949518
1.906777342608236
1.90799521693445
1.9047093032623936
1.9064842905322374
1.9054815331804622
1.905972919852387
1.9059609430721696
1.9080150433336447
1.9070158632182923
1.9072103829992981
1.9064576293737903
1.9059520453943843
1.9059231932411538
1.9067047610474315
1.9064083197608541
1.905919845060068
1.9066783134849699
1.9061208581016187
1.9071636760998771
1.9069194406566867
1.9081534477761537
1.9066316543738433
1.9061322026295668
1.9061205225332825
1.9081534477761537
1.9068779951300194
1.9080954728774309
1.9048106173154948
1.9065850334899055
1.9055825959990074
1.9060738260887549
1.9060618479270484
1.908115292633509
1.9071164390227198
1.9073108831911585
1.9065583713211653
1.9060529499105694
1.9060241041035473
1.9068054238152663
1.9065090691109667
1.9060207520635408
1.9064812017454444
1.9059233446089134
1.9069668607421009
1.9067224676148533
1.9079571616211193
1.9064344358623757
1.905934691215401
1.9059229843807912
1.9079571616211193
1.906680879539783
1.9078990538686185
1.9046122186038619
1.9063877081843925
1.9053846409004944
1.905876180969132
1.9058641514089816
1.907918883387344
1.9069194678926458
1.907113919819404
1.9063609490168056
1.90585522100802
1.9058263329812832
1.906608153779738
1.9063115456086352
1.905822937281088
1.908458333461976
1.9079004446253607
1.9089440288097403
1.9086996187902816
1.9099344161355891
1.9084115769085341
1.907911792875857
1.9079000883784025
1.9099344161355891
1.9086580468179057
1.9098763200060507
1.9065892344371098
1.908364858570486
1.9073617191031988
1.9078532943218156
1.9078412710865986
1.909896151392534
1.9088966532162421
1.90909113788655
1.9083381106295683
1.9078323444344432
1.907803458278249
1.908585333664648
1.908288715175511
1.9078000691442616
1.9068262320932097
1.906268992464773
1.907311360990769
1.9070672358181293
1.9083005914975393
1.9067795282343896
1.9062803273664592
1.906268636059729
1.9083005914975393
1.9070257095800025
1.908242560837931
1.904959309500291
1.9067328625453277
1.90573089259167
1.9062218947374596
1.9062098844905906
1.9082623690408484
1.9072640376728818
1.907458292919383
1.9067061439064805
1.9062009676171816
1.9061721145728505
1.9069530786466615
1.9066568043932928
1.9061687284154987
1.9065712244107043
1.9060135134832465
1.9070567431326337
1.906812418516589
1.908046739694118
1.9065244529988914
1.9060248556332893
1.9060131474121798
1.908046739694118
1.90677081394285
1.9079886250265068
1.9047027454726817
1.9064777197700775
1.9054749379101543
1.9059663384406933
1.9059543016346172
1.9080084482487303
1.9070093331053346
1.9072037018801655
1.906450948702294
1.9059453672590532
1.9059164815925795
1.9066980824067175
1.906401542275168
1.9059130767535633
1.905716242081712
1.9051587857266439
1.9062015373457
1.905957324884926
1.9071910756772574
1.9056694895017345
1.9051701224896045
1.9051584189822888
1.9071910756772574
1.905915735423945
1.9071329844022409
1.9038486180610983
1.9056227750856178
1.9046204541437661
1.9051116288539902
1.9050995960703658
1.9071527984203607
1.906154144769643
1.9063484202670786
1.905596013560682
1.9050906648791184
1.9050617916602008
1.9058430335713523
1.9055466274255652
1.9050583869558588
1.9054170116846687
1.9048608159002003
1.90590123113976
1.905657563505487
1.9068886062383004
1.905370394383257
1.904872129491349
1.9048604598522736
1.9068886062383004
1.9056161136231005
1.906830683125958
1.9035535870382367
1.9053238151794714
1.904323723335002
1.9048138051554513
1.9048018168628262
1.9068504541658475
1.9058539949218534
1.906047884598135
1.9052971456019185
1.904792916362594
1.904764117094432
1.9055436174460543
1.9052478976784604
1.9047607367556771
1.9071712624409742
1.9066146403206325
1.9076558612394365
1.9074120040214047
1.9086440213739595
1.907124620606403
1.906625963517518
1.9066142877386667
1.9086440213739595
1.9073705396202216
1.9085860678072433
1.9053064003967195
1.907078016906263
1.9060771442828455
1.906567608505787
1.9065556175721992
1.9086058546943532
1.907608607453118
1.9078026660193614
1.9070513387961554
1.9065467142263437
1.9065178961644178
1.907298003513585
1.9070020631779505
1.906514519549909
1.9083376979268356
1.9077813814877045
1.9088220420459519
1.9085783148177613
1.9098096989735058
1.9082910973842369
1.907792699773089
1.9077810343329955
1.9098096989735058
1.9085368973387506
1.9097517967531619
1.9064738473536986
1.9082445349657688
1.9072441921342274
1.907734396448696
1.9077224212664339
1.9097715737429388
1.908774840300903
1.9089688206684734
1.9082178881783172
1.9077135283767122
1.9076847307342324
1.908464422959929
1.9081686536955071
1.9076813648141997
1.9072827029210873
1.90672627811864
1.9077671302234176
1.90752335935116
1.9087549410633649
1.9072360780179096
1.9067375973346612
1.9067259257942757
1.9087549410633649
1.9074819102607223
1.908697008535317
1.9054185016341023
1.9071894912359144
1.9061889729102752
1.906679263506961
1.9066672770563213
1.9087167884326954
1.9077198938492834
1.9079138843423216
1.9071628230054178
1.9066583770076804
1.9066295692779076
1.9074094004222748
1.907113565211643
1.9066261940843796
1.906981958671644
1.906424999170008
1.90746684850056
1.9072228444004762
1.9084555982888824
1.9069352848747276
1.9064363289224027
1.906424645141948
1.9084555982888824
1.9071813491798146
1.908397604998757
1.905115969272988
1.9068886492328505
1.905887174634167
1.906377933915562
1.9063659335555818
1.9084174036509567
1.9074195599289288
1.9076137294373952
1.9068619510267555
1.9063570235023986
1.906328186891568
1.907108763952151
1.9068126422272695
1.9063248061487914
1.9079148042898533
1.9073577302792275
1.9083997980423886
1.9081557423233122
1.9093887657014144
1.907868126692054
1.9073690628440587
1.9073573781129485
1.9093887657014144
1.9081142474986257
1.9093307677034361
1.9060484265709208
1.9078214872610724
1.906819799421804
1.907310663091317
1.9072986636523293
1.90935057078438
1.908352509392644
1.9085467293094882
1.9077947897285052
1.9072897538249416
1.907260912983306
1.9080416554402608
1.907745475993861
1.9072575348131429
1.9089069963196585
1.9083498579371476
1.9093919954234895
1.9091479289024076
1.9103809026314573
1.9088602439122615
1.908361186025009
1.9083494825571763
1.9103809026314573
1.909106322348796
1.9103228115031101
1.9070404589830194
1.9088135296289714
1.9078118139719702
1.9083026925619195
1.9082906511508804
1.9103426125816123
1.9093445857867593
1.9095387025197004
1.9087867551935456
1.908281715646337
1.9082528511338912
1.909033624966167
1.9087373734422106
1.9082494334318076
1.9090291457071977
1.9084722301969923
1.9095139577041949
1.9092699864461729
1.9105024931290662
1.908982421461263
1.9084835545417804
1.9084718581248956
1.9105024931290662
1.909228411108014
1.9104444370162765
1.9071633474046834
1.9089357353306053
1.9079344084082859
1.9084250963278993
1.9084130652642455
1.910464230758432
1.9094665827746635
1.9096606389737596
1.9089089816646954
1.9084041366928253
1.908375286498478
1.9091557560157113
1.9088596281594832
1.9083718754972763
1.905184872285632
1.9046282369022265
1.9056694452139857
1.9054255950285193
1.9066574999204091
1.905138178101601
1.9046395560977227
1.9046278672071142
1.9066574999204091
1.905384050707826
1.9065994811771017
1.9033200071773806
1.9050915220181277
1.9040906904507822
1.9045811355060016
1.904569114329236
1.9066192653685397
1.90562210503071
1.9058160754917717
1.9050647887849697
1.904560192578042
1.904531358817196
1.9053114413212004
1.9050154659934595
1.9045279532305688
1.9091741633782058
1.9086175024403897
1.9096587519172616
1.90941489281451
1.910646829112206
1.909127457964106
1.9086288213980955
1.9086171296950045
1.910646829112206
1.9093733325891091
1.9105887963920098
1.9073092199930994
1.9090807906461456
1.9080799246418971
1.9085703867411956
1.9085583596999933
1.9106085809300624
1.9096113944389719
1.9098053573606728
1.909054046523083
1.9085494343128904
1.9085205965660996
1.909300707180346
1.90900471330988
1.9085171856995713
1.9083634671475356
1.9078071435910147
1.908847764656138
1.9086040524354384
1.9098352521972826
1.9083167936957817
1.9078184559932103
1.9078067722917227
1.9098352521972826
1.908562523029516
1.9097772592004958
1.9064996511168304
1.9082701583195576
1.9072698942905753
1.9077600613314205
1.907748043716611
1.9097970319734583
1.9088004419631606
1.9089942939426388
1.9082434342924826
1.9077391250368356
1.9077103058389482
1.90848994674178
1.9081941342605608
1.9077068991006885
1.9082963127657449
1.9077398747002348
1.9087807141979665
1.9085369503582748
1.9097684196098146
1.9082496355131073
1.9077511899148667
1.907739505262723
1.9097684196098146
1.9084954213483267
1.9097104219051753
1.9064321084147628
1.9082029963477787
1.9072025190782125
1.9076927905071757
1.9076807738133583
1.909730199106882
1.9087333914268758
1.9089272938147317
1.9081762729942322
1.9076718553593788
1.9076430319306859
1.9084228382298902
1.9081269680271522
1.9076396277650394
1.9071084594650303
1.906551664609488
1.9075931467980027
1.9073492351338985
1.908581400393861
1.9070617184602836
1.90656298426004
1.9065512836441736
1.908581400393861
1.9073076273923637
1.9085233233890722
1.9052430870892216
1.9070150155443075
1.9060139396090596
1.9065045050346547
1.9064924608606377
1.908543111181341
1.9075457373956135
1.9077397029034213
1.9069882390882962
1.9064835246787073
1.9064546728586775
1.9072349505018362
1.9069388721424356
1.9064512474387534
1.9072091910377167
1.9066525679456583
1.9076937224852595
1.9074498882496438
1.9086816492750631
1.9071624557342945
1.906663883377556
1.9066521841876727
1.9086816492750631
1.9074082799141472
1.9086235793320527
1.9053444011423228
1.9071157585019753
1.906115002427604
1.9066054112710225
1.9065933657155167
1.908643360481205
1.9076463132000405
1.907840203095282
1.9070889810356717
1.906584429194892
1.906555583721071
1.9073356132696713
1.9070396214925485
1.9065521544422264
1.9073099226104027
1.9067534712818288
1.9077942981725162
1.9075505413653893
1.908781898156265
1.9072631930083055
1.9067647824950718
1.9067530847311716
1.908781898156265
1.9075089324359313
1.908723835275034
1.9054457151954236
1.9072165014596434
1.9062160652461488
1.9067063175073902
1.9066942705703953
1.9087436097810695
1.907746889004468
1.907940703287142
1.907189722983047
1.9066853337110774
1.9066564945834643
1.9074362760375059
1.9071403708426613
1.9066530614456996
1.9056977252040903
1.905140178922727
1.9061830414300764
1.9059388092500114
1.9071725417990963
1.9056508865844468
1.9051515109709263
1.9051397859144057
1.9071725417990963
1.905897092155399
1.9071143434168218
1.9038298632889152
1.9056040860815342
1.904601702885047
1.9050929095597862
1.905080828939673
1.9071341557791146
1.9061355105720195
1.9063296753461916
1.905577236763835
1.905071868435362
1.9050429675596894
1.9058242689564033
1.9055277721903343
1.9050395180435256
1.9044826522140599
1.9039247756687918
1.9049683060810134
1.9047239120114057
1.9059585654902422
1.904435854541227
1.9039361201556895
1.90392440535896
1.9059585654902422
1.9046822760242266
1.905900418161001
1.9026136284020516
1.904389095054333
1.9033860310800206
1.9038775700868358
1.9038655224728784
1.9059202465051983
1.9049208613855726
1.9051152654900594
1.904362302880269
1.9038565810512929
1.903827683182124
1.9046095056131176
1.9043128706745995
1.9038242703559192
1.906426206739696
1.905868241239849
1.906911948919567
1.9066675121482515
1.9079024037109784
1.9063794164960484
1.9058795887769735
1.9058678758420713
1.9079024037109784
1.9066258924617547
1.9078442656507733
1.9045568728842655
1.9063326644545375
1.9053294216765428
1.9058210480273974
1.905809007198869
1.9078640980771
1.906864521441026
1.9070589834932523
1.9063058838439064
1.905800069638988
1.9057711715249586
1.9065531312420831
1.9062564571247713
1.9057677665512684
1.9084505254917803
1.9078925722832807
1.908936226190841
1.9086918053693767
1.909926553065632
1.908403694128742
1.9079039160568065
1.9078921928226296
1.909926553065632
1.9086501216680758
1.9098683638057243
1.9065812668492081
1.908356900938385
1.9073537336533652
1.9078453237924178
1.9078332585851494
1.909888193189765
1.9088887296103572
1.9090831110967619
1.908330076094608
1.9078243062558382
1.907795396428834
1.9085773031905535
1.90828061262386
1.9077919677629263
1.9056841153594324
1.9051265823411327
1.906169457455527
1.9059252182428972
1.9071590632526465
1.9056373290892488
1.9051379183907216
1.9051262064459578
1.9071590632526465
1.9058835810677945
1.9071009300469632
1.9038162565082544
1.9055905809696694
1.9045881567171101
1.9050793825595715
1.905067332182636
1.9071207451049272
1.9061220129944274
1.9063162658737804
1.9055637867750206
1.9050583900836635
1.9050295049069108
1.9058108311487876
1.9055143693748253
1.9050260843628652
1.905650538168537
1.9050929478957428
1.9061359322264415
1.905891667204315
1.9071256469589122
1.9056037499979122
1.9051042853515494
1.9050925729314583
1.9071256469589122
1.9058500302272
1.9070675113993032
1.9037824851572205
1.90555699998378
1.9045544691109284
1.9050457471474491
1.9050336972310098
1.9070873286716392
1.9060884877262845
1.906282765809827
1.9055302061258952
1.905024755244935
1.9049958679527796
1.9057772768928427
1.905480786258121
1.9049924486950411
1.9085955431627888
1.9080378445266781
1.9090810204039075
1.9088367117377136
1.9100708890487714
1.9085487306315851
1.9080491829131223
1.9080374643927387
1.9100708890487714
1.9087950431491718
1.910012723181458
1.9067271394376244
1.9085019562539256
1.9074992498869767
1.9079906142057144
1.9079785530208977
1.9100325433613956
1.9090335412746657
1.9092278294836753
1.908475140952996
1.9079696038759033
1.9079407064964553
1.908722254355188
1.9084256977742573
1.9079372779652217
1.9077298519263701
1.9071723823082383
1.9082151213202494
1.9079709158920408
1.909204554223707
1.9076830469969328
1.9071837150698094
1.9071719984507365
1.909204554223707
1.9079292465115498
1.9091463977720988
1.905862224841759
1.9076362801974824
1.9066340003117026
1.9071251558542044
1.9071130928274023
1.9091662090945476
1.908167642347235
1.9083618297394889
1.907609463549496
1.907104143230817
1.9070752543129796
1.9078564713789676
1.9075600302410738
1.9070718206365187
1.9085176798735712
1.9079598411740608
1.909003276649012
1.9087589074465403
1.9099933856530997
1.9084708523114156
1.9079711821351504
1.907959459851629
1.9099933856530997
1.908717223349265
1.9099352011010449
1.9066488095512755
1.9084240629101636
1.9074211088657282
1.907912594616663
1.9079005284884019
1.9099550260563414
1.9089557801466421
1.909150111224669
1.9083972373928586
1.9078915759332948
1.907862670337096
1.9086444117024437
1.908347778857269
1.907859239098575
1.9052290950001707
1.904670727747144
1.905715133561791
1.9054705391064184
1.9067061175559445
1.9051821979845809
1.904682077362808
1.9046703376895802
1.9067061175559445
1.9054287768715181
1.9066478466419605
1.903358474172633
1.905135339149024
1.9041314665780307
1.9046234029077744
1.9046113106808018
1.906667688830935
1.9056675503109526
1.9058620201214977
1.9051084615395468
1.9046023407364379
1.9045734004026942
1.905355861206555
1.9050589336224395
1.9045699517688155
1.907262672191066
1.9067043621925341
1.9077486587908763
1.9075040901449998
1.908739533849678
1.9072157770759177
1.9067157104019796
1.9067039712040794
1.908739533849678
1.9074623277121128
1.9086812652896208
1.905392245523666
1.907168920134913
1.906165154184212
1.906657038319897
1.9066449456324284
1.9087011052642238
1.9077010755790946
1.9078955201854513
1.9071420421886713
1.9066359755751663
1.9066070373568251
1.9073894154624995
1.9070925167391435
1.9066035874366394
1.9082991503191926
1.9077408587576814
1.908785074697787
1.908540529976687
1.9097757578816585
1.9082521935249577
1.9077522013217294
1.9077404466749175
1.9097757578816585
1.9084986715215948
1.9097174125220475
1.9064288364710797
1.9082052748606848
1.9072016221494452
1.907693451967428
1.9076813227118492
1.9097372479332206
1.9087373878330909
1.908931711590716
1.9081783305647249
1.9076723305004417
1.9076433747126385
1.9084256733852052
1.9081287499877768
1.9076398892541264
1.9042641226596817
1.9037057932524124
1.9047501041297887
1.9045055345415522
1.9057409377188013
1.9042171957547693
1.9037171393422683
1.9037053921822484
1.9057409377188013
1.9044637241965567
1.9056826295820035
1.9023936553218563
1.904170307004854
1.903166544363738
1.9036584274376012
1.9036463166963251
1.9057024683820778
1.9047024690720218
1.904896865856107
1.904143396052135
1.90363733561844
1.9036083875576661
1.9043907672958797
1.9040938418051079
1.9036049205114707
1.9086213123834885
1.908063606629988
1.9091067430140936
1.9088624493553907
1.9100964422725484
1.9085744269431297
1.9080749391332437
1.9080632023514652
1.9100964422725484
1.9088206688399367
1.910038185628792
1.9067529432007562
1.9085275796077137
1.9075249520433244
1.9080162790884392
1.9080041754710748
1.910058001591915
1.909059142936923
1.9092533027578409
1.9085006870671615
1.907995200536027
1.9079662816011713
1.908747778137039
1.9084511783393105
1.9079628122517103
1.9085098719033762
1.9079519688319806
1.9089954740301125
1.9087510940256351
1.9099855225831426
1.9084629695316235
1.9079633053161003
1.9079515642958567
1.9099855225831426
1.908709298199436
1.9099272449007185
1.906640841963374
1.9084161052780628
1.9074131234158944
1.9079046240872655
1.9078925159869526
1.9099470678535726
1.9089478565407572
1.909142084434881
1.9083892028578988
1.90788353775469
1.9078546084876808
1.9086363812283493
1.9083396763056182
1.9078511377172394
1.9085541580016978
1.9079963377392077
1.9090396925559223
1.9087953472782273
1.9100296096850802
1.9085072687604556
1.9080076730549
1.907995935322466
1.9100296096850802
1.9087535671587472
1.9099713483334715
1.9066854004986888
1.908460417635935
1.9074575768309612
1.907949008264194
1.907936905567822
1.9099911687253386
1.908992092400638
1.9091863026299336
1.9084335257689111
1.90792793085857
1.9078990076929088
1.9086806696251493
1.908384012105902
1.9078955409160618
1.9082563780732698
1.907699798972643
1.9087408316888943
1.9084970302953401
1.9097285441152467
1.908209592320829
1.9077111089969323
1.9076993971706195
1.9097285441152467
1.9084553418423462
1.9096704113495715
1.9063917792740175
1.9081628445997292
1.9071622362017229
1.9076525736833594
1.9076404974241798
1.9096901875886803
1.9086933360457752
1.9088871126316456
1.9081360116736108
1.907631542385319
1.9076026833279807
1.9083826053332313
1.9080866074247613
1.9075992237907107
1.9059206061643157
1.9053634545187415
1.9064055793980386
1.906161519909522
1.9073943811779073
1.9058738014074594
1.9053747786052135
1.905363062025624
1.9073943811779073
1.9061198334364005
1.9073362248729686
1.9040540657636804
1.9058270347408357
1.9048253601399068
1.9053162195621334
1.905304147907917
1.907356023255799
1.9063580833643508
1.906552111992111
1.90580020518236
1.9052951939980354
1.9052663137866697
1.9060470627737824
1.9057507762577197
1.9052628671124672
1.9078627102213361
1.9073054890299204
1.908347776897679
1.9081036756498155
1.9093368155295198
1.9078159446834293
1.9073168182862086
1.907305111530566
1.9093368155295198
1.9080620533894843
1.909278708070357
1.905995900447704
1.907769217271099
1.9067673605569033
1.9072583083849906
1.9072462615700105
1.9092985117098458
1.9083003499268776
1.9084944843246472
1.9077424322825327
1.9072373225424568
1.9072084519286634
1.907989336569367
1.907693037641926
1.9072050302329848
1.9078870289734202
1.907329820073352
1.9083720541689528
1.9081279688709403
1.9093609648841734
1.9078402223161224
1.9073411455660414
1.9073294285111242
1.9093609648841734
1.9080862825958058
1.9093028062253081
1.9060202944126463
1.9077934537549466
1.9067916725337253
1.9072825841500112
1.9072705129562906
1.9093226068225104
1.9083245580962087
1.9085186119281572
1.9077666245332343
1.9072615591593065
1.9072326768325383
1.9080135085178371
1.9077171931410148
1.9072292314446426
1.9089892110147224
1.9084321544694005
1.9094740751951222
1.9092300663832384
1.9104626176344985
1.908942378268985
1.9084434736238463
1.908431750032792
1.9104626176344985
1.9091883316020333
1.9104044264606728
1.9071230182639376
1.9088955835825556
1.907894125531796
1.9083848795040832
1.9083727888750668
1.9104242192402299
1.9094265273935631
1.9096204577906732
1.908868720344074
1.9083638237187657
1.9083349378957728
1.9091155231190526
1.9088192675570925
1.9083314715229474
1.90906707430394
1.9085101578220183
1.9095518189500182
1.909307870674412
1.9105401210301702
1.9090202565891543
1.9085214744018182
1.9085097545739016
1.9105401210301702
1.9092661514019398
1.9104819485410858
1.9072013481502865
1.9089734769263176
1.9079722665530445
1.9084628990931345
1.9084508134075626
1.9105017365452839
1.9095042885215865
1.90969817604968
1.9089466239042114
1.9084418516613741
1.9084129740551319
1.9091933657717974
1.908897186474081
1.9084095103895937
1.9079006388180786
1.907343416654946
1.9083856381435023
1.9081415598780551
1.909374443430623
1.9078537798113204
1.9073547381462463
1.9073430079795721
1.909374443430623
1.90809979368341
1.9093162195951665
1.9060339011933072
1.9078069588668112
1.9068052187016622
1.9072961111502258
1.907284009713328
1.9093360174966978
1.908338055673801
1.9085320214005677
1.907780074522049
1.9072750375110052
1.9072461394853166
1.908026946325453
1.9077305959565236
1.907242665125303
1.908766330054497
1.9082088788733855
1.9092515372271603
1.9090073557237277
1.9102407782556876
1.908719463445973
1.9082202059895594
1.9082084739215743
1.9102407782556876
1.908965590321032
1.9101825450045258
1.906898815789173
1.9086726349232541
1.907670468276936
1.9081615695017355
1.908149469906823
1.9102023517635454
1.9092039546012312
1.9093980211447539
1.9086457519255489
1.908140498156092
1.9081115916687927
1.9088927293016733
1.9085962634897073
1.9081081224540057
1.903958534761058
1.9034013821437672
1.9044434406438613
1.9041994041377612
1.9054320090790111
1.9039116365353503
1.9034126984652513
1.9034009584746296
1.9054320090790111
1.9041575737303262
1.905373736397778
1.902092066509283
1.9038647763365477
1.9028632182846656
1.9033540223273688
1.9033418960512338
1.9053935290426507
1.9043957891112742
1.904589649068031
1.9038378474218758
1.903332908966584
1.9033040013433231
1.9040846725298683
1.903788334572317
1.9033005020047844
1.9090042713279958
1.9084471821108733
1.9094891045085844
1.9092451017869054
1.9104775000500718
1.9089573544430347
1.9084584951443402
1.908446750479409
1.9104775000500718
1.9092032391740814
1.9104192041229142
1.9071380348427882
1.908910475564361
1.9079090618792587
1.9083997956220018
1.9083876566960007
1.9104389930322712
1.909441418464082
1.9096352129337397
1.9088835241963522
1.9083786621137375
1.9083497507493918
1.909130312760049
1.9088339954385662
1.9083462382784386
1.9081157118081085
1.9075588199088807
1.908600373492565
1.908356457116661
1.909588419739477
1.9080688118545401
1.907570128961483
1.9075583885350176
1.909588419739477
1.9083146098145822
1.909530144850987
1.9062501360801705
1.9080219498940119
1.907020890506688
1.9075114506231756
1.9074993161801224
1.9095499267706133
1.9085527048602475
1.908746431256699
1.907995008405614
1.9074903248950739
1.9074614238628818
1.9082417096687379
1.9079454974722585
1.9074579128129088
1.9094913550257533
1.9089333620280626
1.909976978114488
1.9097325783907202
1.9109669887049816
1.9094443666143353
1.9089446937974215
1.908932931227973
1.9109669887049816
1.9096906549308892
1.9109086039152994
1.9076220871911906
1.9093974162739782
1.9083943721571748
1.9088859047930606
1.90887374885626
1.910928425212326
1.9099292223431334
1.910123339513993
1.9093704260610513
1.9088647413109334
1.9088357843871686
1.9096176166134002
1.909320821070387
1.9088322688049058
1.9081434237407582
1.9075848520524465
1.9086295871879961
1.9083849213943398
1.9096207510903158
1.9080964368846194
1.9075961997657862
1.907584437592698
1.9096207510903158
1.9083430319217827
1.909562368361221
1.9062721766983823
1.9080494881731616
1.9070453401069485
1.9075374127893252
1.9075252736468575
1.9095822133231126
1.9085818655770441
1.9087762750727033
1.9080225234444497
1.9075162746152248
1.9074873023939203
1.908269988079716
1.9079729121538005
1.9074838115208337
1.906222737498591
1.9056642864649425
1.9067087762818036
1.9064641700820657
1.9076996583551105
1.9061757338836396
1.905675629484046
1.9056638631119762
1.9076996583551105
1.9064222482061324
1.9076412547340171
1.9043519163829208
1.906128768386864
1.9051248713077222
1.9056168214960805
1.90560466924325
1.9076610937460214
1.906661020197994
1.9068553390023653
1.9061017808680503
1.9055956626011064
1.9055666887541198
1.906349182565841
1.906052156136753
1.905563183462311
1.9093356284473186
1.908777355322828
1.909821490604697
1.9095769698083729
1.9108119819136387
1.909288609973997
1.908788692241478
1.908776922145754
1.9108119819136387
1.9095350153310768
1.9107535597544734
1.907465427418493
1.9092416295864554
1.908238090114678
1.908729865614958
1.908717699791269
1.9107733906022175
1.909773700087087
1.90996790299598
1.9092146189407762
1.9087086854257165
1.9086797120684504
1.9094619313079109
1.90916498323641
1.9086761910716128
1.9082470562506755
1.9076886175083738
1.9087330535530775
1.9084884633031904
1.909723807709764
1.908200011516333
1.9076999567638793
1.9076881800925345
1.909723807709764
1.9084464774124539
1.909665352888968
1.906376310347863
1.9081530048707116
1.9071491832845449
1.9076410972611015
1.9076289206295303
1.909685188858686
1.908685228367325
1.908879466605875
1.9081259731187523
1.9076198992179567
1.9075909136579954
1.9083733545143116
1.908076311635842
1.9075873846739686
1.9075385420613071
1.9069805930550474
1.9080240873181233
1.9077797204364166
1.9090138835451658
1.9074915032008704
1.9069919194167981
1.9069801442109202
1.9090138835451658
1.9077377168590883
1.9089554359328182
1.905669465322885
1.9074445023717328
1.9064416059312932
1.9069330672053983
1.9069208805649236
1.9089752523198011
1.9079762451888682
1.9081702490503571
1.9074174566989905
1.9069118545013601
1.9068828839940783
1.9076646086769604
1.9073678070026001
1.9068793381533906
1.9051278711841506
1.904570985430596
1.9056125121282017
1.9053686037272226
1.906600494416804
1.905080950670887
1.9045822926013996
1.9045705470252967
1.906600494416804
1.9053267244177432
1.9065421939284628
1.9032623330626417
1.9050340681359355
1.9040330464950994
1.9045235885056857
1.9045114418732625
1.9065619743269457
1.9055648089449133
1.9057584950584538
1.9050071045309653
1.9045024432034994
1.9044735363148195
1.9052537956429731
1.904957575221803
1.9044700134187378
1.9046027955058666
1.9040449998260702
1.9050882470984696
1.904843933720476
1.9060779083943873
1.9045558240258418
1.904056327614565
1.904044569283582
1.9060779083943873
1.90480202557139
1.906019544643373
1.902734188428573
1.904508890603629
1.9035062007846053
1.903997559794235
1.9039854083403818
1.906039358950668
1.9050405087392994
1.905234557836953
1.9044819102703137
1.90397640409227
1.903947457500659
1.9047290135220896
1.9044323231040796
1.9039439433393768
1.9067371042694485
1.9061795376076311
1.9072223480148118
1.9069781378748034
1.9082115735693235
1.9066901403911896
1.906190859771253
1.9061791033415807
1.9082115735693235
1.9069362289337686
1.9081532192340143
1.904869273832708
1.906643214547187
1.905640951209331
1.9061321014427255
1.9061199481468871
1.9081730246838209
1.907174609811869
1.907368558092767
1.9066162328668144
1.906110943447184
1.906082005317184
1.9068632305458695
1.9065666555708964
1.9060784860106743
1.9066821092636999
1.9061244342385664
1.9071674361922775
1.9069231824082014
1.9081568156591822
1.9066351210248622
1.9061357573328253
1.9061239948028603
1.9081568156591822
1.9068812418557397
1.908098431016169
1.9048139281131116
1.9065881708173318
1.9055857319853793
1.9060769685009904
1.9060648039367745
1.9081182393735772
1.9071196633602494
1.907313621766615
1.906561167693915
1.906055792078152
1.9060268438608587
1.9068082080082152
1.9065115670870323
1.9060233152808546
1.9086149548819091
1.9080571653477867
1.9091003857341067
1.9088560803310386
1.9100899830717146
1.908567962842189
1.9080684912544816
1.9080567277738614
1.9100899830717146
1.9088141401745509
1.910031593720849
1.9067463854110445
1.9085210088455535
1.9075183567730163
1.9080096976767453
1.9079975340335225
1.910051406507001
1.909052612823965
1.909246621638708
1.908494006395665
1.9079885224006954
1.9079595699525969
1.9087410994963252
1.9084444008536243
1.907956043945206
1.9066606914488466
1.9061029653148922
1.9071460495988288
1.9069017779801818
1.9081354740427752
1.9066136807498717
1.90611428793357
1.9061025197786399
1.9081354740427752
1.9068598056183061
1.908077061445984
1.904792353744549
1.906566708073366
1.9055642003676085
1.906055470971378
1.9060432946782884
1.9080968704966212
1.9070982421767724
1.9072921855044165
1.9065396831701407
1.9060342755478488
1.9060053193586652
1.9067867397265055
1.9064900617198728
1.906001780218859
1.9068499952181763
1.9062926064655168
1.9073350623377054
1.9070909376011105
1.908323897127852
1.9068030164815473
1.906303922528685
1.9062921623753586
1.908323897127852
1.9070489960587127
1.9082655242544706
1.9049827848682803
1.9067560757467787
1.9057541700162868
1.9062451455616032
1.9062329786949064
1.9082853215400177
1.907287289700962
1.9074811220863825
1.9067290709395408
1.906223966271794
1.9061950286315146
1.9069759792879395
1.9066794826705538
1.9061914936199764
1.9071614483750463
1.9066046198759865
1.9076460373572874
1.9074021547658047
1.9086339107105383
1.9071145297622243
1.9066159256405717
1.9066041805397969
1.9086339107105383
1.9073602752583378
1.908575612576123
1.9052961044136754
1.9070676491218248
1.9060667341012805
1.9065572239178084
1.9065450768248886
1.9085953907602342
1.9075983342130556
1.9077919951224076
1.9070406851800903
1.9065360780422276
1.906507173268951
1.9072873498989182
1.906991158338507
1.9065036490865623
1.9079278585073938
1.9073706098181342
1.9084128060926007
1.9081687418922841
1.9094014005235234
1.9078808948017163
1.9073819233066565
1.9073701669164678
1.9094014005235234
1.908126815858619
1.9093430463348837
1.906061114754629
1.9078339690905401
1.9068323110375356
1.9073231651506546
1.9073110032274019
1.9093628388450716
1.908365050828985
1.9085588403453888
1.9078069744996777
1.9073019942144025
1.9072730647908738
1.9080538219406837
1.9077574015875418
1.9072695324866231
1.9079599852296738
1.9074028132036458
1.908444885982774
1.9082008485343134
1.909433412948134
1.9079130552142016
1.9074141274055396
1.9074023794527986
1.909433412948134
1.9081589702147697
1.9093751006901611
1.9060934763074733
1.9078661632064888
1.9068646084641914
1.907355411445073
1.9073432671151311
1.909394892160505
1.9083971826042008
1.9085909947386865
1.9078392012853393
1.9073342690098574
1.9073053515441638
1.9080860243632485
1.9077896596382817
1.907301835079616
1.9078019767249084
1.907246539483652
1.9082856138975004
1.9080422517716973
1.9092719116092887
1.907755529947549
1.9072578465603416
1.9072462196233149
1.9092719116092887
1.9080010231693005
1.9092142006508743
1.9059410070754117
1.9077091212884567
1.9067102579026667
1.9071997357475954
1.907187826333614
1.9092339513375547
1.9082386200831898
1.9084324388812002
1.9076826018122146
1.9071789759458162
1.9071502472887052
1.9079287752096366
1.9076335170655083
1.907146931864416
1.9067119540596489
1.9061563706093188
1.9071957315069679
1.9069523008699616
1.9081823335362902
1.9066655128110335
1.906167682142454
1.9061560565919264
1.9081823335362902
1.9069110887662335
1.908124629492986
1.904850480206592
1.9066191097027716
1.9056199608930073
1.9061095782760336
1.9060976761079782
1.908144386476168
1.907148754870501
1.9073426568204388
1.906592602126727
1.9060888296947822
1.9060600986774086
1.9068388465826571
1.906543520398976
1.9060567923919407
1.9066340907704313
1.9060783672567014
1.9071179877520725
1.9068744965787883
1.9081048301406185
1.906587634490864
1.906089681364482
1.906078052050817
1.9081048301406185
1.9068332689663274
1.9080471074125729
1.9047721503202433
1.9065412163590103
1.905541819871759
1.9060315586869825
1.9060196515754828
1.9080668691711138
1.907070993742478
1.9072649385614326
1.9065146985665893
1.906010801752174
1.9059820625180492
1.906761003929912
1.9064656014819876
1.9059787535252946
1.9079684122107696
1.9074132806507238
1.9084517947040156
1.908208562568054
1.909437589208835
1.9079220067253826
1.9074245828159127
1.9074129662176442
1.909437589208835
1.90816738088783
1.9093799295967928
1.90610845403239
1.9078756393479626
1.9068773057540487
1.9073665236905035
1.9073546300278483
1.9093996703861404
1.9084048529309752
1.9085985935303118
1.9078491511943767
1.9073457900961843
1.9073170818585197
1.908095194655981
1.9078001075830653
1.9073137771287068
1.9079027082975946
1.9073474428198223
1.908386189584757
1.908142904887443
1.9093721604904903
1.9078562672215602
1.9073587456778571
1.907347120166814
1.9093721604904903
1.9081016756910842
1.9093144565938553
1.9060423211285127
1.9078098642461248
1.9068113207212112
1.9073006419839627
1.9072887311884927
1.909334200637419
1.908339195887617
1.9085329390730605
1.9077833437595901
1.9072798804620008
1.9072511581510982
1.9080294379774718
1.9077342664156212
1.9072478388678893
1.9081255892578204
1.907570718415837
1.9086087275527193
1.9083656155469533
1.9095939998693012
1.9080791820445724
1.9075820133121446
1.9075703962780322
1.9095939998693012
1.9083244169720859
1.9095363380500021
1.9062665236032776
1.9080328129054265
1.9070349779760714
1.9075239519863103
1.9075120501567369
1.9095560681141033
1.908561768679949
1.90875537571898
1.9080063121781152
1.9075032060246744
1.9074745043780785
1.908252231794851
1.9079572704830063
1.9074711879368311
1.9066355412390468
1.90607979831658
1.907119433090985
1.9068759409753409
1.9081062340097417
1.9065890531697154
1.9060911103047709
1.9060794730289858
1.9081062340097417
1.906834665450771
1.908048471704956
1.904773560118433
1.9065426032289507
1.905543210051285
1.9060329478046865
1.9060210226393794
1.9080682322889684
1.9070723872354045
1.907266284232088
1.9065160524300526
1.9060121617954475
1.9059834127188904
1.9067623557632927
1.9064669265479521
1.9059800866001253
1.9077134045282644
1.9071578016691975
1.9081971768458803
1.907953745266514
1.9091837374054133
1.9076669314898846
1.9071691110827422
1.9071574775700955
1.9091837374054133
1.9079124852506772
1.9091259937853688
1.9058518900047812
1.9076204965727122
1.906621351072533
1.9071109673937374
1.907099047171875
1.9091457495940227
1.908150148363428
1.9083440024910943
1.90759395599019
1.9070901897380557
1.907061448878249
1.9078401984160371
1.9075448454649402
1.9070581254667718
1.9087270143729227
1.9081713982507915
1.9092107608204294
1.9089673362736284
1.9101972159518632
1.9086804889850828
1.908182703662947
1.9081710570385433
1.9101972159518632
1.9089259963382814
1.9101394071552271
1.9068654967854424
1.9086340016845769
1.90763489724047
1.9081244943939522
1.9081125439289124
1.9101591602682098
1.9091636459410197
1.9093574119635048
1.9086074059790041
1.9081036680897543
1.9080749115310272
1.9088536362236526
1.9085582482804488
1.908071559147432
1.908006340807512
1.9074512082757495
1.9084896559498385
1.9082464467962934
1.9094752171099385
1.907959841853274
1.9074625026759506
1.9074508626666502
1.9094752171099385
1.908205121181756
1.9094174411216023
1.9061464547779934
1.9079133809436748
1.9069151638988076
1.907404326455739
1.9073923781711657
1.9094371761729927
1.9084425586778984
1.9086361306062325
1.9078867934338928
1.9073835050647328
1.9073547694151733
1.9081328044120671
1.907837665897663
1.9073514120210247
1.9078506142290774
1.907295201570515
1.9083341684400477
1.908090838213946
1.9093202103185958
1.907804085212935
1.9073065011200074
1.9072948535844312
1.9093202103185958
1.9080494815819433
1.9092623969607763
1.905989795005296
1.9077575942561515
1.9067588818563108
1.9072482872776364
1.9072363291061745
1.9092821415628842
1.9082870364218512
1.9084806940882195
1.9077309863136178
1.907227449179516
1.9071986970964552
1.9079771191065775
1.9076818280636862
1.9071953342877315
1.9081805842635688
1.9076258217849016
1.9086636393752534
1.9084205710135551
1.9096487577794423
1.9081342014108997
1.9076371157505718
1.907625504816752
1.9096487577794423
1.9083794040501143
1.9095911262678473
1.9063218693228738
1.9080878566352815
1.9070901972000238
1.9075790849280454
1.9075671943668493
1.9096108534243472
1.9086167151315683
1.908810312045132
1.9080613773510144
1.9075583573937058
1.9075296658344032
1.9083072543325055
1.9080123589668705
1.9075263586666509
1.9083177939643818
1.907763221686219
1.9088006309694205
1.9085576639609871
1.9097852306926244
1.9082713551339505
1.907774505787837
1.9077628808310885
1.9097852306926244
1.9085164003813804
1.9097275294432545
1.9064597743233886
1.9082249543187209
1.9072277279838012
1.907716404811944
1.9077044763011481
1.909747245393209
1.9087536031899919
1.9089470036422573
1.9081984076744425
1.9076956168351664
1.9076669140526095
1.9084441750230459
1.9081493415656168
1.9076635674876101
1.9091834852008
1.9086286839046587
1.9096665300530782
1.90942345980666
1.9106515655176888
1.9091370387686024
1.9086399736311488
1.9086283467730896
1.9106515655176888
1.909382197019002
1.9105938548526131
1.9073246889192537
1.9090906303751634
1.9080929775590751
1.9085818631634537
1.908569936494643
1.9106135796600563
1.909619502117422
1.9098130033864433
1.9090640850779417
1.908561077480253
1.9085323662360851
1.9093099579992656
1.9090150090987996
1.9085290248163127
1.908094913004156
1.907539946090204
1.9085780930014584
1.9083349533014766
1.9095633913138141
1.9080484403109383
1.9075512381535498
1.9075396047198705
1.9095633913138141
1.9082936591003785
1.909505647987108
1.9062355718486235
1.9080020056594191
1.9070040707289413
1.9074930948095963
1.9074811573329045
1.9095253779165247
1.9085310303976601
1.9087245669963377
1.9079754392559172
1.9074722912724928
1.9074435678256292
1.9082213812056665
1.9079263374982312
1.9074402184186687
1.9085664441453074
1.908012259385544
1.9090488915475694
1.9088061122381745
1.9100326232952127
1.9085199662685073
1.9080235296422456
1.9080118949010336
1.9100326232952127
1.9087647673531467
1.9099748733467357
1.9067097805612856
1.908473526331811
1.907477087395009
1.9079653796970166
1.9079534177195694
1.909994571100413
1.909001777644581
1.9091949135623425
1.9084469222071327
1.9079445390579635
1.9079158353843058
1.908692492622276
1.908397826198055
1.9079124508430412
1.9103314038090395
1.9097768182678132
1.9108142149439702
1.9105712549681022
1.9117987092390747
1.910284912629149
1.9097880983680424
1.9097764602995366
1.9117987092390747
1.9105299114689849
1.9117409428131136
1.9084733811040502
1.9102384594305861
1.9092412741517384
1.9097299318121586
1.9097179730581852
1.9117606560673965
1.910767100767584
1.910960413114668
1.9102118576632574
1.909709095186865
1.909680376705388
1.9104576128306614
1.9101627443811255
1.9096770011682709
1.907743588538595
1.907189735014453
1.9082257656508088
1.907983125248541
1.9092089717029628
1.907697163183836
1.9072010005974447
1.907189379007473
1.9092089717029628
1.907941843190393
1.9091512870777467
1.9058880147025463
1.9076507757632997
1.906654901055277
1.9071429164047315
1.9071309760430468
1.9091709745874768
1.908178721084105
1.9083717863425536
1.907624213851182
1.9071221114734835
1.9070934322052173
1.9078696462094749
1.907575169399192
1.9070900636383292
1.907699302440273
1.9071453661072257
1.908181547124999
1.9079388719959496
1.9091648846010252
1.9076528639550039
1.9071566328586451
1.9071450079808634
1.9091648846010252
1.9078975742310817
1.909107183644994
1.9058434561672308
1.9076064634054277
1.9066104476402097
1.9070985322278025
1.9070865864621773
1.9091268737157108
1.908134485224224
1.908327568147501
1.90757989094017
1.9070777183696037
1.9070490329999898
1.9078253578126754
1.9075308335989078
1.9070456604395079
1.9085557352378806
1.9080015249237068
1.9090381982508446
1.9087954100241649
1.910021952487009
1.908509246131012
1.9080127949426178
1.908001157388923
1.910021952487009
1.90875404923443
1.9099641885616432
1.9066989933770044
1.9084627949598278
1.9074663215861236
1.9079546309322102
1.9079426630903258
1.9099838866619352
1.9089910670528423
1.9091841954312432
1.9084361799452456
1.907933780792812
1.907905073133209
1.9086817584814209
1.9083870735144752
1.9079016833120435
1.9088870923572043
1.9083316981356615
1.909370584346958
1.909127278045633
1.9103564343505757
1.908840501661975
1.9083429920397559
1.9083313290552681
1.9103564343505757
1.9090858253914251
1.9102985441932026
1.907026385952709
1.9087939489819228
1.9077953498215439
1.908284700925167
1.9082727061855944
1.9103182842318813
1.9093233486758472
1.909516885493484
1.9087672746896702
1.9082638041047915
1.9082350344522678
1.9090133770292828
1.9087180613123194
1.9082316361052183
1.9079771150224636
1.907421867009995
1.9084604667374903
1.908217228947369
1.9094460124235744
1.907930518798491
1.907433156457645
1.907421492086657
1.9094460124235744
1.9081757597944922
1.9093881153510912
1.906116912821529
1.9078839605676081
1.906885646831203
1.9073748583967287
1.9073628564112302
1.909407849093268
1.9084132138885364
1.9086066675542455
1.9078572743751585
1.9073539503558248
1.907325183063565
1.908103305656263
1.9078080579788526
1.9073217755776937
1.9066856292118315
1.9061298914633213
1.9071694329724445
1.9069259718141423
1.9081559365881724
1.9066390271139533
1.906141193804725
1.9061295279682713
1.9081559365881724
1.9068845203478577
1.908098032307241
1.904823757846507
1.9065924630665865
1.9055932241844542
1.906082888452432
1.9060708964758366
1.9081177856321527
1.9071221970669927
1.9073158851097634
1.9065657907949196
1.9060619950724211
1.9060332127274813
1.9068120514936135
1.9065165626120946
1.906029822098272
1.9075055838813124
1.9069495537146552
1.9079896681913797
1.9077460700106705
1.9089767804421756
1.9074589928409218
1.906960864968949
1.9069492019054937
1.9089767804421756
1.9077046515417242
1.908918889991464
1.905642704108867
1.9074124398952161
1.9064126301651356
1.9069025735093088
1.9068905960245652
1.90893865590938
1.9079424666416152
1.908136320988241
1.9073857914239432
1.9068817025703537
1.9068529155048881
1.9076321942396541
1.9073365692790287
1.9068495431533214
1.906684178743216
1.9061284604034427
1.9071679876335321
1.9069245274175897
1.9081545327190492
1.906637608435102
1.9061397648644365
1.9061281069901024
1.9081545327190492
1.9068831238634139
1.908096668014858
1.9048223480483173
1.9065910761966458
1.9055918340049287
1.9060814993347277
1.9060695254119397
1.9081164225142981
1.907120803574066
1.9073145394391076
1.906564436931456
1.9060606350291476
1.9060318625266406
1.9068106996602334
1.9065152375461298
1.906028489023441
1.9056306342060831
1.9050747880942567
1.9061145211499102
1.9058710163475407
1.9071011786780312
1.9055840077476258
1.905086091366297
1.9050744194295506
1.9071011786780312
1.9058295332698287
1.9070432440893954
1.9037684121269105
1.9055374193367312
1.9045380049605023
1.905027755510697
1.905015752265724
1.9070630003219087
1.9060672506153733
1.9062609487836109
1.90551072562202
1.905006843703389
1.9049780512711567
1.9057570289559587
1.90546147412823
1.9049746513684518
1.9067420746861958
1.9061864258922643
1.9072257901338914
1.9069823716772962
1.9082120983674367
1.9066954651591321
1.9061977251834412
1.90618605748516
1.9082120983674367
1.9069409039103298
1.9081541848174692
1.9048805133642934
1.9066488936663826
1.9056498335879326
1.9061394105118707
1.9061274117498463
1.9081739340602513
1.9071785370115393
1.9073721671065709
1.9066222098312826
1.9061185064847261
1.9060897243846469
1.9068684258646489
1.9065729761619228
1.906086325902923
1.9087649429696647
1.9082093258758173
1.9092486220662523
1.9090052205018677
1.910234843852967
1.9087183241129737
1.9082206235229848
1.908208953487549
1.910234843852967
1.9089637366322074
1.9101769186800368
1.9069034975310453
1.9086717432802889
1.9076727553852288
1.9081622971591874
1.908150292072229
1.9101966660550616
1.9092013516879431
1.9093949490394249
1.9086450482185204
1.9081413830583027
1.908112599087681
1.9088912459797385
1.908595806595047
1.9081091940397497
1.9065527709168657
1.9059967847416395
1.9070367773950145
1.9067932120563673
1.9080236752823596
1.9065061294274566
1.9060080905883259
1.9059964148884412
1.9080236752823596
1.906751713469923
1.9079657220089825
1.9046900822405621
1.9064595259929698
1.9054598639392542
1.9059497359216457
1.9059377277332283
1.907985483016855
1.90698948948735
1.907183230524605
1.906432822061883
1.9059288157607812
1.905900015111798
1.9066791863032144
1.906383555211242
1.9058966125018058
1.9085313531020125
1.9079753158179649
1.9090153908015655
1.9087718076283473
1.9100023336659526
1.908484689152466
1.90798662118907
1.9079749398642205
1.9100023336659526
1.908730277232489
1.9099443524387976
1.906668507871999
1.9084380632490043
1.9074383323214832
1.9079282383920335
1.9079162184747422
1.909964114139899
1.9089680683038728
1.9091617942624062
1.9084113375381082
1.9079072992304775
1.907878490609604
1.9086577180215047
1.9083620498440816
1.90787507743981
1.906879284387009
1.9063238257935817
1.9073627817280587
1.9071194646247283
1.908348571280619
1.9068326188821827
1.9063351152207062
1.906323433499496
1.908348571280619
1.9070779002415958
1.9082905879928762
1.9050184183648076
1.9067859913498217
1.9057873643717103
1.9062767303957697
1.9062646936841452
1.9083103260291128
1.9073154250699627
1.9075088587036961
1.9067592401547109
1.9062557659261865
1.9062269726028531
1.907005346555189
1.9067099587606688
1.9062235347238827
1.9077206568713427
1.9071649569685896
1.9082044035404426
1.9079609672492763
1.9091907567510296
1.9076740248841417
1.9071762557841854
1.9071645824609396
1.9091907567510296
1.9079194676728959
1.9091328152472842
1.9058589389957306
1.907627430922417
1.9066283019701618
1.9071179129822589
1.90710590249136
1.9091525651832957
1.9081571158280621
1.9083507308443726
1.9076007253075082
1.9070969899544226
1.907068199882453
1.907846957582939
1.907551470794763
1.9070647908409277
1.9088242893812604
1.908268722424517
1.9093078699055241
1.9090645091581266
1.9102938133704777
1.9087775995158553
1.9082800127822783
1.9082683249607757
1.9102938133704777
1.909022913163567
1.910235799775031
1.9069630726452111
1.9087309476199665
1.907732145147758
1.9082215974540346
1.9082095494740323
1.9102555407188688
1.9092604786183431
1.909453922377544
1.908704174981811
1.9082006145571546
1.9081718111465282
1.9089503240175343
1.908654870276805
1.9081683639940628
1.9093693324057819
1.9088147458928388
1.9098520761897928
1.9096091391963412
1.9108363371401782
1.9093227477570398
1.90882601822808
1.9088143567485423
1.9108363371401782
1.9095676517629103
1.9107784543379227
1.9075113818496525
1.9092762010262974
1.908279132296497
1.9087677345773935
1.908755721201502
1.9107981618542478
1.909804806514507
1.9099979501905882
1.9092494999027725
1.9087468101554137
1.9087180642620414
1.909495222586747
1.9092003026957234
1.908714636060588
1.9081664187917937
1.90761150816062
1.908649479476367
1.9084063885682976
1.9096344355086514
1.9081198545301665
1.90762279105276
1.9076111346833757
1.9096344355086514
1.9083649502348987
1.9095765781595777
1.9063073439452605
1.9080733282410203
1.9070756164798819
1.907564532986954
1.9075525404278475
1.9095963001366645
1.9086022614127254
1.908795604136212
1.9080466621445586
1.90754364107977
1.9075148923364138
1.9082925452176973
1.9079974789295333
1.907511488978811
1.9100306595595968
1.909475539319181
1.9105139332211123
1.9102707400174181
1.9114993664645923
1.9099841194859672
1.909486829955784
1.909475179647209
1.9114993664645923
1.910229350388077
1.9114415392765536
1.9081708487429359
1.9099376174275224
1.9089394758756302
1.9094286022207598
1.909416629557446
1.9114612712856576
1.9104667668472293
1.910660258209742
1.9099109856845948
1.9094077416815833
1.909378994319049
1.9101569763605375
1.9098618213967522
1.909375613232683
1.9091313911322827
1.9085764426553509
1.909614508908369
1.909371393133163
1.910599615345794
1.9090848567599776
1.908587729073299
1.908576080190707
1.910599615345794
1.9093300029098603
1.9105417952195343
1.9072721627960367
1.9090383603851901
1.9080405386941743
1.908529508457127
1.908517534412324
1.9105615205855218
1.9095673426516562
1.9097607584016025
1.9090117276319696
1.908508646197768
1.908479905181442
1.909257639128372
1.9089625707468645
1.9084765202361555
1.9092092544215002
1.9086544460079686
1.9096922526632643
1.9094491974243366
1.9106771187414655
1.9091627350801472
1.9086657298512708
1.9086540847318165
1.9106771187414655
1.9094078227097668
1.9106193172999473
1.9073504926823857
1.9091162537289519
1.908118679715423
1.9086075280461783
1.9085955589448196
1.910639037890576
1.9096451037796796
1.9098384766606085
1.909089631192107
1.9085866741403767
1.9085579413408007
1.9093354817811166
1.9090404896638526
1.9085545591028017
1.9092228642661582
1.9086680425895628
1.9097058366378137
1.9094627884314512
1.9106905972879156
1.909176292575345
1.9086793224314755
1.9086676642002645
1.9106905972879156
1.9094213337973711
1.9106327306698059
1.9073640994630465
1.9091297588408165
1.9081322258833595
1.908621055046393
1.9086090557018571
1.9106524485647625
1.9096586013572716
1.9098518861330191
1.909103081180921
1.9086001524920753
1.908571403993579
1.909348919588732
1.9090538924793619
1.9085679927834616
1.9093678819371662
1.9088133148329605
1.9098506308508802
1.9096076947997884
1.910834933271055
1.909321329078188
1.908824589287791
1.908812935770373
1.910834933271055
1.9095662552784667
1.9107770900455394
1.907509972051463
1.9092748141563567
1.9082777421169712
1.9087663454596893
1.9087543501376054
1.9107967987363932
1.90980341302158
1.9099966045199326
1.9092481460393094
1.9087454501121401
1.9087167140612007
1.9094938707533666
1.9091989776297589
1.908713302985757
1.910068588156339
1.9095134669442064
1.9105517944669355
1.9103086242456575
1.9115369943656957
1.9100219546138586
1.9095247498158217
1.909513076096215
1.9115369943656957
1.9102670906820025
1.911479050801363
1.9082088494885392
1.9099753590232345
1.908977334020389
1.9094664049859946
1.9094543777007629
1.9114987770725094
1.910504472594152
1.9106977952856623
1.909948627924111
1.9094454566501318
1.9094166818757021
1.9101945861166236
1.9098993797113497
1.9094132481250004
1.9101907375438785
1.909635839204051
1.9106737567476408
1.9104306817894223
1.9116585848633048
1.9101441321628598
1.909647118332593
1.9096354516639342
1.9116585848633048
1.9103891794412207
1.9116006763145288
1.9083317379102027
1.9100975647248681
1.909099928456704
1.9095888087519748
1.9095767918141278
1.9116203952493296
1.9106264695820563
1.9108197317397215
1.9100708543952603
1.90956787769662
1.9095391172402894
1.910316717166168
1.9100216344286227
1.9095356901904688
1.9089021526704775
1.9083467257771347
1.9093856136604197
1.9091423134493
1.9103713167661494
1.9088554778360247
1.90835801356025
1.9083463295018852
1.9103713167661494
1.9091007329634733
1.910313321855444
1.90704140253156
1.9088088409637283
1.9078102861690063
1.908299617043086
1.908287574006528
1.910333058023923
1.9093382397463663
1.9095316406365506
1.9087820785419483
1.9082786424997633
1.9082498473058873
1.909028166670279
1.9087327891937929
1.9082464028607093
1.9070714890935705
1.9065163290639635
1.9075546851447602
1.907311513038762
1.9085398021039424
1.9070247919715608
1.9065276076963986
1.9065159180525522
1.9085398021039424
1.9072698836508903
1.9084817793861288
1.9052116690849186
1.906978132763116
1.90598011437944
1.906469183221403
1.9064571198285567
1.9085015033082184
1.9075072595800056
1.9077004866269738
1.9069513356510381
1.9064481767366783
1.9064193822773838
1.9071972897833844
1.9069020298432793
1.9064159142746624
1.9073143374000332
1.9067596425237743
1.9077971643672587
1.9075541837297398
1.908781579230037
1.9072677283907122
1.9067709157896524
1.9067592482098223
1.908781579230037
1.9075126646848823
1.9087236661200775
1.9054560361300565
1.9072211572964424
1.906223913072545
1.9067126016356588
1.9067005769913898
1.908743376544004
1.9077498600628873
1.9079430138644358
1.9071944347298737
1.9066916587863818
1.9066629028057167
1.9074402000490929
1.9071452142118597
1.9066594653307682
1.9092136058273472
1.908658739187604
1.909696588680002
1.9094535306139937
1.910681330348835
1.909166991116701
1.9086700166721364
1.908658347666323
1.910681330348835
1.909412012163098
1.9106234101770965
1.9073547220769551
1.909120414338774
1.9081228502540002
1.908611695399291
1.9085996721365108
1.9106431272441395
1.9096492842584603
1.9098425136725754
1.9090936927824977
1.9085907542701968
1.9085619919433237
1.909339537281258
1.9090444648617464
1.9085585583272953
1.9087357171846162
1.9081799846100624
1.909219432853904
1.9089760026529434
1.9102056391666027
1.9086890010581912
1.908191277304679
1.908179582907556
1.9102056391666027
1.908934375244944
1.9101475929095255
1.906873955574581
1.908642322904222
1.9076432383176243
1.9081328291001771
1.9081207703122938
1.9101673389753369
1.9091720068985811
1.9093654859874385
1.9086155291597862
1.9081118283493947
1.9080830127360726
1.9088617472239346
1.9085661986762366
1.9080795575964185
1.9053249829236765
1.904768498923301
1.9058093274859778
1.9055655767690565
1.906796780571838
1.9052781691823548
1.904779804015565
1.9047680851777877
1.906796780571838
1.9055238400079793
1.9067386129372754
1.9034607317742747
1.9052313934414487
1.9042310015936112
1.9047212336253085
1.904709138391329
1.9067583835731106
1.905761780074987
1.905955458430208
1.9052045268353248
1.9047001721060492
1.9046713074370836
1.9054510656785015
1.9051550987241348
1.9046678282011904
1.907369269021998
1.9068128678305287
1.907853546011788
1.9076098300216482
1.9088408676737756
1.9073224684111867
1.906824171754365
1.906812456204398
1.9088408676737756
1.9075681089672911
1.908782716370028
1.9055052903095897
1.9072757057993213
1.906275455008678
1.9067656178022374
1.9067535279721988
1.908802484444877
1.907806015934868
1.9079996766252612
1.9072488497463376
1.9067445652099293
1.906715706642312
1.9074953540753017
1.9071994345244188
1.906712231400013
1.907436423403789
1.9068801367213088
1.907920596469959
1.9076769320988118
1.9089077002612438
1.907389626593861
1.9068914378327089
1.9068797232333972
1.9089077002612438
1.9076352106484802
1.908849553665349
1.9055728330116573
1.9073428677711
1.9063428302210415
1.9068328886264827
1.906820797875451
1.9088693173114533
1.9078730664711527
1.9080666767531682
1.907316011044588
1.906811834887386
1.9067829805505738
1.9075624625871914
1.9072666007578274
1.9067795027356615
1.9087950635962114
1.9082393811587626
1.9092786806931759
1.9090352913092021
1.9102646086841133
1.9087482764610726
1.9082506665639722
1.9082389543807827
1.9102646086841133
1.9089935517763037
1.9102064740045197
1.9069335306887472
1.9087015272438996
1.9077026280801535
1.9081921293950246
1.9081800277140968
1.9102262136391446
1.9092311338289811
1.9094244593255572
1.9086746559230765
1.9081710598482464
1.9081422247949196
1.90892082526173
1.908625262357994
1.9081387275507318
1.9075921499822235
1.9070361434265435
1.90807608397975
1.9078325406811587
1.9090627070525865
1.9075453832341995
1.907047439388652
1.9070357323156162
1.9090627070525865
1.9077908502482923
1.909004597826175
1.9057294927843544
1.907498654458623
1.9064991122635382
1.906988927804585
1.9069768469404424
1.9090243519215615
1.9080285887271995
1.9082221132711807
1.9074718181648624
1.9069678907726029
1.9069390528692922
1.9077181478926808
1.907422438591804
1.906935580468955
1.9065936004508395
1.9060375744864222
1.9070775293186626
1.9068339850777112
1.9080641109217098
1.9065468019130507
1.9060488683289412
1.9060371532937848
1.9080641109217098
1.9067922467327365
1.908005962118558
1.9047309025825447
1.906500041328564
1.905500502443064
1.9059903169222894
1.9059782180043396
1.9080257150394158
1.9070299822201264
1.9072234589418364
1.9064731720283261
1.905969250815876
1.9059404030701328
1.906719499726061
1.9064237636577688
1.9059369135437854
1.9062149929121792
1.9056582921851724
1.9066995038409091
1.9064556658358538
1.9076872647515557
1.9061681304496998
1.9056695991387107
1.9056578681003478
1.9076872647515557
1.9064138658519225
1.9076290365015853
1.9043500403350822
1.9061213059817388
1.9051205631457075
1.9056109677418394
1.905598849971104
1.907648812952623
1.9066518871717482
1.9068455857779039
1.9060943964895263
1.905589869367986
1.905560984524435
1.9063410206031928
1.9060449217564068
1.9055574867415508
1.9082835977625854
1.9077269921358309
1.9087679996379925
1.9085242123095696
1.9097555012081469
1.9082367073112254
1.9077382941573426
1.9077265561075156
1.9097555012081469
1.908482364017555
1.9096972380892885
1.906418992835339
1.9081898548234588
1.907189328537596
1.9076796276837882
1.9076674909382536
1.909717008937054
1.9087203312009597
1.9089139315764667
1.9081629116512395
1.907658499088716
1.9076296086335376
1.9084094809484622
1.9081134130557795
1.9076260911520309
1.9073843293352715
1.9068278954720013
1.9078685753252496
1.9076248654253154
1.908855750089349
1.9073374445852362
1.9068391932748587
1.9068274566510146
1.908855750089349
1.907583016539339
1.9087974940322698
1.9055203068884405
1.907290597781127
1.9062903913561409
1.906780533920156
1.9067683957931327
1.908817258236919
1.9078209070053873
1.9080144317683272
1.9072636535986154
1.9067594036049011
1.906730519495931
1.9075101437162976
1.9072141624058925
1.9067269981555042
1.9087293596830366
1.9081735433278608
1.9092130755739174
1.9089696336285906
1.9101991799657685
1.90868253695725
1.9081848294259172
1.9081731083299518
1.9101991799657685
1.9089278465795585
1.9101410010015822
1.906867397784869
1.908635752142062
1.9076366430473162
1.9081262476884833
1.9081141288747414
1.910160743890423
1.909165476785623
1.9093588048683057
1.9086088484882902
1.9081051502140634
1.9080763010874982
1.9088550685832208
1.90855942119055
1.908072789289914
1.9086286281103504
1.9080726399916907
1.9091124998866604
1.9088689805128454
1.910098931084567
1.9085817996832388
1.9080839303084012
1.908072207786453
1.910098931084567
1.9088271940577743
1.910040745058601
1.906766083731768
1.908535009184394
1.9075355802287717
1.9080253414521162
1.9080132240198628
1.9100604945905586
1.9090649009811957
1.9092583046764453
1.9085081065409144
1.908004245697878
1.9079753902251047
1.9087544058153862
1.9084586718404373
1.9079718822864407
1.9074514837170624
1.9068951643627816
1.9079356257834208
1.9076919675024788
1.9089225826768168
1.9074046027679101
1.9069064593532026
1.9068947236800142
1.9089225826768168
1.9076501182205285
1.9088643313275901
1.9055878495905079
1.9073577597529054
1.9063577665685039
1.9068478047444013
1.9068356656963852
1.908884091103495
1.9078879575416723
1.9080814318962342
1.9073308148968655
1.906826673282358
1.9067977934041933
1.9075772522281873
1.9072813286393009
1.9067942694911526
1.909961499082073
1.9094061223258347
1.9104448614996916
1.9102016021055594
1.9114302862836599
1.9099147532389062
1.9094174028195436
1.909405700975112
1.9114302862836599
1.9101599094948334
1.9113722029504385
1.9081009776457258
1.9098680453034063
1.9088696759315358
1.9093589173379335
1.9093468314083317
1.9113919326877309
1.9103973666767669
1.9105906139746696
1.9098412053052394
1.909337873998615
1.9093090593647346
1.9100872447080746
1.909791852875551
1.9093055728150226
1.9098500586019602
1.9092944845278275
1.9103335925157106
1.910090246775804
1.9113193665942547
1.9098032958274
1.9093057690024002
1.909294062919503
1.9113193665942547
1.9100485388543325
1.9112612622223655
1.9079888764083437
1.9097565709737556
1.9087578473041058
1.9092472623367596
1.90923517192421
1.9112809989493886
1.9102860802806012
1.9104793956517097
1.9097297210959767
1.9092262112172784
1.9091973862512446
1.9099758477993853
1.9096803508418583
1.9091938982805519
1.9081843800422988
1.9076293979218497
1.9086673994676535
1.9084243127650695
1.909652125662471
1.9081376680619184
1.9076406704538307
1.90762897708633
1.909652125662471
1.9083826507758346
1.9095940844065853
1.9063251801204908
1.908090993962708
1.9070933331863955
1.907582227340281
1.9075701503765756
1.9096138001644152
1.9086199394690981
1.9088130506205887
1.908064173723764
1.9075611995612887
1.9075324055917149
1.9083100385254543
1.9080148569429358
1.9075289218839642
1.9101172256605077
1.9095621290310694
1.910600349009483
1.9103572106879063
1.9115852930750032
1.9100705098792445
1.9095734043754873
1.9095617100573312
1.9115852930750032
1.9103155490946457
1.911527247111265
1.9082576374184235
1.9100238319909295
1.9090259579740325
1.909514956516036
1.909502880473323
1.9115469672978391
1.9105528889328134
1.9107460504926823
1.9099970124255141
1.9094939298838318
1.9094651316834528
1.9102429300135644
1.9099476907095276
1.9094616505483157
1.9089858178341574
1.908430453369266
1.9094691387709648
1.9092258953266832
1.9104544356383135
1.9089390308715994
1.9084417300993761
1.9084300179556697
1.9104544356383135
1.909184138701154
1.9103963011053895
1.9071253716106675
1.9088922817872536
1.9078939879083576
1.9083831931029538
1.9083710827946117
1.9104160278003954
1.909421574846097
1.909614741578179
1.9088653975559404
1.9083621106154651
1.9083332842686098
1.9091114166565453
1.9088160083746395
1.9083297740266802
1.907807222972254
1.9072515466804785
1.9082908193288128
1.9080474379197643
1.9092766833614405
1.9077604152774192
1.907262830203889
1.9072511128710619
1.9092766833614405
1.9080056663794647
1.9092185230819956
1.905945727671218
1.907713645485824
1.9067147840685643
1.9072042672775351
1.9071921534072374
1.9092382611954772
1.908243237913647
1.9084365231273126
1.9076867520484277
1.9071831781566717
1.9071543372468571
1.907932911235966
1.9076373401075386
1.9071508281565608
1.9065571857064962
1.906002955983585
1.907039643589757
1.9067968544207177
1.9080233563561317
1.9065106648098633
1.9060142238829065
1.906002578367092
1.9080233563561317
1.9067554457188736
1.9079655528540258
1.9047004031751937
1.9064641818297687
1.9054677117656496
1.9059560200499144
1.9059440341542226
1.9079852497797891
1.9069924605457693
1.9071855411018983
1.9064375338087092
1.905935140836085
1.9059064233340497
1.906683110314801
1.9063883985804397
1.9059030163868742
