1.9230941411914073
1.9231866322157365
1.9230545533480308
1.9235219970814341
1.9242108048256084
1.9245294499527343
1.9240257171828996
1.9231251994941323
1.9231403592678527
1.921639352697123
1.9218028281554556
1.9216151448515804
1.9217944039680153
1.9224809323249783
1.9239987322497392
1.9233363201168558
1.9244947080444774
1.9241617212175546
1.9246797783233305
1.9224262040809559
1.921437255541127
1.9215765605302222
1.9217588246244217
1.9217371059678263
1.921570609776532
1.9213937634045455
1.9217099696156672
1.9223666561232693
1.921690732333592
1.9230479780799892
1.9251191240172931
1.923464965918288
1.9239609754519837
1.9232955056510386
1.9239526269219498
1.9244349914619399
1.9232601350250684
1.9241102816279967
1.9251513329248358
1.9246176436660316
1.9252905015215305
1.9251186127984588
1.9239090173542226
1.9239168425769724
1.9234207396226892
1.9232253001147703
1.9245580392117738
1.9232169558705854
1.9240589081330175
1.9238630278855555
1.9233614305635975
1.9231816555424657
1.9243719776353443
1.9238600975744737
1.92541366714834
1.9250835050217199
1.925072785217056
1.9250430766460151
1.923001870027213
1.9245039049613764
1.924017872164265
1.923151308972795
1.9233071028828244
1.923824920223749
1.9231611500932362
1.9225370233377737
1.9226291145332255
1.9224967232046843
1.9229651041782503
1.9236552051968496
1.923974605852334
1.9234698487594184
1.922567791412566
1.9225830413538634
1.9210789969792392
1.921242817667526
1.9210548387285555
1.921234459455135
1.9219222530968034
1.9234429593266191
1.9227792323386812
1.9239399511764683
1.9236063669354035
1.9241252902045873
1.9218677911893534
1.9208767638350226
1.9210164636802034
1.9211990424974874
1.9211774010127314
1.9210106065273043
1.920833426195672
1.9211503611987817
1.9218084551747698
1.9211312286990987
1.9224910605786527
1.9245658886055477
1.922908310845031
1.9234053363652786
1.922738598484915
1.9233970533675993
1.923880518247113
1.9227033895027126
1.9235551458268803
1.9245979831511846
1.9240634117044944
1.924737619066785
1.924565450775662
1.923353670738336
1.923361504068482
1.9228643855788154
1.9226686425065245
1.9240040911335612
1.9226603640519988
1.923503991168525
1.923307881235054
1.9228052878813098
1.9226252257438006
1.9238179086919946
1.9233049974222014
1.924861309205494
1.9245305037825944
1.924519822185537
1.924490255497301
1.922445153170219
1.9239502221257174
1.923463209751966
1.9225950961153355
1.9227512266689735
1.9232699819045376
1.9226050467148919
1.9222471737260935
1.9223394374529166
1.9222069215803033
1.9226757665825422
1.9233665634862573
1.9236862643737453
1.9231810092034307
1.9222780212460344
1.9222932779931707
1.9207877474721209
1.9209517280341342
1.9207635516569117
1.920943350030991
1.9216318405248447
1.9231540723505234
1.9224896859552594
1.9236515535727827
1.923317629091388
1.9238370904305282
1.9215772724249935
1.9205852765783793
1.9207250987758873
1.9209078655208622
1.9208861858277155
1.92071922116165
1.920541862431489
1.9208590982583456
1.9215178316022379
1.9208399268918586
1.9222011247454855
1.9242780736914868
1.9226188680654146
1.9231163830103486
1.9224489753909595
1.923108080378995
1.9235920057316245
1.9224136992235363
1.9232663125642646
1.9243102248887687
1.9237750977415848
1.9244499729901643
1.924277625091612
1.9230646111027037
1.9230724532466037
1.9225748451514586
1.922378895890196
1.9237156623694238
1.92237059777195
1.9232150625221571
1.9230187356516828
1.9225156430291908
1.9223353923158784
1.923529260445216
1.9230158417070309
1.92457374711599
1.9242426113655513
1.9242319108935575
1.9242022869316944
1.9221551311451688
1.92366168807396
1.9231741939167701
1.9223051942526512
1.9224614761146674
1.922980759223348
1.9223151422442832
1.919968265988123
1.920060559649473
1.9199279103388927
1.920397210286871
1.921088668567526
1.921408691554059
1.9209029446489296
1.9199991075487708
1.9200143851864286
1.918507390892397
1.9186715323510737
1.9184831815907042
1.9186631546558575
1.919352301904
1.920875996890909
1.9202109671600411
1.921373963046274
1.9210397216913508
1.9215596695217958
1.9192977191457805
1.9183047509429938
1.9184447205825763
1.9186276595113807
1.918605971073038
1.9184388480104677
1.918261319279402
1.9185788725888937
1.9192382543819169
1.9185596972159467
1.9199222021484383
1.922001118550567
1.9203402924175985
1.9208382923144927
1.9201702438148704
1.9208299900036812
1.9213143984962457
1.920134957097085
1.9209883881168939
1.922033282725699
1.9214976554455863
1.9221731856034179
1.9220006770923639
1.920786510557273
1.9207943595387722
1.92029626646629
1.9201001360555332
1.9214382034742319
1.9200918382875327
1.92093712111468
1.920740620340714
1.920237040526554
1.9200566223736624
1.9212516463530522
1.920737728920691
1.9222971080957607
1.9219656529293632
1.9219549481530085
1.9219253159573806
1.91987619376128
1.9213842148639375
1.920896247149015
1.9200264232924318
1.9201828592746033
1.9207026360544035
1.9200363900753863
1.9225835079607687
1.9226755941671332
1.9225432250782528
1.9230115302275292
1.9237015210166384
1.9240208679889483
1.9235161928518347
1.922614277028777
1.9226295234883204
1.9211257230758603
1.9212895169480357
1.9211015670729232
1.9212811586843235
1.921968842866944
1.9234893052365551
1.9228256854712171
1.9239862162642203
1.9236526848354099
1.9241715270227093
1.9219143834025554
1.9209235181075872
1.9210631933790883
1.9212457434990673
1.921224103471844
1.9210573353858345
1.9208801833876867
1.9211970654770236
1.921855051378157
1.921177933645084
1.9225375476781608
1.924612047795701
1.9229547401196672
1.9234516848145877
1.9227850537475966
1.923443401763485
1.9239267861196758
1.9227498465237878
1.923601466568109
1.924644140178363
1.9241096520871608
1.9247837502979093
1.9246116087755365
1.9234000208292419
1.9234078530197876
1.9229108153596774
1.9227151024789684
1.9240503342827597
1.9227068239660678
1.923550314736438
1.9233542337868825
1.9228517216317491
1.922671687400836
1.9238641777073553
1.923351349553258
1.924907415708866
1.9245766635219586
1.924565982642295
1.9245364173263528
1.9224916427342005
1.9239964676607215
1.9235095342132584
1.9226415579420388
1.922797662808984
1.9233163357660286
1.9226515054097084
1.9223510848457934
1.922443195997596
1.9223107157104105
1.9227793999811358
1.923469941917695
1.9237895573058763
1.9232844723897509
1.9223818489477236
1.922397112816035
1.9208920925927566
1.921056020545485
1.9208679253510836
1.9210476625383783
1.9217358940162403
1.9232575756868757
1.922593419808536
1.9237548908254625
1.9234210953353785
1.9239403429320994
1.9216814223365446
1.9206897467447661
1.9208295448846624
1.9210122384911663
1.9209905911762788
1.9208236910931824
1.9206463974276136
1.9209635440858135
1.9216220703612217
1.9209444089151577
1.922305112180621
1.924381251844935
1.9227225937464874
1.9232199425680412
1.9225527774341893
1.9232116597840563
1.9236954467568599
1.9225175614184111
1.9233698628619664
1.9244133550424716
1.9238784501738286
1.9245530941422875
1.9243808187761628
1.9231682703747155
1.923176108263261
1.9226786664553694
1.922482802616749
1.9238191185367661
1.92247452439572
1.9233186968968736
1.923122471027742
1.9226195528795516
1.9224393791156562
1.923632832630552
1.9231195888979749
1.924676883192008
1.9243458648251346
1.9243351803585043
1.9243056081810916
1.9222591949142922
1.9237652399857026
1.9232779119067958
1.9224092488085223
1.9225654821089309
1.9230845664585747
1.922419211935627
1.920293658349089
1.9203859170868247
1.9202534234538726
1.920722192631821
1.9214128793060459
1.9217325265103598
1.9212273532958473
1.9203245068622452
1.920339760127628
1.9188344735687417
1.9189984273146448
1.91881028000128
1.9189900492601804
1.9196784302949856
1.9212004182604592
1.9205361390877955
1.9216978186605347
1.9213639469913943
1.9218833272486502
1.919623864638196
1.9186320308509435
1.9187718284747728
1.9189545665224428
1.918932888286829
1.9187659500201806
1.9185886196235036
1.9189058025365875
1.919564427805625
1.9188866318378435
1.9202476118449934
1.9223242328816401
1.9206652973400506
1.921162731459658
1.9204954306536415
1.9211544287748807
1.9216382736041882
1.9204601562446124
1.921312633305493
1.9223563819159475
1.9218213381242513
1.9224961042212887
1.9223237830914865
1.921110961193609
1.9211188021979093
1.9206212749323202
1.9204253558626396
1.9217619055186228
1.9204170576860198
1.9212613860900698
1.9210650882035112
1.9205620767796305
1.9203818539729143
1.921575529460577
1.9210621938380876
1.9226198536193617
1.9222887711049166
1.9222780713503158
1.9222484487607467
1.920201620709151
1.9217079336089635
1.9212205183780626
1.920351656079355
1.9205079122546782
1.9210271130848393
1.9203616009390998
1.9209573241144136
1.9210497603726082
1.9209171199559227
1.9213864289868345
1.9220779217756654
1.9223979228951573
1.9218921696474425
1.9209882510795033
1.9210035146324782
1.9194964979650027
1.9196606384007429
1.9194722645852687
1.919652240606848
1.9203414279528863
1.9218651853744277
1.9212001395718374
1.9223631559690972
1.922028891247373
1.9225488906564683
1.9202867536606345
1.9192937893217363
1.919433733871571
1.9196166885442376
1.919594970642701
1.9194278357959946
1.9192502986673063
1.919567835317909
1.9202272080297065
1.9195486250846179
1.9209111889123183
1.9229902587774261
1.9213294252857975
1.921827429655419
1.9211593522970039
1.921819107390391
1.922303493216137
1.9211240089443604
1.9219774793016489
1.9230224666263527
1.9224867837786754
1.9231623269135438
1.922989799407562
1.9217755514670714
1.9217834024247256
1.9212853047241025
1.921089149273867
1.922427233605287
1.9210808314919015
1.9219261338757891
1.9217295900683111
1.921225998177072
1.9210455588879565
1.9222406121984374
1.9217266859918605
1.9232861850264866
1.9229547189485088
1.9229439996015785
1.922914318366087
1.9208651091201194
1.922373154022202
1.9218851780815744
1.9210152923899675
1.9211717255603615
1.9216915365421585
1.9210252377736754
1.9206046940858787
1.920696954796484
1.9205646135047174
1.9210328731394426
1.9217228243916544
1.9220421037677813
1.9215374821692885
1.9206355706543508
1.920650796896726
1.9191471514890828
1.9193109239705053
1.919122967074405
1.9193025405449544
1.9199901927556573
1.9215105502734064
1.9208469908353645
1.9220074062335633
1.9216738852054418
1.9221927310546425
1.9199356207060239
1.9189448817854373
1.9190845072644964
1.9192670555413247
1.9192453797782578
1.9190786167616418
1.9189014755165776
1.9192182970969751
1.9198761905904342
1.9191991221904117
1.9205586464576418
1.9226330924718897
1.9209759781608937
1.9214728678277277
1.9208062807972746
1.9214645597937872
1.9219478554239622
1.920771004098689
1.9216225711049741
1.9226652378245652
1.9221307427905223
1.9228047753589106
1.9226326301694407
1.9214210845346689
1.921428918340708
1.9209319355175885
1.9207362139812194
1.9220713043084778
1.9207279104070818
1.9215713233637586
1.9213752103602508
1.9208727440077265
1.9206927042864812
1.9218850867756074
1.9213723099905122
1.9229283417498018
1.9225976158504154
1.9225869172955765
1.9225572917090263
1.9205126541057365
1.9220173257598052
1.9215304412249272
1.9206624906839866
1.9208185727711904
1.9213372267718407
1.920672409053681
1.921346274850709
1.9214391996980107
1.9213067983502943
1.9217754400675255
1.9224660426392328
1.922785465187956
1.9222804462467218
1.9213775312696975
1.9213927097988928
1.9198878658810161
1.9200517544317213
1.919863563000288
1.9200432807930623
1.920731606010011
1.922253341854532
1.921589227592033
1.9227505814913872
1.9224167176575133
1.9229361604791209
1.9206766110634563
1.919685160263236
1.9198247834199897
1.9200075316820686
1.9199857167757315
1.9198187819331296
1.9196414753980808
1.9199584601254551
1.9206167990902465
1.9199391253424989
1.9212998949473172
1.923376507137065
1.921718144331928
1.9222154178400048
1.9215482202848087
1.9222070202524966
1.9226905762369377
1.9215126808165905
1.922365038100843
1.9234088587552065
1.9228737385674244
1.9235483207144168
1.9233759695883972
1.9221631932196885
1.922171041046624
1.9216736736638664
1.9214777035877264
1.9228138457268316
1.9214693102134297
1.9223134247331413
1.9221169876512127
1.9216141015580805
1.9214338411441425
1.922627222510717
1.922114032221019
1.923671708672895
1.9233406941094309
1.9233299267587285
1.923300074317472
1.921253570182598
1.9227594470644798
1.9222721703456298
1.921403323402733
1.9215595084270534
1.92207868659003
1.9214131595693063
1.9211316231103763
1.9212246417069956
1.9210921447277514
1.9215611321957535
1.9222522480542537
1.9225719012437401
1.9220665103301031
1.921162917762116
1.921178104916861
1.919672151982526
1.9198361606942607
1.9196478269479142
1.9198276772372074
1.9205165150688206
1.92203937950158
1.9213747747015175
1.9225369850579175
1.9222028718854967
1.9227227053649079
1.9204614633614734
1.9194692852260686
1.9196090064195042
1.9197918916913854
1.9197700554945547
1.919602995962507
1.919425557727967
1.9197427722378742
1.9204015929989007
1.9197234170199011
1.9210851963814721
1.923163360894804
1.9215037790301657
1.9220014184885759
1.9213337258438086
1.921993011164366
1.9224769181703492
1.9212981501453894
1.9221511403576927
1.9231957440832312
1.9226602210119699
1.9233353008294203
1.9231628197465598
1.9219491382655145
1.9219569922087265
1.9214592587788957
1.9212631403208966
1.922600266620965
1.9212547372023014
1.9220994750580882
1.9219028860317853
1.9213996285063613
1.9212192319446273
1.9224134948642866
1.9218999261668492
1.923458767873085
1.9231275082918626
1.9231167304276016
1.9230868472910907
1.9210388248241008
1.9225458117360954
1.922058175736093
1.9211886797313358
1.9213449789398842
1.921864544457199
1.921198519291778
1.9207952888757014
1.920888484992779
1.9207558412298016
1.9212253685507668
1.9219172905238724
1.9222372976285371
1.9217313266816987
1.9208266619793737
1.9208418594217116
1.9193341763787868
1.919498371780359
1.9193098115319027
1.919489868583875
1.9201795127267212
1.9217041466155487
1.921038775185559
1.9222023223664804
1.9218678161414746
1.9223882687727265
1.9201243523839118
1.9191310436968607
1.9192709118163023
1.9194540137131804
1.919432137850426
1.9192648817383218
1.9190872367717693
1.9194048050191952
1.9200643732229816
1.9193854102666756
1.9207487734487967
1.92282938679059
1.9211679069759127
1.9216661166843365
1.9209976474871715
1.9216576897798763
1.9221421377822976
1.920962002845138
1.9218159863538482
1.9228618287936365
1.9223256666663935
1.9230015235216757
1.9228288360626355
1.921613728538977
1.921621592435543
1.9211232885706773
1.920926933732124
1.922265594707629
1.920918511008183
1.921764222843807
1.9215673878965858
1.9210635499038031
1.9208829368596698
1.922078577602147
1.921564418320622
1.9231250992802098
1.9227934561354554
1.922782658678864
1.9227527168964313
1.9207023132350696
1.9222110321493335
1.9217228354396048
1.9208523160419484
1.9210087922455679
1.9215289679145184
1.9208621561263528
1.9134664817642688
1.9135596071045986
1.9134267954336575
1.9138968656685245
1.9145895609243
1.9149099736322592
1.9144034132627925
1.913497783613797
1.9135130168623606
1.9120035818738321
1.9121679724594085
1.9119792187893119
1.9121594847090109
1.912849892356535
1.914376247405874
1.9137101106658239
1.9148750057881643
1.914540134199413
1.9150611359903367
1.9127947829520555
1.911800296436714
1.9119403615326394
1.9121236596770803
1.9121017953446098
1.9119343566748308
1.9117565125887364
1.9120744769551787
1.912734835512584
1.912055103506779
1.913420001904454
1.9155028774918341
1.9138394450836516
1.9143382374211486
1.9136690154711302
1.9143298258696722
1.914814874666296
1.9136334005568854
1.9144883425913761
1.915535302421103
1.9149985776422447
1.915675216113429
1.9155023488271457
1.9142859096975653
1.9142937803741151
1.913794893966072
1.9135983390181557
1.9149385592776467
1.9135899317279017
1.914436617405607
1.9142396046001335
1.9137351869752282
1.9135543874604382
1.9147514028567434
1.914236647567084
1.9157990194327215
1.9154669985107011
1.9154562067809398
1.9154262918292722
1.9133735773770735
1.9148840476518578
1.9143952848958141
1.913523815975197
1.9136804805161711
1.9142012270528936
1.913533694815219
1.9230476565684116
1.9231401525818292
1.9230080514744625
1.9234755710321558
1.9241644890058194
1.9244831878161204
1.9239793730904828
1.9230787138779213
1.9230938771333954
1.921592626600502
1.9217561288749456
1.9215684165072127
1.9217477047388263
1.9224343425548378
1.923952386339803
1.92328986698432
1.9244484429567255
1.9241154033175483
1.9246335415052083
1.9223796118677539
1.921390501268563
1.9215298308313369
1.9217121236228412
1.921690403508713
1.921523880918001
1.921347006212531
1.921663265337425
1.9223200599198822
1.9216440273876068
1.9230014909804813
1.92507296482714
1.923418536643652
1.9239146270026741
1.9232490503883573
1.9239062785260643
1.9243887235893766
1.9232136780039932
1.924063960886768
1.9251051758976574
1.9245714032833652
1.9252443702904065
1.9250724547985838
1.9238626672633174
1.923870493625667
1.9233743098418272
1.9231788401423269
1.9245117960625748
1.9231704959565163
1.9240125845651046
1.9238166753337271
1.9233149968131582
1.9231351938854298
1.9243257086199839
1.9238137454434172
1.925367560644969
1.9250373452823553
1.925026624760298
1.924996914816963
1.9229553804632313
1.9244576594263723
1.9239715477029726
1.9231048471460914
1.9232606667428138
1.9237785663622584
1.9231146913984198
1.9208261753271456
1.9209185536891562
1.9207863324895897
1.9212542220857995
1.921943656698737
1.9222626457919503
1.9217584276298862
1.9208571422661362
1.9208723370150604
1.9193698890447928
1.9195335264227256
1.9193456917908087
1.9195251226418901
1.920212267655247
1.921731468306605
1.9210684289098423
1.9222279245951444
1.9218946442614953
1.9224131362799255
1.920157616286889
1.9191676915270002
1.9193071690479167
1.9194895895820825
1.9194678916434855
1.9193012488398222
1.9191242408645546
1.9194407812172005
1.920098125255158
1.9194215747890093
1.9207800687190613
1.922853028649515
1.9211972574022729
1.921693747415201
1.921027665592816
1.921685419159926
1.9221682895066696
1.9209923410513416
1.921843265995871
1.9228852068611113
1.9223510730369437
1.9230245728246582
1.9228525424840126
1.921641875898993
1.9216497059831874
1.921153122679708
1.9209575270617731
1.9222915501855267
1.9209492031817987
1.9217919539644317
1.921595942846989
1.9210938704104423
1.9209139490859553
1.9221053976977953
1.9215930277169644
1.923147951197385
1.9228174805663854
1.9228067710279373
1.9227771032629946
1.9207340172844842
1.9222374925930885
1.92175099446395
1.920883668915039
1.921039619757002
1.9215578965670495
1.9208935502260505
1.923640236835165
1.9237326351535264
1.923600324995316
1.9240685178886854
1.9247583934195822
1.9250775972454932
1.9245730512602193
1.9236711998012936
1.9236864084772327
1.9221829846583094
1.922346729300685
1.9221587784133374
1.9223383257251345
1.9230259085746848
1.924546084666861
1.9238826163796972
1.9250428642441382
1.9247093726614701
1.9252281890074374
1.9229712474340805
1.9219806744367434
1.922120250252376
1.9223027855757615
1.9222810818070337
1.9221143334057005
1.9219372120964962
1.922253964104232
1.9229117404416107
1.9222347550050687
1.9235941203210305
1.9256683918889022
1.9240115403037292
1.9245083536179641
1.9238418445420902
1.9245000255763824
1.9249832180164168
1.92380651296704
1.9246579830309576
1.9257005787523978
1.9251661115062775
1.925840047900161
1.9256679104845138
1.9244564755353724
1.9244643101779668
1.9239674035562626
1.9237716871719976
1.9251065775887317
1.923763363525521
1.9246066596927807
1.9244105326396765
1.9239081354086847
1.9237281024578117
1.924920321636353
1.9244076191927382
1.925963525183899
1.925632841608926
1.9256221292009044
1.9255924559467854
1.923548059028558
1.925052510453074
1.92456569661878
1.9236978216082263
1.9238538751969594
1.9243724811210865
1.9237077154467859
1.9227044928328025
1.9227969549659554
1.922664682614183
1.9231327663125843
1.9238224937533348
1.9241416061209637
1.9236371798981005
1.9227354999909754
1.9227506964019427
1.9212476273395436
1.9214113312462846
1.9212234124271705
1.9214029175444127
1.9220903562543383
1.9236101977735247
1.9229468822843994
1.924106858337177
1.9237734342894905
1.9242921548019567
1.9220356530113107
1.9210453250349604
1.9211848514452012
1.9213673515945602
1.9213456352805343
1.921178920586259
1.9210018375784697
1.9213185018861023
1.9219761115705858
1.921299276358382
1.9226583443522316
1.9247322007875614
1.9230757506497824
1.9235724449623908
1.9229060816771788
1.923564106863566
1.9240471671852066
1.9228707244222905
1.923722009735177
1.9247644062434925
1.9242300362468223
1.92490381540191
1.9247317086419244
1.9235205211266293
1.923528355047901
1.9230315673564602
1.922835883739831
1.9241704573780576
1.9228275499988097
1.9236706514252044
1.9234745463312173
1.9229722648596024
1.9227922632005126
1.9239842080820861
1.9234716259249078
1.925027223404319
1.9246966142275463
1.9246858956103263
1.9246561998947171
1.9226122510539498
1.9241163483347117
1.9236296487769984
1.9227619488970484
1.9229179625498543
1.9234364621572002
1.9227718273381542
1.9228760747006075
1.9229685537738925
1.9228363670443227
1.9233041686723702
1.9239934913795773
1.9243123969685418
1.9238082764942916
1.922907106934448
1.922922286767669
1.9214201269700226
1.9215837300606147
1.921395914467192
1.9215753111416194
1.922262349404588
1.9237812920566637
1.9231183746343599
1.9242776506469514
1.9239444188035195
1.9244628481535824
1.9222076324395325
1.9212179131517617
1.9213573411382694
1.9215397376087007
1.921518019394624
1.9213514007521304
1.9211744218955005
1.9214908836117641
1.9221480857452342
1.9214716518729944
1.9228299176663566
1.9249025828073503
1.9232471436467171
1.9237435359825326
1.9230775660327677
1.9237351926948154
1.9242179453872916
1.923042201213142
1.9238929853109727
1.9249347910705747
1.9244007197650934
1.925074092846158
1.9249020817202542
1.923691594194973
1.9236994243367838
1.9232029385991443
1.9230073619410788
1.924341126720316
1.922999022977663
1.9238416179951545
1.9236456108324722
1.9231436308363803
1.9229637285429708
1.9241549583510347
1.9236426856841624
1.925197392024644
1.924866979754951
1.924856260185312
1.9248265573558403
1.9227838157585906
1.9242870038805424
1.9238005982399855
1.9229333980215702
1.923089314646334
1.9236075142597295
1.922943259368287
1.9211802809364635
1.921272550581894
1.9211404917328385
1.9216078081054069
1.9222963987430817
1.9226149961460093
1.9221113958237555
1.92121121262235
1.9212263883004637
1.9197257812331452
1.9198892180017166
1.9197016128762867
1.9198808238853127
1.9205671279068608
1.9220844683893639
1.921422241197967
1.9225803162918693
1.9222474437335306
1.9227653018485047
1.9205125406284786
1.9195238293818608
1.9196631351450582
1.9198453325775067
1.919823660302002
1.919657221386036
1.9194804301107113
1.9197965819395075
1.9204531199566652
1.9197773979495627
1.9211342285834305
1.923204652462235
1.9215509105279434
1.9220467921145576
1.9213815258218605
1.9220384734357132
1.9225207511909477
1.9213462427857682
1.9221961259627067
1.9232367926146223
1.9227033117403978
1.9233759864030284
1.9232041663254733
1.9219949811258832
1.9220028016750001
1.9215068269072633
1.9213114702459348
1.9226438587389891
1.9213031559351361
1.9221448743432232
1.9219491021219008
1.9214476447134794
1.9212679432565782
1.9224579323903082
1.9219461901643047
1.9234992115073093
1.9231691456020479
1.9231584487293387
1.9231288157765338
1.9210882313349258
1.9225898645264847
1.9221039624573641
1.9212376980665464
1.9213934576642036
1.9219111002843525
1.9212475665880278
1.9219690439465977
1.922061513041707
1.92192937079146
1.9223970207709276
1.9230861230191543
1.923404921241771
1.9229009646791249
1.92200007816687
1.922015251036583
1.9205135791632644
1.9206771286216353
1.9204893711559277
1.9206687095999977
1.92135552894487
1.9228739838765356
1.9222112808994323
1.9233701808224544
1.9230370546035316
1.9235553217898271
1.9213008168659362
1.9203114216968904
1.9204508005360394
1.9206331396118617
1.9206114243128498
1.920444858469191
1.9202679362795299
1.9205842921682486
1.921241278152008
1.9205650617649648
1.9219228918653728
1.9239949011876574
1.9223400021959893
1.9228362328811512
1.9221704765581311
1.9228278894865865
1.9233104811324184
1.9221351152552926
1.9229856267934295
1.9240271051249316
1.923493200530427
1.924166355308407
1.923994397720004
1.9227842943767839
1.9227921222393942
1.9222957981608673
1.9221002818859663
1.9234336130187135
1.922091942805802
1.92293426513098
1.9227383159361287
1.9222364983372593
1.9220566518570428
1.9232474963817563
1.9227353899462758
1.9242896050313867
1.92395929923368
1.9239485810988286
1.9239188810139447
1.9218767948865538
1.9233794949505494
1.9228932471625704
1.9220263216749773
1.9221821869263556
1.922700221982711
1.9220361767579195
1.9222445369341017
1.9223368703943233
1.922204849351706
1.9226720565293065
1.9233604990768347
1.9236790050214798
1.923175524461636
1.9222755128120323
1.9222906762251735
1.9207904239143792
1.9209538199473164
1.9207662468901203
1.9209454157045918
1.9216315755865148
1.9231485814960276
1.9224865071026693
1.923644310384908
1.923311505361551
1.923829267643024
1.9215769462057086
1.920588479980078
1.9207277363378827
1.9209098985963058
1.9208882137755028
1.9207218085665954
1.9205450555926853
1.9208611197213783
1.9215174910856405
1.9208419193028763
1.9221984526146327
1.9242684613608947
1.9226151208739968
1.9231108834589854
1.9224457629569496
1.9231025547228966
1.9235847003597384
1.9224104542410188
1.923260152666927
1.9243006201057167
1.923767236480942
1.924439753904778
1.9242679644828844
1.9230590267171395
1.923066846544935
1.9225709907074615
1.9223756668137677
1.9237077385283148
1.922367342408425
1.9232088660756472
1.9230131158134418
1.9225117741643984
1.9223321039992796
1.9235218188360415
1.9230101968964741
1.924562909727729
1.9242329182206679
1.9242222151387611
1.9241925597244647
1.9221524233603182
1.9236537024081226
1.923167914615583
1.9223018253553694
1.9224575450170982
1.9229750813204662
1.9223116784793965
1.9214735452986103
1.9215657481130315
1.9214338260383836
1.9219006662384073
1.9225885593147265
1.9229068266645748
1.9224037401517318
1.9215044618409833
1.9215196192793078
1.9200205425688737
1.9201838119924879
1.919996394279945
1.920175422579996
1.9208610324580193
1.9223768332055828
1.92171528017337
1.9228721748596105
1.9225396382195643
1.9230569766780998
1.9208064833322789
1.9198187839907015
1.9199579424408417
1.9201399565791695
1.9201183007790428
1.919952029805469
1.919775417713826
1.9200912429962662
1.9207471078158862
1.9200720718948032
1.9214275262643854
1.9234958623439786
1.921843810277369
1.9223391855875098
1.9216745940930873
1.9223308715633214
1.9228126517144952
1.9216393362056703
1.9224883577991962
1.9235279780593235
1.9229950320487912
1.9236670212700249
1.9234953732458908
1.9222874089665907
1.9222952218991698
1.921799753473195
1.9216045917691251
1.9229356208887176
1.921596282096979
1.922437143452401
1.9222415631389282
1.921740616241097
1.9215610944844799
1.9227498722749659
1.9222386517156163
1.9237901079206998
1.9234603774682915
1.9234496887219348
1.9234200766059335
1.921381562270101
1.9228816643306916
1.9223962576073028
1.9215308672090585
1.9216864669678309
1.9222035867967313
1.921540721506057
1.9219546873224214
1.922047193314014
1.921915047727325
1.922382718933599
1.923071857366242
1.9233906635428912
1.922886684905649
1.9219857426455003
1.9220009128644815
1.920499174407261
1.920662730313925
1.9204749598184767
1.920654306280448
1.921341163014556
1.9228596945199312
1.922196960719247
1.923355912781222
1.923022767517536
1.9235410678689646
1.9212864274413495
1.9202969927234343
1.9204363714335668
1.9206187216196804
1.9205969985904874
1.9204304232009402
1.9202534918285024
1.920569856780942
1.9212268675131088
1.9205506174956364
1.9219085167814656
1.9239806464468336
1.9223256780943803
1.9228219301040557
1.9221561398629943
1.9228135817342924
1.9232961878442503
1.9221207639618423
1.9229713194043114
1.9240128618433008
1.9234789225180327
1.9241521078281574
1.9239801387988347
1.922769967081507
1.9227777957230565
1.9222814502801044
1.9220859201974387
1.9234193097641779
1.9220775761283768
1.922919937429279
1.9227239702300711
1.922222129312279
1.9220422705713571
1.9232331705892627
1.922721041181304
1.9242753476382255
1.9239450258036255
1.9239343038467818
1.9239045911588584
1.9218624013352683
1.9233651683563646
1.9228788987803875
1.9220119234926853
1.922167794462792
1.9226858586392765
1.922021774008788
1.9216969657095606
1.9217896761399198
1.9216574249123783
1.9221255055498405
1.922815265822526
1.9231343265020384
1.9226299096686021
1.9217281225738096
1.921743293466144
1.920240246240759
1.9204039416533332
1.9202159897537503
1.9203954927659443
1.9210829742824245
1.922602864097167
1.9219395472881764
1.9230995122240562
1.922766060487531
1.9232848509921647
1.921028111465605
1.9200378307658998
1.9201773071256634
1.9203598276524547
1.9203380601422224
1.9201713314255653
1.9199942408053061
1.9203108627314405
1.9209684295050646
1.9202915763650528
1.9216506929638992
1.9237247359821024
1.92206834048779
1.9225650224213395
1.9218986353365828
1.9225566493892803
1.9230396499131575
1.9218631794102916
1.9227144994938057
1.923757017326432
1.9232225709253952
1.9238963455024116
1.9237242121934905
1.9225129302415034
1.9225207673361457
1.922023991752847
1.9218282718650264
1.9231628208947031
1.9218199030849727
1.9226630046491229
1.9224668314924702
1.921964549185619
1.921784517514786
1.9229764655653503
1.9224638888322183
1.9240196346589318
1.9236890196958931
1.9236782757595132
1.9236484945672176
1.921604475322915
1.923108553245426
1.9226218590243012
1.9217540852744128
1.9219100875849338
1.9224286264761443
1.9217639254838632
1.9224392440966993
1.9225321589658255
1.9223998020974313
1.9228682921660827
1.9235586742788098
1.9238779894611844
1.9233731344315559
1.922470502502119
1.9224856740678071
1.9209813180742576
1.921145152992742
1.9209570196890238
1.9211366792514404
1.9218247855502926
1.9233460336744035
1.9226821338571056
1.9238431116668906
1.9235093534575258
1.9240286341153647
1.921769795489861
1.9207786688083646
1.9209182428177596
1.9211009336852292
1.9210791216939573
1.9209122396501908
1.9207349897821093
1.9210518686819387
1.9217099914970204
1.9210325352344697
1.922392869146333
1.9244688255173712
1.9228110028812
1.9233081147386235
1.922641130810172
1.923299717044268
1.923783111982064
1.9226055948587413
1.9234576795832998
1.9245011728095633
1.9239662193327574
1.924640583176666
1.9244682855881465
1.9232558934014987
1.9232637389492344
1.9227665332255892
1.9225706235326148
1.9239063320252288
1.9225622300415692
1.9234060718689667
1.9232096927548694
1.9227069690589589
1.9225267644582145
1.923719760541438
1.9232067364831327
1.9247639216796377
1.9244330135881607
1.9244222476722446
1.9243923979755768
1.9223465493105611
1.9238519381344872
1.9233648192682147
1.9224962470561393
1.922652380707075
1.923171394313011
1.9225060769589384
1.9230291875714602
1.923122074478929
1.9229900033896867
1.9234575289693756
1.92414651428315
1.924465139538292
1.9239613278594978
1.9230604799914879
1.9230756036436465
1.9215743525743232
1.9217378453316636
1.9215500768283564
1.9217293659113481
1.9224160866318094
1.9239342411469653
1.923271704399893
1.924430289766428
1.9240971990716107
1.9246154588300892
1.9223611048369023
1.9213720453782437
1.9215112998007946
1.9216936287135924
1.9216718279400642
1.9215052795428351
1.9213283888272705
1.921644588911778
1.922301331502151
1.9216252552629494
1.922982826356029
1.92505464024854
1.923400259349859
1.9238963418025494
1.9232307125298946
1.9238879384384882
1.9243703010372177
1.92319518483927
1.9240455418301512
1.9250869708812517
1.924553066295027
1.9252260417010343
1.9250540806653482
1.9238441172879894
1.9238519487998647
1.9233557724960262
1.923160241485857
1.9244931897102762
1.9231518422470488
1.9239939505501324
1.9237979302225778
1.9232962387896924
1.9231163847139972
1.9243069319486328
1.9237949654218969
1.9253490488303069
1.9250188167698485
1.9250080563580545
1.9249782118981704
1.9229365200910358
1.9244388034953512
1.9239526888828349
1.923085852620991
1.9232416580636518
1.9237596311689573
1.923095637242417
1.9229040903266512
1.9229969553048998
1.922864820833116
1.9233325526588685
1.9240218324766964
1.924340610827328
1.9238365753557234
1.9229353586642255
1.9229504954123777
1.9214485790404647
1.9216121457978435
1.9214243031327032
1.9216036715433304
1.9222906832517006
1.923809492773762
1.923146665182469
1.9243057625444056
1.923972532457588
1.9244910022965853
1.9222357176218827
1.921246211534007
1.9213855398066115
1.9215679437010322
1.9215461462850878
1.9213795282354942
1.9212025617022546
1.9215189114643587
1.9221759535308895
1.9214995846943224
1.922857740141412
1.9249304174189035
1.9232752956275603
1.9237715992317168
1.923105683436987
1.9237632010031251
1.924245790707696
1.9230701650694937
1.923920886995584
1.924962743081347
1.9244286231594219
1.9251018954879104
1.9249298655868932
1.9237193943105506
1.9237272284622868
1.9232308310342041
1.9230352232570533
1.924368763517216
1.923026829182265
1.9238693075480948
1.923673218273151
1.9231713065633542
1.9229913810285746
1.9241824506950445
1.9236702577936988
1.9252249867133533
1.9248946109818086
1.9248838522398268
1.9248540162660996
1.9228114449503766
1.9243143934845248
1.9238280638811405
1.922960865323173
1.9231167421071822
1.923634932927919
1.9229706639071005
1.9234660181753678
1.9235584692869958
1.923426568336578
1.9238934054756631
1.9245813313839173
1.9248995470456494
1.924396469922234
1.9234970844238177
1.923512216343509
1.9220131614700886
1.9221764223995366
1.9219889716065244
1.9221679978015271
1.9228536504861047
1.9243694995292258
1.9237079451771468
1.9248648287464893
1.9245322644176042
1.9250496728683073
1.9227989417865738
1.9218112897216408
1.9219503981213037
1.9221324326370637
1.9221107256407302
1.921944440644775
1.9217678209406615
1.9220836038416034
1.922739425750365
1.922064371901474
1.9234198748760525
1.92548839753852
1.9238364001153763
1.9243317630464587
1.9236671477524907
1.9243234140890355
1.9248051344424453
1.923631791193671
1.9244808475578241
1.9255205891422629
1.9249875667273637
1.9256595513705264
1.9254878767974561
1.9242798180814638
1.924287634187414
1.9237921778695812
1.923596979894321
1.9249279844053633
1.9235886351831424
1.9244294966763202
1.9242338483001808
1.9237329005671138
1.9235533487987537
1.9247421297582294
1.9242309146229266
1.9257825191753126
1.925452782936638
1.9254420688711218
1.925412371278434
1.9233737865390657
1.9248738692414062
1.9243884678546057
1.923523003586422
1.92367859200291
1.9241957511156753
1.9235328196517656
1.9232335950603923
1.923326071117459
1.9231940589687357
1.92366127522927
1.924349752284974
1.9246682363625773
1.92416474946015
1.9232646563427642
1.9232798056712237
1.9217795309869847
1.9219429259969858
1.9217553298846846
1.9219345016555824
1.9226207016354009
1.9241377699795466
1.9234756795144654
1.9246335033077315
1.9243006749175733
1.9248184887776965
1.9225659807205628
1.9215775183588195
1.9217167496268783
1.9218989276291625
1.9218772133451654
1.921710796352123
1.921534034980589
1.9218500824503937
1.92250644473343
1.9218308471715482
1.923187439378513
1.9252576015877534
1.923604253742196
1.9241000207999117
1.923434871439083
1.924091672109607
1.9245737950796293
1.9233995060882947
1.924249243851682
1.9252898040063708
1.9247563648140313
1.9254288952149041
1.9252570867980827
1.924048067626938
1.9240558894308881
1.9235600289652734
1.9233646800321023
1.9246967686593697
1.9233563356127945
1.9241978788367557
1.9240020855410398
1.9235007318149162
1.9233210405135737
1.9245107846814262
1.9239991539676438
1.9255519866584547
1.925221984239814
1.9252112665873307
1.9251815621331723
1.923141338719158
1.9246426415663875
1.9241568455481426
1.923290694452905
1.9234464113028567
1.9239639818082217
1.9233005261776848
1.9223723513070692
1.9224652720948023
1.9223333722499658
1.9228003336889468
1.9234885095356344
1.9238067212334486
1.92330352105188
1.9224036938784343
1.9224187843750997
1.9209193518352816
1.921082642960324
1.9208950809083978
1.9210741531057616
1.9217600729323088
1.9232764297132439
1.922614689099813
1.9237718743859764
1.9234391680996685
1.9239568455333411
1.9217050636933455
1.9207172216118467
1.9208562791869306
1.9210384007418735
1.921016596168243
1.9208502398745768
1.9206735574613316
1.9209893523631014
1.9216452798514476
1.9209700062921742
1.9223259729842785
1.9243954042881193
1.9227430453437286
1.9232385238428327
1.922573681241073
1.9232301101009857
1.9237118574413874
1.9225381384209725
1.923387492981742
1.9244277405354164
1.92389443333157
1.92456659658953
1.924394826822008
1.923186263424678
1.923194087377631
1.9226985149813933
1.9225031978883527
1.9238345283947942
1.922494788204755
1.9233358836900332
1.9231400592250871
1.9226389707432476
1.9224593153989147
1.9236484324865302
1.9231370849404061
1.9246893860709564
1.924359547824657
1.9243487855080257
1.924318926820416
1.9222796495003176
1.923780114587012
1.9232945878088088
1.9224287508700346
1.9225843622566106
1.9231017353740159
1.922438501302683
1.9232007694392645
1.923293673286866
1.9231616878198263
1.923628931329161
1.9243175119093916
1.9246359303858704
1.9241324244556897
1.923232086934961
1.9232471940093734
1.9217468522048025
1.9219102441459939
1.921722578868377
1.9219017595085546
1.922588079782059
1.9241053354301045
1.923443196749853
1.9246010820762027
1.9242681835856394
1.924786152181715
1.922533084265124
1.9215446334950448
1.9216837894938623
1.9218660147277329
1.9218442120541537
1.921677759708706
1.921500973144301
1.92181697063744
1.9224733056767993
1.9217976307775622
1.9231543996701537
1.92522502226833
1.923571652346794
1.924067432822691
1.9234021968854835
1.9240590242697373
1.9245410792393025
1.923366661630121
1.9242165174059465
1.9252573557083337
1.9247237498132985
1.925396319145282
1.925224453743678
1.9240151903563338
1.9240230180887479
1.9235271437387096
1.9233317196871056
1.924663859052535
1.923323315225902
1.9241649171200828
1.9239689947238325
1.92346760476647
1.9232878500564563
1.924477682217581
1.9239660251811515
1.9255192174506317
1.9251891822972529
1.9251784209330403
1.925148569359293
1.923108084795677
1.924609459041182
1.9241236383458216
1.923257301745513
1.9234130101601312
1.9239306832714869
1.9232670692725502
1.923354579932426
1.9234474319162809
1.923315516504666
1.9237825113143256
1.92447072502167
1.9247889744945923
1.9242857365064154
1.9233858793049625
1.9234009785848456
1.9219014352506683
1.9220647402952344
1.9218771752389319
1.9220562605156712
1.9227422150227946
1.9242586625165163
1.923596876327647
1.924754145380689
1.9244214243716544
1.9249391165569438
1.922687250329318
1.921699325286193
1.9218384076929904
1.9220205357246545
1.9219987451538556
1.9218323815525475
1.9216556891713725
1.9219715188594721
1.922627504925859
1.9219521898848462
1.9233082360525842
1.925377754579613
1.923725264272311
1.924220780947715
1.9235558993686648
1.924212377209688
1.9246941761451606
1.9235203839867971
1.9243697870187504
1.9254100700715
1.924876748973692
1.9255489603189049
1.925377186664471
1.924168567924326
1.924176391459002
1.9236807809620569
1.9234854612929642
1.9248168917546666
1.923477061645536
1.924318215525522
1.9241223980853746
1.9236212750427693
1.9234416163132497
1.9246308150561569
1.9241194303392932
1.925671794353908
1.925341934945402
1.925331179555362
1.9253013447015368
1.9232619470389072
1.9247625222403777
1.9242769601118828
1.9234110854079143
1.9235667110437265
1.9240841081993927
1.9234208481061303
1.923386707931245
1.9234795918224954
1.9233476953141
1.9238146355262755
1.9245027751885464
1.9248209789323278
1.9243178008253563
1.9234180293998036
1.9234331225472012
1.921933756591285
1.9220970412680343
1.9219094922458488
1.922088556425311
1.9227744388626222
1.924290719069848
1.9236290092799986
1.9247861424272086
1.9244534551856647
1.9249710994542033
1.9227194531179324
1.921731650585302
1.9218707082894033
1.9220528187340542
1.9220310218906056
1.9218646751428272
1.921688001912359
1.9220037877504077
1.922659690490347
1.9219844505615031
1.923340348068185
1.925409659028943
1.923757369445338
1.9242528266199284
1.92358801793621
1.92424441785328
1.9247261507295552
1.9235524897144225
1.9244018003708603
1.9254419838170476
1.9249087113439642
1.9255808440697795
1.9254090857431772
1.9242005907199544
1.9242084138939688
1.9237128628621563
1.9235175595768808
1.92484883164933
1.9235091548821803
1.9243502113917343
1.9241544049311454
1.9236533397682283
1.9234736966846
1.9246627582790239
1.924151433705378
1.925703643464118
1.9253738212547116
1.9253630627600729
1.9253332166755022
1.923294043051603
1.9247944411811968
1.9243089361909922
1.9234431490523258
1.9235987547201738
1.92411609871745
1.9234529040518145
1.9227086855417441
1.922801428809019
1.922669675747915
1.9231360973339335
1.923823467066016
1.9241413248486516
1.9236387047002845
1.9227399496611766
1.9227550298702492
1.9212573274390208
1.9214204318742258
1.9212330963244095
1.9214119617590941
1.9220970752744082
1.9236116625992756
1.9229506886157715
1.9241065370774137
1.9237742238436895
1.9242912821255234
1.9220421746709073
1.921055463141054
1.9211943737901322
1.9213762787200788
1.9213545138123718
1.921188354098762
1.9210118784175294
1.9213273195817797
1.9219824996273662
1.9213080130453992
1.9226623959169538
1.9247293783923336
1.9230789173979819
1.9235738256470718
1.9229097595977103
1.9235654314854758
1.9240466378294385
1.922874285721224
1.9237226469855864
1.924761655825011
1.9242289876771463
1.9249003738972748
1.9247288105059321
1.9235216731512155
1.9235294871508142
1.9230344851896117
1.9228394044771255
1.9241692003081303
1.9228310143988734
1.923671135904314
1.9234755573602864
1.9229750493458067
1.9227956104838726
1.9239833497486696
1.9234725927866332
1.9250230546638316
1.9246935999810642
1.9246828572567638
1.9246530572150748
1.9226161610893495
1.9241148941737738
1.9236299281052966
1.9227651145594222
1.9229205489509273
1.923437311916696
1.9227748644681082
1.9224796771772354
1.9225725510903107
1.9224406990612375
1.9229074876248324
1.9235954068281245
1.923913503205557
1.9234104890101897
1.9225110006322252
1.9225260868161154
1.9210272087845268
1.9211904398290547
1.9210029489345852
1.9211819548836895
1.9218676184029038
1.9233834108897199
1.9227219155450712
1.9238786726027117
1.9235460909856767
1.9240635730904478
1.921812637544337
1.9208251591304302
1.920964167687174
1.9211462207372152
1.9211244268088317
1.9209581328598884
1.9207815162963884
1.921097196306892
1.9217528828971204
1.9210778604534728
1.922433322267201
1.92450197740925
1.92285022799461
1.923345523518547
1.922680928461573
1.9233371146450509
1.923818686474682
1.9226454037565734
1.9234944418533173
1.9245342978714044
1.9240011921092974
1.9246731065320284
1.924501401742926
1.9232932909017648
1.9233011117965795
1.9228057224238788
1.9226104795217678
1.9239413179477274
1.9226020747103194
1.9234428585275598
1.9232471100348016
1.9227462072691075
1.9225666199986724
1.923755296309745
1.923244137967491
1.924795856470861
1.9244661407334411
1.9244553836735891
1.9244255403336068
1.9223870221795665
1.9238869322512042
1.9234015851135768
1.9225360727057332
1.9226916270001955
1.9232088064404314
1.9225458214414475
1.9217960668341758
1.9218894383850138
1.9217573016823688
1.9222251790348235
1.9229147449755013
1.9232335273162484
1.922729346711894
1.9218276325974728
1.921842725271866
1.9203403646496544
1.9205039680509208
1.920316001097126
1.9204954235280158
1.9211827397675905
1.9227021336011758
1.9220390889249501
1.923198540142661
1.9228651490536557
1.9233839210407575
1.921127450104068
1.9201377144507565
1.9202769917697655
1.920459493813661
1.9204375910902378
1.920270892197046
1.9200938537718972
1.9204102245985502
1.9210673969930727
1.9203907748156943
1.9217494631657315
1.9238231694276797
1.9221676167543034
1.9226640572509954
1.921997880230432
1.9226555892627817
1.9231382204184704
1.9219621610033455
1.922813225030384
1.9238556511928702
1.9233212117512342
1.9239946932266647
1.9238225566902756
1.9226115123584875
1.9226193551361654
1.9221228202652543
1.9219270795625576
1.9232610042521108
1.921918615526453
1.9227613668601067
1.922565083492
1.9220630077145082
1.92188296634305
1.9230744276308511
1.9225620793462064
1.924117596215836
1.9237871024397724
1.9237762916246837
1.923746281952996
1.9217029143603435
1.923206312235946
1.9227198354531605
1.921852214424494
1.9220081198973198
1.9225265538428258
1.9218619428088861
1.9219033927043423
1.9219967173805217
1.9218646284936403
1.9223323329707092
1.9230216422679909
1.923340309288356
1.9228363146702032
1.9219349393512637
1.921950027712882
1.9204482215988996
1.920611764919651
1.9204238691233133
1.9206032253059435
1.921290285238186
1.922809114777652
1.922146315370208
1.923305338359396
1.9229720719396646
1.9234906485978636
1.9212350239550595
1.920245651969341
1.920384880270009
1.9205673138090027
1.9205454217308269
1.9203787851823575
1.9202018126069542
1.9205180685423406
1.9211750000387464
1.9204986289769927
1.921856812448654
1.92392974254881
1.9222747994051845
1.9227710569267096
1.922105127450932
1.9227625938068469
1.9232450494517646
1.9220694263389462
1.9229201739019595
1.923962208528858
1.9234279705289616
1.924101203169163
1.923929131611194
1.9227185398355748
1.9227263795551137
1.9222300277077395
1.922034361195973
1.923367793805044
1.9220259020320172
1.9228683416976335
1.9226721343017141
1.9221702442403674
1.9219902709428078
1.9231812914540662
1.9226691323732916
1.9242240666157402
1.9238936953485573
1.9238828897902476
1.9238528954661869
1.9218102870395923
1.923313129900138
1.9228268327579285
1.9219595362601927
1.9221153846409045
1.922633624909241
1.9219692629476501
1.9216278997168386
1.921721360027906
1.9215891499333944
1.9220572972123298
1.9227472662103107
1.923066225508647
1.922561754887692
1.9216595047061016
1.9216746025242917
1.9201713768477848
1.92033507359397
1.9201469933891204
1.9203265192013492
1.9210142385965407
1.9225345171581603
1.921871089166971
1.9230312087969423
1.9226976211816453
1.9232167027446663
1.920958894615287
1.9199685936861528
1.9201079444681652
1.9202905548245583
1.9202686322681737
1.920101835084953
1.9199246932937983
1.920241240989211
1.9208987871051135
1.920221771439081
1.9215812516993938
1.923656182375573
1.9219996807271764
1.9224964063488759
1.9218298410521137
1.9224879285705372
1.9229708302244446
1.9217940873532198
1.922645648028462
1.9236886935480728
1.9231539345784463
1.923827804572792
1.9236555648483133
1.9224438074952193
1.9224516552495738
1.9219548351611453
1.9217589762681713
1.923093668295443
1.9217505024293937
1.9225937407529665
1.9223973344244
1.9218949684132292
1.921714818800571
1.9229069689997818
1.922394325423093
1.9239507619193987
1.923620076361569
1.9236092557503153
1.9235792167556665
1.921534658565828
1.9230389224425648
1.9225521653049165
1.9216840325798001
1.9218400265501614
1.922358765571486
1.9216937612261737
1.9231788856918461
1.9232720747331375
1.9231401070538863
1.9236073687290887
1.924296018325671
1.924614393068066
1.9241108744527156
1.9232103739964257
1.923225452901473
1.9217250663500138
1.9218884562453324
1.9217007448575052
1.9218799314105366
1.9225663318798307
1.9240837123971433
1.9234215415734448
1.9245794679218495
1.924246522697684
1.924764594451061
1.9225111532948314
1.9215227102525283
1.9216618160718524
1.921844072793447
1.9218222111934793
1.9216557352797612
1.9214789319201089
1.9217948960954705
1.9224512129723785
1.9217754865149046
1.9231323731979142
1.9252033027220474
1.923549918083192
1.9240457075045438
1.9233804138497508
1.9240372590431574
1.9245192686790848
1.9233447653246727
1.9241946997754567
1.9252357235096427
1.9247020064794769
1.9253746017655338
1.9252026983740749
1.9239932721759307
1.9240011038606546
1.923505220254334
1.9233097461237738
1.9246419193146453
1.9233013016346405
1.9241429426423005
1.9239469341790278
1.9234455200675065
1.9232657230850443
1.924455613908351
1.92394393932349
1.925497371312083
1.9251673143355452
1.9251565238301795
1.925126574176707
1.9230859155133564
1.9245873373577111
1.9241015002109412
1.9232350399405846
1.923390742731648
1.9239084842469965
1.9232447646691266
1.9231036878204988
1.9231969556438437
1.9230649590520488
1.9235323390051522
1.9242211712000576
1.924539615533693
1.9240359708133465
1.9231352173374752
1.923150294422812
1.921649530741386
1.921812960349402
1.9216251938382354
1.9218044255422486
1.9224910102490624
1.924008787773999
1.9233464480805382
1.9245046667516343
1.9241716306256857
1.924689849791214
1.9224357822324554
1.9214470980330534
1.9215862281680218
1.9217685358075045
1.921746657289641
1.9215801358847295
1.921403285826039
1.921719321042615
1.922375795491193
1.9216998930302627
1.9230571359305924
1.9251286340502471
1.9234748406053377
1.923970753501043
1.9233052851967956
1.9239622951426838
1.9244444142301853
1.923269605716697
1.924119764255991
1.9251610799192023
1.9246272100720216
1.9252999755739104
1.9251280225318617
1.923918267494472
1.9239261018766727
1.9234300947119478
1.9232345627742753
1.924567069656375
1.9232261083657205
1.9240679636709859
1.9238718902150844
1.923370348267106
1.9231904988566373
1.9243806933080025
1.92386888966249
1.9254227500223884
1.925092607736071
1.925081808869327
1.9250518326374824
1.9230106388468033
1.924512438634338
1.924026478985282
1.9231597817492976
1.9233155216645108
1.9238334036986384
1.923169500476047
1.9230107185745084
1.9231039963760292
1.9229719553049118
1.923439486906595
1.9241285395604804
1.9244470912604639
1.9239432826285132
1.9230422461050545
1.923057330153898
1.9215560785481445
1.9217195617883822
1.9215317371494995
1.9217110270838702
1.9223978307087812
1.9239160959541273
1.9232535418154657
1.924412136576131
1.924078994825673
1.92459737615497
1.9223425978060509
1.9213535894879248
1.9214927687702514
1.9216751338043438
1.9216532523714152
1.9214866781676683
1.9213097714420104
1.921625912486131
1.9222826030844193
1.921606483138292
1.9229641617315762
1.9250363156699404
1.9233819820560656
1.9238780566024245
1.923212374671432
1.9238695983509126
1.924351878485059
1.9231766916745467
1.9240271227735344
1.925068765864845
1.924534729306689
1.9252077131116614
1.9250357065321124
1.9238255673126616
1.9238334039740623
1.923337235150225
1.9231416428293882
1.9244745833579775
1.9231331885375815
1.92397531653516
1.9237791851114279
1.9232774807662272
1.9230975755425654
1.9242881552772815
1.9237761854003768
1.9253305370156455
1.9250002882573414
1.9249894879558112
1.9249595089793778
1.9229176597188404
1.9244199475643307
1.923933830062697
1.9230668580958905
1.923222649384489
1.9237406959756567
1.923076583086414
1.9231823004423125
1.923275595183966
1.923143639735051
1.9236108892663808
1.9242995371867224
1.9246178821080424
1.9241143792247046
1.9232138530485274
1.9232289205196245
1.9217285781786237
1.921891960602712
1.9217042391895203
1.921883420681077
1.9225698238590305
1.9240871902372667
1.9234250341654258
1.9245829288859053
1.9242499793397017
1.9247680695065963
1.922514577234272
1.9215261776047257
1.9216652584633191
1.9218475198184846
1.9218256364855044
1.9216591583335398
1.921482355759041
1.9217982942117922
1.9224545772590675
1.9217788586529043
1.923135735045701
1.9252066976897295
1.9235533750530007
1.9240491476225658
1.9233838590270214
1.9240406841821616
1.9245226566871438
1.9233481684653981
1.9241980983493296
1.9252391506919282
1.9247054128249603
1.9253779905559094
1.9252060796104422
1.9239966403810056
1.9240044732629455
1.9235086063929083
1.923313121030636
1.9246452527002365
1.9233046615164349
1.9241462831051106
1.9239502496126832
1.9234488467430049
1.9232690408850242
1.9244589055462298
1.9239472451596311
1.92550070563597
1.9251706537847457
1.925159852530797
1.9251298664405003
1.9230892244234816
1.924590603110161
1.9241047795256843
1.9232383072204124
1.9233940014809692
1.9239117480781858
1.923248015116547
1.9234003669331123
1.9234936736258104
1.923361826038759
1.923828717675445
1.9245168506327535
1.9248349350922354
1.9243318199133126
1.9234319456082112
1.9234469930198084
1.9219478039057236
1.9221110586975527
1.9219234695739096
1.9221025135074727
1.9227884067794208
1.9243046304303417
1.9236429796479224
1.9247999862834306
1.9244672817537374
1.9249849996763444
1.9227331488756965
1.9217455199940912
1.9218844778552726
1.9220666068342052
1.922044723058707
1.921878367357941
1.9217016972680856
1.922017380215696
1.9226731476371028
1.9219979391135027
1.9233537954593336
1.9254232388996726
1.9237711973245715
1.9242665870920173
1.923601798645292
1.924258118409296
1.9247397027617918
1.9235661022773245
1.9244153946663536
1.9254556925461892
1.924922336725898
1.9255943992312818
1.9254226106886465
1.924214063540255
1.9242218915031342
1.9237264074164535
1.9235310592043275
1.9248621651916937
1.9235225944093575
1.9243635732429738
1.924167666665766
1.9236666464702221
1.9234869678845188
1.9246759248305392
1.9241646570499422
1.9257169807596666
1.9253871790515156
1.9253763775625403
1.9253463857306756
1.9233072786921037
1.9248075041909951
1.924322053449964
1.9234562181716375
1.9236117897174596
1.9241291540422059
1.9234659058414962
1.9213093368568062
1.9214030434922114
1.9212707021807438
1.9217393559419649
1.9224300931938936
1.9227493686322996
1.9222443557847522
1.9213410634968306
1.9213561628193954
1.9198513178286591
1.9200151873451583
1.9198268836425751
1.9200066031381071
1.9206950941639542
1.922217051468856
1.9215529024231788
1.9227142751107928
1.9223803091656384
1.9228999951288825
1.9206395970017531
1.9196482484825983
1.919787721358904
1.919970541863571
1.9199485656384334
1.9197815791827975
1.9196042406275602
1.9199211072741607
1.9205793422547834
1.9199015810931839
1.9212625656984121
1.9233398579798644
1.9216815897443416
1.9221788474397548
1.921511544567884
1.922170340077345
1.9226537311326202
1.9214756944871443
1.9223281999876092
1.9233724487223949
1.922837064590748
1.9235116635356722
1.9233392213219254
1.9221260932690327
1.9221339513950195
1.9216365989722637
1.9214405062747877
1.9227766330222338
1.9214320027944947
1.922276156703197
1.9220794974289142
1.9215765855111493
1.9213962228012784
1.9225896691680144
1.9220764721779786
1.9236346850435715
1.9233036370844172
1.9232927899542414
1.923262668479887
1.921215849438207
1.922721735202438
1.922234452705354
1.921365334352532
1.921521491068729
1.922040816203428
1.921375051257301
1.9229170517062097
1.9230107991838363
1.922878759218299
1.923346415119879
1.9240357177121974
1.9243542654482635
1.9238503337581598
1.9229488555596705
1.9229638981854882
1.9214622689133376
1.9216257823491694
1.921437846451373
1.9216171823881045
1.9223042531549845
1.9238230261381457
1.9231602857381322
1.9243191822156187
1.9239858985077374
1.924504548820004
1.9222487197128226
1.9212595213781303
1.9213986498358782
1.9215811019091535
1.921559122898928
1.9213924773974702
1.92121550796268
1.921531661007628
1.9221884571855021
1.9215121175289924
1.922870259839802
1.9249433224195398
1.9232886272844183
1.9237848173987984
1.9231189081600142
1.923776294362863
1.9242586014840009
1.9230830389018483
1.9239337681974518
1.9249759172579994
1.9244415959108951
1.9251147583306654
1.9249426565566636
1.9237320126558755
1.923739857164279
1.9232435722620371
1.9230478608234196
1.9243811273474078
1.9230393415591944
1.9238817035488733
1.923685396036335
1.9231835509423616
1.9230035421427263
1.9241944580055816
1.9236823557178562
1.9252374039112892
1.9249070531453607
1.9248962045927152
1.9248660645213602
1.922823522680093
1.9243261929099365
1.9238399500169003
1.9229726053795033
1.9231284196381901
1.923646680233997
1.9229822647373316
1.9144125503541976
1.9145065641125125
1.914374303971375
1.9148427696523995
1.915533281416626
1.9158523600254587
1.915347558285553
1.9144444718855573
1.9144595299427642
1.9129553055077293
1.9131190989783171
1.9129308233273565
1.913110469408106
1.913798749641835
1.9153201768090982
1.9146562864641945
1.915817188178463
1.9154833148917048
1.9160028939317315
1.9137430532464808
1.9127521590843186
1.9128915079310764
1.9130742849418458
1.9130522464327357
1.9128853060611932
1.9127080265283836
1.9130247101796107
1.913682627521624
1.9130051073991545
1.9143656254407895
1.9164423612632184
1.9147848192030386
1.9152818646924397
1.914614790625059
1.9152733122861283
1.9157564309019237
1.9145788179514711
1.915431037191686
1.9164750443236078
1.915939764392531
1.916614092369048
1.9164416810307772
1.9152288980660688
1.9152367575045035
1.9147396169497097
1.9145435509402609
1.9158791194774043
1.9145350022680172
1.9153788252274513
1.9151821488335359
1.9146794330385242
1.9144990995152893
1.9156920821123724
1.9151790939485152
1.916736901021976
1.9164059749107494
1.9163950969696086
1.9163648689293717
1.914318755296546
1.9158240235297943
1.915336939572168
1.9144680598454218
1.914624139596715
1.9151433154199766
1.9144777199891945
