1.929529649397812
1.9310126952057682
1.9339727195688152
1.9280372650866946
1.9299007671382578
1.9306401240530178
1.9295261889956585
1.9291530158039998
1.9276719581707331
1.929881437569326
1.932493410499155
1.9317609560567413
1.9317391035010214
1.9310003144956378
1.9317279458640584
1.9343367175204347
1.9343435505292434
1.9339644626952661
1.9321080105493043
1.9295080324365916
1.930610875891797
1.9343226357426038
1.9313583701216415
1.9343177826439852
1.9339514512682596
1.9277786073133203
1.929260313087729
1.9322176620340732
1.926287569343278
1.928149388933064
1.9288880766546967
1.9277751470353657
1.9274023115403804
1.9259225924077115
1.9281300733241498
1.930739688470281
1.9300078970914882
1.9299860629481493
1.9292479401869893
1.9299749130169939
1.9325813285047224
1.9325881554518218
1.9322094098288567
1.9303546338982183
1.9277570043722858
1.928858850035965
1.9325672558398812
1.9296056688465573
1.9325624072878222
1.932196407527571
1.9296103958564081
1.931093010603472
1.9340521636651757
1.928118417292066
1.9299813953296965
1.93072052243147
1.9296068969586782
1.9292338389312023
1.9277532152476116
1.929962025259373
1.9325732694239157
1.931841044200532
1.931819180460659
1.9310805890580804
1.931807994809404
1.9344160218237703
1.9344228543250226
1.934043872455508
1.9321879439007112
1.929588712658976
1.9306912185008818
1.9344018966340408
1.9314384953728772
1.9343970470701033
1.9340308301967344
1.926730993965018
1.9282129606804423
1.9311708166430017
1.9252396580693274
1.9271018277712184
1.9278406267793318
1.9267274832702634
1.926354590561257
1.9248746152085656
1.927082450608166
1.929692563697352
1.9289606640273707
1.9289388039279043
1.9282005295739675
1.9289276126206396
1.9315345042956764
1.9315413343093313
1.9311625166638862
1.9293073939122645
1.9267092957795917
1.9278113139745106
1.9315203692534364
1.9285582641905323
1.9315155225257692
1.931149468428308
1.9276668140615685
1.9291491267779477
1.9321076718992853
1.9261751263296665
1.9280377330945766
1.9287767026524234
1.9276632974062025
1.9272903185080936
1.9258099980705532
1.92801834540515
1.9306290718485069
1.929897003423416
1.9298751359379636
1.9291366869862347
1.9298639379497893
1.9324714400394853
1.9324782718401963
1.9320993652012801
1.9302438072435844
1.9276451013720528
1.9287473746392416
1.932457295514495
1.9294944992369025
1.9324524479316842
1.9320863094144385
1.9227520395466444
1.9242338899682176
1.9271915227797631
1.9212608436286844
1.9231228527663418
1.9238616060084235
1.9227485614696547
1.922375692538479
1.9208958304849946
1.923103514884986
1.9257133982378307
1.9249815426361234
1.9249596986097444
1.924221496218027
1.9249485337730676
1.9275552097256756
1.9275620379928025
1.927183253530099
1.92532828945812
1.9227304024401313
1.9238323481262685
1.9275411146879096
1.9245792398022772
1.9275362666014573
1.9271702346588386
1.9247786073133204
1.926260313087729
1.929217662034073
1.9232875693432783
1.9251493889330644
1.9258880766546966
1.924775147035366
1.9244023115403808
1.9229225924077118
1.9251300733241499
1.927739688470281
1.9270078970914888
1.92698606294815
1.9262479401869899
1.9269749130169944
1.9295813285047227
1.9295881554518222
1.9292094098288566
1.9273546338982188
1.924757004372286
1.925858850035965
1.9295672558398813
1.9266056688465574
1.9295624072878224
1.9291964075275716
1.9236103958564084
1.9250930106034718
1.928052163665176
1.9221184172920653
1.923981395329696
1.92472052243147
1.923606896958678
1.923233838931202
1.9217532152476116
1.9239620252593728
1.926573269423915
1.925841044200532
1.9258191804606593
1.9250805890580809
1.925807994809404
1.92841602182377
1.9284228543250228
1.9280438724555078
1.9261879439007108
1.9235887126589757
1.9246912185008815
1.9284018966340413
1.925438495372877
1.9283970470701035
1.928030830196734
1.9256480079931813
1.9271304213864557
1.930089169154582
1.924156223317133
1.926018953839616
1.9267579759121052
1.9256444972570277
1.9252714919824632
1.9237910704629058
1.9259995720232244
1.9286104710403096
1.9278783503491215
1.9278564841121952
1.9271179876768498
1.9278452902363274
1.9304529673009134
1.9304597993351378
1.930080867619356
1.928225186129293
1.9256263051343596
1.926728655926455
1.93043882922101
1.927475831282227
1.9304339809778233
1.93006781634187
1.9216856201299557
1.9231678321694394
1.9261261746439882
1.9201940293422004
1.9220565123495363
1.922795429392741
1.9216820975553779
1.9213091450337247
1.919828925678201
1.9220371187870757
1.9246476726567043
1.9239156564977111
1.9238937877637314
1.9231553862956197
1.923882585663251
1.9264899127780573
1.9264967443452539
1.9261178627832043
1.924262428357875
1.921663897609745
1.9227660933520279
1.9264757618079795
1.9235131671915775
1.926470914885544
1.9261048024870073
1.9268859215385918
1.9283670516049434
1.9313232453847438
1.9253954472632426
1.9272565532912251
1.9279949456794219
1.9268824405640959
1.9265097536694846
1.9250306114073072
1.9272372194533607
1.9298458376274923
1.929114339690645
1.929092504246192
1.9283546587183953
1.9290813412062668
1.9316867515871052
1.9316935767066203
1.9313149758878558
1.929460911689723
1.9268642865268244
1.9279656945547459
1.9316726578832903
1.9287122231420726
1.9316678124003053
1.9313019593247787
1.9271060721741846
1.9285860224711098
1.9315398452036336
1.9256167432584097
1.9274763931791457
1.9282141751460533
1.9271025349878756
1.926730154952372
1.9252521960527875
1.927457005874126
1.9300635916338864
1.9293327007355687
1.929310856498843
1.9285735731061093
1.9292996556763098
1.9319030111009183
1.9319098329917663
1.9315315274384004
1.9296789161669745
1.9270843461075164
1.9281848513502462
1.9318888576876074
1.9289307851656388
1.9318840192359497
1.9315184695573955
1.9267708456150314
1.9282525953597094
1.9312100255244662
1.9252797466412177
1.9271416320213017
1.9278803327487413
1.92676736161883
1.92639451906411
1.9249147580926418
1.9271222882669117
1.929731999046028
1.9290001957104186
1.9289783504355118
1.9282401955274118
1.9289671814865295
1.9315736824642473
1.9315805104978603
1.9312017511120227
1.9293469105724113
1.9267491986778238
1.9278510668390552
1.931559580981394
1.9285979077569524
1.931554733555317
1.931188727731407
1.9278272638201914
1.9293087115341852
1.9322655337585757
1.9263364556788187
1.9281979697861817
1.9289365129696943
1.9278237620663543
1.9274509986410013
1.9259715409155838
1.9281786084126888
1.9307878014706192
1.930056154933302
1.9300343059128164
1.9292962934555662
1.9300231246269146
1.9326291006799623
1.9326359280130336
1.9322572438577954
1.9304027739152851
1.9278055873909004
1.9289072229774151
1.9326149798618482
1.9296539116209774
1.9326101344168978
1.9322442069491115
1.9288703981420143
1.9303516161489047
1.9333079723655304
1.9273798018591226
1.9292410394677002
1.929979457867511
1.9288668697310236
1.9284941687169421
1.9270149427771672
1.929221649338884
1.9318304587789852
1.9310989369285039
1.9310770792209178
1.9303391693992389
1.9310658781453367
1.9336714595061542
1.9336782867986975
1.9332996584541893
1.931445465038109
1.9288486751378995
1.9299501281609268
1.933657308166316
1.9306967009628628
1.9336524649352953
1.9332865997324498
1.9277553222184534
1.9292371599036708
1.932194752505253
1.9262641012370976
1.9281261181977774
1.9288648449368309
1.9277517907857578
1.9273789341115672
1.9258990894625017
1.928106718152435
1.930716620197521
1.9299847929482774
1.929962925410238
1.9292247062082553
1.9299517184255996
1.9325583903832961
1.932565220589937
1.9321864336783554
1.9303314639207978
1.9277335872888985
1.928835500445236
1.9325442312644197
1.9295823855777425
1.9325393860903068
1.9321733681390778
1.9288305464920008
1.9303119814696381
1.933268763484065
1.9273397132872323
1.929201235217617
1.9299397518981016
1.9288269913824576
1.9284542402140896
1.9269747998930917
1.9291818116801382
1.9317910234303095
1.9310594052454562
1.9310375327133102
1.930299503445795
1.9310263092794473
1.9336322813375835
1.9336391106101682
1.9332604240060522
1.9314059483779622
1.928808772239668
1.9299103752963827
1.9336180964383578
1.930657057396443
1.9336132539057476
1.9332473404293509
1.9298924868822103
1.9313735914758494
1.9343297048357233
1.9284019624800701
1.9302630841540962
1.931001423536236
1.929888899196302
1.9295162368156613
1.9280371293623233
1.9302436259882594
1.9328522815468727
1.9321208403149523
1.9320989578471794
1.9313610786988527
1.9320877105113312
1.9346931129023468
1.9346999419008897
1.93432133618437
1.932467260615078
1.92987065622436
1.9309719991926808
1.9346788910363104
1.9317185146930034
1.9346740513780059
1.9343082262852573
1.927988756737384
1.9294693423295919
1.9324244219512974
1.9264987600895611
1.928359226169059
1.9290973097265989
1.9279851779923927
1.9276126448954058
1.9261340550693409
1.9283397837927825
1.9309475193201402
1.930216331220884
1.9301944598320917
1.929456842580451
1.930183222517606
1.9327877092866328
1.9327945356045921
1.9324160633782788
1.9305626406180985
1.9279669478356685
1.9290679081955848
1.9327735016447223
1.9298141621234486
1.932768663269134
1.9324029648060606
1.9237896516834179
1.925271300751201
1.9282285282691694
1.9222986496537515
1.9241604112762616
1.9248990594890587
1.9237861617680045
1.9234133455897395
1.921933685700289
1.9241410616488372
1.9267505998542245
1.9260188487847125
1.9259970022612802
1.9252588948367966
1.9259858291999916
1.9285921552028191
1.9285989830029182
1.928220248693947
1.9263655316867025
1.9237679949155155
1.9248697855518417
1.9285780472748786
1.9256165757116273
1.9285732005091771
1.928207220803975
1.9237365161500668
1.9252184545121784
1.9281762497605492
1.9222451982245643
1.924107338942817
1.9248461181965126
1.9237329906365825
1.9233601075859366
1.9218801618548549
1.9240879447705093
1.9266980193893237
1.9259661398739827
1.92594427358447
1.9252060068988706
1.9259330707121383
1.9285399176447244
1.928546748084879
1.9281679360964312
1.9263128428065064
1.9237147910512065
1.9248167817324495
1.928525764970935
1.9255637176230673
1.928520919136447
1.9281548750665094
1.924331587502415
1.9258156996665476
1.9287778522201182
1.9228381297124753
1.9247029719367328
1.9254428602551115
1.9243281240371566
1.9239546826198315
1.9224725601104078
1.924683627797936
1.9272974792606483
1.9265644983982664
1.9265426298746329
1.9258033094075377
1.9265314637600095
1.9291421114028147
1.9291489493462906
1.9287695888749028
1.9269118016490216
1.9243099539423596
1.9254135901280502
1.9291280188082818
1.9261616218282167
1.9291231622510514
1.9287565675884502
1.9272197942506633
1.9287045133567662
1.9316678620853305
1.9257256866988637
1.9275913160982445
1.9283314862528382
1.927216274407994
1.9268426895875448
1.9253599657732496
1.927571899878936
1.9301868626388743
1.9294536047301938
1.929431702864446
1.9286920562067822
1.9294204886928044
1.9320322229375775
1.9320390657346642
1.9316595442473263
1.9298009749943872
1.9271980509421258
1.9283021147313268
1.9320180584828952
1.9290504522185614
1.9320132028949129
1.9316464694753175
1.9242862136673529
1.9257705711555446
1.9287332102211057
1.9227925009853482
1.9246576565150504
1.9253976628685205
1.9242827383222714
1.923909237092299
1.9224268705800431
1.924638295976846
1.9272525882200007
1.926519490868607
1.9264976137104595
1.9257581661291898
1.926486436802621
1.9290975198851958
1.9291043593822128
1.9287249349942206
1.9268668360946326
1.9242645557725124
1.9253683695055672
1.9290834113628257
1.9261165248292615
1.929078554610826
1.9287119016471495
1.9242463620173396
1.9257309364762776
1.9286940013396405
1.9227524124134576
1.924617852264967
1.9253579568991108
1.9242428599737047
1.9238693085894467
1.9223867276959676
1.9245984583181006
1.927213152871325
1.9264799591855593
1.926458067202852
1.925718500175746
1.9264468679367308
1.9290583417166252
1.9290651831936843
1.9286857005460842
1.9268273194344854
1.9242246528742806
1.9253286166410226
1.9290441996348677
1.9260768812628417
1.9290393435812783
1.9286726423440503
1.925244122504099
1.926728712579994
1.9296917979475816
1.9237501298666342
1.925615606524803
1.926355704410337
1.925240581923488
1.9248670331378552
1.9233844400271862
1.9255961674232052
1.9282109191390429
1.9274777336511004
1.9274558243467803
1.9267162328410705
1.9274445944977643
1.9300561090251973
1.93006295201527
1.9296834612617955
1.9278250450029204
1.925222342451433
1.9263263012020517
1.9300419204938786
1.9270745736057717
1.9300370664594504
1.9296703691860873
1.9236059168299282
1.9250885628109053
1.9280477568810581
1.9221138521984191
1.9239769038493695
1.9247160174539217
1.9236023408582448
1.9232292880280197
1.9217486399100496
1.923957443469584
1.926568801959352
1.9258365931316157
1.9258146947485157
1.9250760543887313
1.9258034479314716
1.9284115564409159
1.9284183919681952
1.9280393938869311
1.9261833950375813
1.9235840918132805
1.924686587622939
1.9283973383520643
1.9254338800587374
1.9283924928264486
1.9280262838808087
1.922522930858092
1.924006023516919
1.9269661093926393
1.9210304174462247
1.9228940299177675
1.923633366586696
1.9225193548450092
1.922146189449226
1.9206650951643898
1.922874564884643
1.9254867093023105
1.9247542794533667
1.924732374932807
1.9239935124916145
1.9247211255471595
1.9273300194461531
1.9273368569940028
1.9269577448424007
1.9251011872546098
1.9225011011680495
1.923603929574883
1.927315798319638
1.9243514471504328
1.927310951278503
1.9269446317943717
1.9264897977477986
1.9279730605265015
1.9309335106873504
1.9249971765148037
1.9268609628881745
1.9276004180836082
1.9264863106470924
1.9261130873011472
1.9246318152866566
1.9268415999105801
1.9294539751504793
1.9287214243736936
1.9286995569934133
1.9279606485421938
1.9286883769981684
1.9312975393518643
1.931304374340714
1.9309252282471294
1.9290684938891574
1.9264681295383603
1.9275711230272525
1.931283424014646
1.928318726555222
1.9312785716144372
1.9309121919651604
1.9304709916794118
1.93195435513501
1.934915007942647
1.9289782735022702
1.9308421836332146
1.9315816913432904
1.9304675104979172
1.9300942607755172
1.9286128876790096
1.9308228265286542
1.9334353743422819
1.9327027712993992
1.932680905167646
1.9319419492328092
1.9326697292847066
1.9352790666132926
1.9352859018356565
1.934906730665205
1.9330498727748664
1.9304493333006674
1.931552404314466
1.9352649577211611
1.9323000586005468
1.935260104660577
1.9348936988925922
1.926449946097785
1.927933425847235
1.930894301805885
1.9249570879429134
1.9268211586380908
1.9275607121141987
1.9264464322985262
1.9260731587982953
1.924591672402581
1.9268017622518339
1.9294145398018034
1.9286818926906466
1.928660010485806
1.9279209825887496
1.9286488081322783
1.9312583611832939
1.9312651981521847
1.9308859937989928
1.9290289772290101
1.9264282266401282
1.9275313701627077
1.931244212286688
1.9282790829888021
1.9312393605848894
1.9308729326620615
1.927626962411555
1.9291094920986807
1.9320684630178206
1.9261350377577762
1.9279979288444926
1.928736996683014
1.9276234190576358
1.9272503900052411
1.9257698551864775
1.9279785077464042
1.9305896364998314
1.9298574717403685
1.9298355894303558
1.929097021032791
1.9298243690838992
1.9324322618709147
1.932439095651667
1.9320601307531433
1.9302042905834371
1.9276051984738207
1.9287076217746972
1.932418083786537
1.9294548556704825
1.932413236902136
1.9320470501113396
1.9253747218242374
1.9268586042812674
1.9298202908270725
1.923881475892779
1.925746041618251
1.9264858051529279
1.9253712317018261
1.9249978526957723
1.9235159619719915
1.9257266687241306
1.9283401365690143
1.9276072803934674
1.927585403182734
1.92684618535121
1.9275742172784314
1.9301844702290063
1.930191308131953
1.929812003471296
1.9279544927718455
1.9253530416893587
1.9264564953115617
1.9301703471127496
1.9272044111701014
1.930165492769449
1.9297989603717882
1.9253747218242374
1.9268586042812674
1.9298202908270725
1.923881475892779
1.925746041618251
1.9264858051529279
1.9253712317018261
1.9249978526957723
1.9235159619719915
1.9257266687241306
1.9283401365690143
1.9276072803934674
1.927585403182734
1.92684618535121
1.9275742172784314
1.9301844702290063
1.930191308131953
1.929812003471296
1.9279544927718455
1.9253530416893587
1.9264564953115617
1.9301703471127496
1.9272044111701014
1.930165492769449
1.9297989603717882
1.9234045722627229
1.9248882973362313
1.9278496598068726
1.921911459215786
1.9237758432164085
1.924515514727608
1.9234010465836402
1.9230277132707627
1.9215459828722168
1.9237564304307446
1.9263696487611552
1.9256368851609864
1.925614994321633
1.924875839310402
1.9256037811748903
1.9282137696656745
1.9282206081881077
1.9278413399183107
1.925984011674621
1.923382828470281
1.9244861495402252
1.9281996048412315
1.9252339859898469
1.9281947529446644
1.92782826672076
1.9244930804196076
1.9259763304619548
1.9289367404128397
1.923000434123218
1.92486422831961
1.9256036570120156
1.9244895399631956
1.924116328874236
1.922635074264165
1.9248448031780299
1.9274571971101695
1.9267246746858486
1.926702783793908
1.9259638585324226
1.9266915616507008
1.9293007200094854
1.929307556937849
1.9289284083953866
1.927071668351835
1.9244713143871275
1.92557427534622
1.9292865405911561
1.9263218723306876
1.9292816911032877
1.9289153254453995
1.9243459145443222
1.925829957265473
1.9287919481807045
1.922852467631362
1.9247172597113655
1.9254570820178811
1.9243423680858986
1.9239689582422792
1.9224869123804933
1.924697819390073
1.9273116126042829
1.9265787004036448
1.9265567959882572
1.9258174740475733
1.9265455645955385
1.929156118758532
1.9291629594945212
1.9287836078882499
1.9269258739001833
1.924324129334357
1.9254276779628938
1.9291419268197894
1.9261756744687524
1.9291370749612566
1.928770514345093
1.923303823381069
1.9247880986899226
1.9277505359071805
1.921810096512648
1.9236752097211185
1.9244151235596976
1.9233002116871156
1.9229267542878354
1.9214444818276362
1.923655690836432
1.926269943523325
1.9255369431861384
1.9255150066245776
1.9247755407594542
1.9255037222906823
1.9281147078985341
1.9281215521275779
1.927742134155825
1.9258840828084711
1.9232819160132775
1.9243856096593788
1.9281004359508425
1.9251337232452626
1.9280955868098815
1.927728981884031
1.9235206913448524
1.9250037996206353
1.9279639060005807
1.922028134899401
1.9238917841776038
1.924631114097922
1.9235170767947924
1.9231439139976343
1.9216628074956088
1.9238722739897482
1.9264844755700288
1.9257520539189081
1.925730132076735
1.9249912451569395
1.925718852108193
1.928327786754726
1.928334625815589
1.9279555055581126
1.926098912823045
1.923498790745202
1.9246016141359121
1.9283135191786496
1.9253491394933628
1.9283086741566755
1.9279423586364084
1.923445467071305
1.924928978054668
1.9278898950217682
1.9219525228492669
1.9238166671577637
1.924556207136651
1.9234418761980925
1.923068607895112
1.9215870970650193
1.9237971804620453
1.92641007233724
1.92567744162173
1.9256555247736629
1.9249164479194003
1.925644261254346
1.928253895800439
1.928260735795358
1.9278815152304158
1.9260244283658807
1.9234236057944332
1.9245267392847656
1.9282396540047106
1.9252744676746627
1.9282348063412351
1.9278683863461357
1.9234000932362427
1.9248838495436653
1.927845253022755
1.9219068941221393
1.9237713517360813
1.9245110097500602
1.9233964904832064
1.92302316236758
1.9215414075346544
1.9237518486409553
1.9263651812965925
1.92563243409207
1.9256105086094895
1.9248713046410524
1.925599234296958
1.9282093042828201
1.9282161458312808
1.9278368613497343
1.9259794628114915
1.9233782076245858
1.9244815186622826
1.9281950465592543
1.9252293706757073
1.9281901987010095
1.9278237204048345
1.9224377053730164
1.9239212603266491
1.9268822585121617
1.9209447001472069
1.9228089102460015
1.9235484632306956
1.922434090781557
1.922060815418841
1.9205792627499492
1.9227893954048072
1.9254023829129872
1.9246697402406594
1.9246478122610262
1.9239087032598226
1.9246365297238812
1.9272462497599634
1.9272530908413963
1.9268738565135823
1.925016705040074
1.9224158000999707
1.9235189560878563
1.9272319791462234
1.9242667065850578
1.9272271326087302
1.9268607065499712
1.927809500910374
1.9292910521818627
1.9322480573473038
1.9263185277278752
1.928180210222494
1.92891877266901
1.927805913183066
1.927433138236868
1.925953584616663
1.928160747403318
1.9307701888898308
1.9300385266367033
1.9300166380314705
1.9292785368017351
1.930005388127019
1.9326115759075846
1.9326184069266967
1.9322396871398395
1.9303850528321065
1.9277876655791284
1.9288893411446244
1.932597351003885
1.9296360817846983
1.9325925098300605
1.9322265741988198
1.9277287544517774
1.9292107367841593
1.9321686132509428
1.9262373755225042
1.928099582031055
1.9288383742905577
1.9277252052200466
1.9273523151096654
1.9258723275397844
1.9280801597132713
1.9306903299650706
1.9299584384929123
1.929936561071833
1.9291982622392927
1.929925339181673
1.9325322716042488
1.9325391031309174
1.932160277379598
1.9303051194807
1.9277069853567443
1.9288089985355397
1.9325180901124475
1.929555956533463
1.9325132454039418
1.932147195270345
1.9287287544517784
1.930210736784159
1.933168613250943
1.927237375522504
1.929099582031055
1.9298383742905576
1.9287252052200468
1.9283523151096655
1.9268723275397845
1.9290801597132712
1.93169032996507
1.9309584384929124
1.930936561071833
1.9301982622392926
1.930925339181673
1.9335322716042491
1.9335391031309175
1.9331602773795982
1.9313051194806998
1.9287069853567438
1.9298089985355396
1.9335180901124476
1.9305559565334625
1.9335132454039419
1.933147195270345
1.9267077088701514
1.9281898074963841
1.9311479071141808
1.9252161899631475
1.9270785570359312
1.9278173950614659
1.9267041270206557
1.9263312131324437
1.924851112263356
1.9270590954364515
1.9296694954245917
1.9289375598841596
1.928915666389993
1.9281772955952334
1.928904418029245
1.9315115661742503
1.9315183994474465
1.931139540513385
1.9292842239348442
1.926685878696205
1.9277879643837812
1.9314973446779742
1.928534980921718
1.9314925013282545
1.9311264290398142
1.9277884553287472
1.9292701228940876
1.9322273512105421
1.9262973421685183
1.92815918522737
1.9288977934399183
1.9277848349836746
1.9274120362596459
1.9259323693402346
1.9281396831264979
1.930749354349352
1.9300176480279507
1.929995743349631
1.9292575701576757
1.9299844669745905
1.9325908704775852
1.9325977032432256
1.9322189502736271
1.9303641572862504
1.927766558918589
1.9288683069928667
1.9325766055694116
1.9296151061729536
1.9325717657543726
1.9322058079682887
1.926847113047148
1.928328462964846
1.93128506283671
1.9253563337529425
1.9272177687324135
1.9279562261496455
1.9268435134814164
1.9264707912881294
1.9249914398319585
1.92719829416717
1.9298073905062252
1.929075832785293
1.9290539416830066
1.9283159354205048
1.9290426835539427
1.9316485213847285
1.9316553519368127
1.9312766823036878
1.929422295060689
1.9268252580545129
1.9279267785701977
1.9316342835908542
1.928673417694049
1.9316294437377806
1.9312635603439563
1.9288847251839212
1.9303658737478295
1.9333220683261156
1.92739413977801
1.9292553272423334
1.9299936796302808
1.9288811137797655
1.9285084443393903
1.9270292950472532
1.929235840931021
1.9318445921226193
1.9311131389338823
1.9310912453345424
1.9303533340392742
1.9310799789808661
1.9336854668618715
1.933692296946928
1.933313677467536
1.931459537289271
1.9288628505298975
1.9299642159957708
1.9336712161778233
1.9307107536033985
1.933666377645501
1.9333005464890927
1.929852635232197
1.9313339567965826
1.9342904959542584
1.9283618739081798
1.9302232799040129
1.9309617175668266
1.9298490208477357
1.929476308312809
1.9279969864782474
1.9302037883295131
1.932812846198197
1.932081308631905
1.932059411339572
1.9313214127454086
1.9320481416454411
1.9346539347337763
1.9346607657123607
1.9342821017362333
1.9324277439549309
1.9298307533261276
1.930932246328136
1.9346396793083525
1.9316788711265835
1.9346348403484581
1.9342689669821578
1.926748603678734
1.9282304882148205
1.931188142329077
1.925257253596628
1.927119380977287
1.9278580874705085
1.9267449566351085
1.926372107756794
1.9248922264561588
1.9270998454677526
1.9297099190006768
1.9289781163449033
1.928956196842023
1.928217904204232
1.928944898108701
1.931551692309015
1.9315585270546964
1.9311797158254904
1.9293246406261038
1.926726656020357
1.927828554128322
1.9315373938414535
1.9285754626065343
1.9315325547248252
1.93116654866519
1.929826067465521
1.931307533677071
1.9342643566999482
1.9283351481935858
1.9301967437372902
1.9309352469205538
1.9298224352820246
1.9294496893109072
1.92797022455553
1.9301772298903497
1.9327865559657464
1.93205495417654
1.932033047001167
1.9312949687764458
1.9320217624015141
1.934627815954729
1.9346346482533407
1.9342559454374753
1.932401399514833
1.929804151393973
1.93090574441844
1.9346135381563805
1.931652442082304
1.9346086996620933
1.934242794113425
1.9287862158155076
1.9302678989978044
1.9332251478184832
1.9272950596216951
1.9291569394872063
1.9298955409511442
1.928782556933458
1.9284097608080548
1.9269300816714534
1.929137392231603
1.9317471206170704
1.9310154224934921
1.9309935004935592
1.930255302823001
1.9309821935356242
1.9335886377861584
1.9335954720648116
1.9332167109893388
1.9313618828546857
1.9287642484957417
1.9298659915538956
1.933574326428423
1.9306127985158839
1.9335694886325452
1.9332035348103258
1.9298692017873436
1.9313504382917914
1.9343067953069029
1.9283784943738902
1.9302398134188092
1.9309781918183704
1.929865542946694
1.9294928593868483
1.9280136264171135
1.9302202708165448
1.9328292132741127
1.9320977361717413
1.9320758203092687
1.9313378447201186
1.9320645159199363
1.934670174780921
1.934677007039005
1.934298360033869
1.9324440906376574
1.9298472391409724
1.9309486496019517
1.9346558664608484
1.9316952314241893
1.9346510301804911
1.9342851868967634
1.9298293501373303
1.9313108036125244
1.9342675864254377
1.9283384058019994
1.9302000091687257
1.9309384858489609
1.9298256645981278
1.929452930883996
1.9279734835330375
1.9301804331577992
1.9327897779254373
1.9320582044886936
1.932036273801661
1.931298178766674
1.9320249470540465
1.9346309966123503
1.9346378308504761
1.9342591255857322
1.9324045739775104
1.9298073362427408
1.930908896737407
1.9346166547328905
1.9316555878577693
1.9346118191509434
1.9342459275936643
1.9277917380005563
1.9292733928295405
1.9322305809360316
1.9263005997769318
1.928162450658806
1.9289010323683253
1.9277880642997773
1.9274152778327345
1.925935628317742
1.9281428863939474
1.9307525763090423
1.9300208983401046
1.9299989701501248
1.9292607801479043
1.9299876516271228
1.9325940511352064
1.9326008858403603
1.9322221304218836
1.9303673317489283
1.9277697437673562
1.9288714593118341
1.9325797221459218
1.9296182519484193
1.932574885243223
1.932208941448528
1.9298293501373303
1.9313108036125244
1.9342675864254377
1.9283384058019994
1.9302000091687257
1.9309384858489609
1.9298256645981278
1.929452930883996
1.9279734835330375
1.9301804331577992
1.9327897779254373
1.9320582044886936
1.932036273801661
1.931298178766674
1.9320249470540465
1.9346309966123503
1.9346378308504761
1.9342591255857322
1.9324045739775104
1.9298073362427408
1.930908896737407
1.9346166547328905
1.9316555878577693
1.9346118191509434
1.9342459275936643
1.9288403945074282
1.9303217912759967
1.9332784526605338
1.9273494861124727
1.9292110315119229
1.9299494686833234
1.9288366793307665
1.9284639649333555
1.9269845768256149
1.9291914214824863
1.9318006893093804
1.9310691561819184
1.9310472131147915
1.9303091334164808
1.9310358632370432
1.9336418233104467
1.9336486584015715
1.9332699644508227
1.9314154717659944
1.9288183267859706
1.929919832253284
1.9336274461678884
1.9306664947228391
1.9336226123722986
1.9332567408700678
1.9226921854735737
1.9241743720403452
1.9271326340949677
1.921200544559027
1.9230630432124067
1.9238019072495554
1.9226885561875837
1.9223156281799014
1.9208354436332167
1.923043525321975
1.9256541165760848
1.9249221571220188
1.9249002413647194
1.9241618062760775
1.9248889549683152
1.9274962740932993
1.927503109539523
1.9271242230797183
1.92526877728323
1.9226702673072797
1.9237723979899626
1.9274819949609998
1.9245194587425085
1.9274771538632447
1.9271110694474851
1.9247430814936852
1.9262249943830847
1.929182709211529
1.9232517134413913
1.9251138698056884
1.9258525960533275
1.9247394492687888
1.924366590732114
1.9228866798098703
1.9250943513054086
1.9277044633087044
1.9269726404982912
1.9269507271854578
1.9262124268793284
1.9269394400172024
1.9295462789599669
1.9295531132791486
1.9291742963929452
1.9273191917318622
1.924721160748742
1.925823086370384
1.9295319981239554
1.9265700091739986
1.9295271581141475
1.9291611420269879
1.9226036773166886
1.9240863389146223
1.9270455534889999
1.921111569651596
1.922974658109206
1.923713764965148
1.9226000628080284
1.9222270125764283
1.9207463522412682
1.9229551525746897
1.925566568227071
1.9248343675971578
1.9248124518924445
1.924073787054057
1.9248011744925049
1.9274093237494887
1.9274161607897822
1.927037154602643
1.9251811206060168
1.9225817813904333
1.9236842721839682
1.9273950592110751
1.9244315724016683
1.9273902157046214
1.927024010722846
1.923689945960334
1.9251721481440618
1.928130430702909
1.9221982620122036
1.9240607974722432
1.9247996547607813
1.9236862781373667
1.9233133527283104
1.9218331559644355
1.92404123442708
1.9266518828438035
1.9259199315875606
1.9258979985086473
1.9251595389414027
1.9258866815293492
1.9284940414018723
1.9285008783611093
1.9281219837954295
1.9262665028516652
1.9236679568844324
1.924770082550991
1.928479715820011
1.9255171510854387
1.9284748767414173
1.9281087962895223
1.9208027823706544
1.9222843804930128
1.9252414471711277
1.9193116800874055
1.9211734730020031
1.9219120152026878
1.9207990790324163
1.9204263118820941
1.9189467216103204
1.9211538747186345
1.9237634876929859
1.923031850033329
1.9230099094632551
1.9222717347977107
1.9229985678101198
1.925604877833303
1.925611713391456
1.9252329692869745
1.9233782295374122
1.9207807343105863
1.9218823948277108
1.9255905135809186
1.9226291588134894
1.9255856784645786
1.9252197547249317
1.9247917380005568
1.9262733928295408
1.9292305809360317
1.9233005997769328
1.925162450658806
1.9259010323683254
1.9247880642997774
1.9244152778327344
1.9229356283177426
1.925142886393948
1.9277525763090426
1.9270208983401051
1.926998970150125
1.9262607801479048
1.926987651627123
1.9295940511352065
1.9296008858403604
1.929222130421884
1.9273673317489284
1.9247697437673568
1.9258714593118338
1.9295797221459217
1.9266182519484194
1.9295748852432233
1.929208941448528
1.9238215884390413
1.9253030858845042
1.9282599499158308
1.922330583099939
1.924192252256963
1.9249307419430055
1.9238178791815914
1.923445138407725
1.921965649217968
1.9241726481005603
1.9267820885011833
1.9260505031076236
1.9260285612890236
1.9252904341070962
1.9260172155235817
1.9286233505718748
1.9286301858965142
1.9282514668688988
1.9263968506517035
1.9237995305482782
1.9249011135404972
1.9286089798744037
1.9256478267681643
1.9286041454184384
1.9282382477974995
1.925840394507428
1.9273217912759963
1.9302784526605339
1.924349486112473
1.9262110315119227
1.926949468683323
1.9258366793307664
1.9254639649333551
1.923984576825615
1.9261914214824865
1.92880068930938
1.9280691561819183
1.9280472131147917
1.9273091334164805
1.9280358632370431
1.9306418233104463
1.9306486584015714
1.9302699644508223
1.9284154717659945
1.9258183267859705
1.9269198322532837
1.9306274461678883
1.9276664947228392
1.9306226123722983
1.9302567408700682
1.923661138680418
1.9251435011282667
1.9281020880565405
1.9221692537507866
1.9240320155653576
1.9247709316257346
1.9236574145214391
1.9232844582748172
1.9218041063729374
1.924012385093022
1.926623358879071
1.9258913515977374
1.9258693913141705
1.925130827637765
1.9258580288464562
1.928465689931398
1.9284725297236764
1.9280935882123833
1.9262378839800027
1.9236390445294305
1.924741265202324
1.928451295527051
1.9254884143840891
1.9284464589332246
1.928080350262827
1.9227551690223523
1.9242370280857262
1.9271946017800565
1.921263768813455
1.9231259118401576
1.9238645653273232
1.9227514152673142
1.9223785909029703
1.9208987444111743
1.9231062520026512
1.9257163629200573
1.924984616969211
1.9249626504430108
1.9242243241846888
1.9249512674137652
1.9275580536242567
1.9275648922489654
1.9271860761220037
1.925330989551458
1.9227330257178918
1.9238348587662568
1.927543626994474
1.9245817541574646
1.9275387937025255
1.9271728156256682
1.9237739750907388
1.9252557334772178
1.9282131045247595
1.9222826718259884
1.9241446910951172
1.9248832920676409
1.9237702154164888
1.9233974174286008
1.921917672018822
1.9241250253845765
1.9267349637282538
1.9260032700435055
1.9259813022687788
1.9252430234940736
1.9259699151272272
1.9285765263628287
1.9285833647540236
1.928204573703928
1.9263496106657492
1.9237518219555843
1.9248535774790434
1.9285620932879586
1.9256004221121394
1.9285572606563857
1.9281913086982359
1.9227917380005566
1.9242733928295406
1.9272305809360315
1.9213005997769321
1.9231624506588052
1.9239010323683257
1.9227880642997774
1.9224152778327344
1.9209356283177426
1.9231428863939477
1.9257525763090426
1.9250208983401045
1.9249989701501247
1.9242607801479048
1.9249876516271232
1.9275940511352068
1.9276008858403602
1.927222130421884
1.925367331748928
1.9227697437673559
1.923871459311834
1.9275797221459217
1.924618251948419
1.9275748852432228
1.9272089414485278
1.9217253185838679
1.9232073350307624
1.926165232800257
1.9202337854904479
1.9220961102419998
1.9228348557526433
1.9217216003855004
1.9213487303279801
1.919868723510949
1.9220764902960374
1.9246868507279162
1.9239550122016924
1.9239330593041117
1.9231946702254976
1.9239217035173064
1.9265287541875888
1.9265355921928116
1.9261567396749895
1.924301470648683
1.9217032389369697
1.9228052045375932
1.926514369265992
1.9235521793377195
1.92650953352731
1.926143509276696
1.9216987508171919
1.923180911911251
1.9261390935459468
1.9202070597758543
1.922069574075278
1.9228083851063698
1.9216950148197893
1.9213221113260788
1.9198419615882316
1.9220499318568738
1.9246605604954656
1.923928657746327
1.9239066949657069
1.9231682262565346
1.9238953242733796
1.9265026354085417
1.9265094747337919
1.9261305833762317
1.9242751262085847
1.9216766370048155
1.9227787026278969
1.92648822811402
1.9235257502934395
1.9264833928409448
1.9261173364079636
1.9261765067327397
1.927661476924102
1.9306252727531794
1.9246820080949165
1.926548040059106
1.9272882617455138
1.9261727912248807
1.9257991763030071
1.9243162188603387
1.9265283928029566
1.9291439480530443
1.9284106467559259
1.9283886545891173
1.927648798239543
1.9283772841625475
1.930989527352347
1.930996378608029
1.930616772094581
1.928757809502224
1.9261544016241199
1.9272585678688356
1.9309751259084817
1.9280070314563986
1.9309702799887334
1.9306035241785695
1.9260824763908058
1.9275679499666432
1.9305327590296635
1.9245874930322484
1.9264541437843063
1.9271946280439252
1.9260787904790064
1.9257050436748542
1.9242215808221013
1.9264345258933278
1.929050944012059
1.9283173813844525
1.9282953954602773
1.9275553016926192
1.9282840455952386
1.9308971636594878
1.9309040160827402
1.9305242841849606
1.928664703930768
1.9260604204356586
1.9271649743049029
1.9308827944410585
1.9279136916830228
1.9308779452194322
1.9305110588157286
1.9262251632396112
1.9277098753705582
1.9306731444776821
1.9247308944304573
1.9265966209122234
1.9273366980605118
1.9262214062558696
1.9258478634036278
1.924365167368211
1.9265769278914955
1.9291920610533826
1.9284589045977396
1.9284368975537844
1.9276971515081196
1.9284254957724678
1.9310372995275866
1.9310441511692409
1.9306646061235198
1.9288059495192902
1.9262029846427344
1.9273069408102856
1.9310228499304485
1.9280552742308188
1.931018007117809
1.9306513236001095
1.9272384471229487
1.928723086930314
1.931686214104837
1.925744257287754
1.9276098889955846
1.9283499333836485
1.9272346990387248
1.9268611729045781
1.9253785483295693
1.9275902071110775
1.9302052061696078
1.9294720818254216
1.9294500797229872
1.9287103734926005
1.9294386853944312
1.9320503589171099
1.9320572098987507
1.9316776842728989
1.9298191217393388
1.9272162856088115
1.928320191765134
1.9320359205064344
1.9290684887529588
1.9320310774609915
1.9316644100344758
1.9243402391631719
1.9258243316157928
1.9287863643379595
1.9228465950524827
1.9247115421821472
1.9254513109911924
1.924336485201136
1.9239630980090026
1.9224810206828769
1.9246918590779447
1.927305899634847
1.926573048577966
1.926551051364465
1.9258116146991031
1.9265396554922052
1.9291503686504445
1.9291572173780016
1.9287778308993533
1.926919950636602
1.9243180724917355
1.925421568525977
1.9291359268323451
1.9261695896159394
1.9291310859627975
1.9287645551934813
1.9242274027528514
1.9257120992668417
1.9286753478697405
1.922733176977281
1.9245988666523874
1.925338950549286
1.9242236843060865
1.9238501388552192
1.9223674550369922
1.9245792187863904
1.927194294785664
1.9264611301321983
1.9264391404098569
1.9256994188427943
1.9264277692114347
1.9290395322190137
1.9290463823476547
1.9286668454078082
1.9268082239508548
1.924205295065582
1.9253092562492575
1.9290251290714373
1.9260575818878887
1.929020284239636
1.9286535967580725
1.924187551102838
1.9256724645875747
1.928636138988276
1.9226930884053905
1.924559062402304
1.9252992445798762
1.9241838059575203
1.9238102103523669
1.9223273121529163
1.924539381127644
1.927154859436988
1.9264215984491508
1.926399593902249
1.9256597528893498
1.926388200345545
1.929000354050443
1.9290072061591257
1.9286276109596716
1.9267687072907076
1.92416539216735
1.925269503384713
1.9289859173434791
1.9260179383214688
1.928981073210089
1.9286143374549733
1.9237363629539659
1.9252183226942345
1.928176099035353
1.9222448658009212
1.9241071325851973
1.9248458385870049
1.9237326151181393
1.9233597643773395
1.9218798168035272
1.924087478620725
1.9266977621118595
1.9259659638949165
1.9259439986172429
1.9252056248753042
1.9259326197003035
1.9285395808856851
1.9285464197439075
1.9281675785400798
1.926312368437167
1.9237142294801997
1.9248161400534702
1.9285251607009892
1.9255630862027895
1.928520326748665
1.9281543225530995
1.9236777052355654
1.9251599826234753
1.928118387409185
1.9221858742164972
1.9240485490801542
1.9247874058772778
1.923673936620398
1.9233010093488567
1.9218207463118038
1.9240288675800532
1.926639725954987
1.925907779137574
1.925885800283867
1.925147259612475
1.9258744031209518
1.9284819299785427
1.9284887710503205
1.928109846510019
1.9262542306627288
1.9236555303442755
1.9247576684761387
1.9284674826795465
1.9255047746816947
1.9284626487652572
1.9280965701774324
1.9237208395573882
1.9252028872381957
1.9281608260161396
1.9222292203968012
1.924091618761673
1.924830350775095
1.9237170442850668
1.9233441794247979
1.9218641481733878
1.9240719085062488
1.926682383263353
1.9259505611327756
1.9259285735919687
1.925190135556148
1.9259171566393738
1.9285242888047345
1.9285311298359844
1.9281522611064124
1.9262969217855535
1.9236986180912754
1.9248005736596512
1.9285098109840149
1.92554756402358
1.9285049792836553
1.9281389629607708
1.9226345709137422
1.9241170780087562
1.9270759488022309
1.9211425280361933
1.9230054793986355
1.923744460979462
1.9226308289557286
1.922257839272916
1.9207773444502203
1.9229858266538584
1.9255970686466208
1.9248649971423726
1.9248430269757657
1.9241043836688025
1.9248316496025297
1.9274395711523507
1.927446412264657
1.9270674319136258
1.9252115395399048
1.922612442597276
1.9237147632926275
1.9274251543750787
1.9244619853398095
1.9274203182468599
1.9270541773940941
1.920838154994188
1.9223195673797129
1.9252762492684754
1.9193472035656494
1.9212087857717597
1.921947216194549
1.9208344012805498
1.9204616894817637
1.9189822891568336
1.921189130587592
1.9237984555770988
1.9230669306474601
1.92304497025872
1.922306866081806
1.9230335897980775
1.9256395906190193
1.9256464272231584
1.9252677251665342
1.9234131973344297
1.9208160163631232
1.9219175168143128
1.9256251670268991
1.9226641870657697
1.9256203352504713
1.9252544677121053
1.9238060650424635
1.9252876504284655
1.9282446768966175
1.9223149376958188
1.9241767384334387
1.9249152541310952
1.9238023083485196
1.9234295534551826
1.9219499805878282
1.9241570779860844
1.9267667096526764
1.926035100345483
1.9260131362637494
1.92527494478794
1.9260017524626523
1.9286080584909242
1.9286148959885907
1.9282361494352316
1.9263814040000893
1.923783919159354
1.9248855471466784
1.9285936301574291
1.9256323045889547
1.9285887979534282
1.9282228882051704
1.928928902664313
1.9304098244017194
1.9333655332665016
1.927438461019904
1.9292994166151243
1.9300376109677306
1.9289251727103216
1.9285525805368284
1.927073668217563
1.9292797942297715
1.9318882376583943
1.9311569457067799
1.9311350025870664
1.9303971526385013
1.931123643712854
1.933728773654257
1.9337356071513125
1.9333570329278982
1.9315031284432078
1.9289068127028173
1.9300079580592786
1.9337143819178129
1.9307543810636796
1.9337095505309214
1.9333437995947074
1.9289477087326998
1.9304285297932111
1.9333840360112047
1.9274573640324375
1.9293181958700838
1.9300563377080482
1.9289439728594964
1.9285714070624593
1.9270925958252105
1.929298567611697
1.9319068384665916
1.9311755987810741
1.9311536544128345
1.930415851947886
1.9311422914263154
1.9337472463928291
1.9337540796563704
1.9333755305098224
1.931521749557499
1.9289256089405091
1.930026676772065
1.9337328482112972
1.9307730490183546
1.9337280174847815
1.9333622926672756
1.9289211409660247
1.9304021066736998
1.9333578967568947
1.9274306383178441
1.9292916597033616
1.9300298670617753
1.928917387293786
1.9285447880605575
1.927065833902493
1.9292720091725328
1.931880548234141
1.9311492443257088
1.9311272900744292
1.9303894079789234
1.9311159121823889
1.9337211276137822
1.9337279621973513
1.9333493742110648
1.9314954051174007
1.9288990070083547
1.930000174862369
1.9337067070593257
1.9307466199740753
1.9337018767984164
1.9333361197985424
1.9268060650424639
1.9282876504284656
1.9312446768966176
1.9253149376958192
1.9271767384334388
1.9279152541310953
1.9268023083485202
1.926429553455183
1.9249499805878278
1.9271570779860845
1.929766709652677
1.929035100345483
1.9290131362637493
1.92827494478794
1.9290017524626522
1.9316080584909243
1.9316148959885908
1.9312361494352308
1.9293814040000898
1.926783919159354
1.927885547146678
1.9315936301574288
1.928632304588955
1.9315887979534285
1.9312228882051712
1.9288436771792374
1.9303250612114493
1.9332816823860237
1.9273527437208864
1.9292142969433588
1.9299527076117304
1.9288399086468697
1.9284672065064437
1.9269878358031227
1.9291946247499356
1.931803911269071
1.9310724064940725
1.9310504399152855
1.930312343406709
1.9310390478895758
1.9336450039680675
1.9336518409987067
1.9332731445990796
1.9314186462286718
1.928821511634738
1.9299229845722514
1.9336305627443982
1.9306696404983048
1.9336257318611487
1.9332598743503069
1.923830393295899
1.9253118496516934
1.9282686127588686
1.9223393808635894
1.9242010288599973
1.924939472288594
1.9238266158640136
1.9234538970054929
1.9219744548417643
1.9241813455303534
1.9267907661528454
1.9260592292663896
1.926037257746083
1.925299121422228
1.9260258582676124
1.9286319445785443
1.9286387822691968
1.9282600664497005
1.9264054740086227
1.923808210668661
1.924909733617403
1.9286174921684123
1.9256564259761648
1.9286126615179657
1.9282467879159408
1.9288303932958992
1.9303118496516938
1.9332686127588683
1.9273393808635895
1.929201028859997
1.9299394722885936
1.928826615864014
1.9284538970054927
1.926974454841764
1.9291813455303537
1.9317907661528455
1.9310592292663895
1.931037257746083
1.930299121422228
1.9310258582676125
1.9336319445785441
1.9336387822691967
1.9332600664497006
1.9314054740086226
1.9288082106686608
1.929909733617403
1.9336174921684124
1.930656425976165
1.933612661517966
1.9332467879159405
1.9238171094125616
1.925298638091938
1.9282555431317139
1.9223260180062922
1.9241877607766364
1.9249262369654574
1.9238133230811583
1.923440587504542
1.9219610738804058
1.9241680663107719
1.9267776210366203
1.9260460520387073
1.9260240755768805
1.9252858994377466
1.9260126686456491
1.9286188851890202
1.9286257235396869
1.9282469883003217
1.9263923017885738
1.9237949097025835
1.9248964826625552
1.9286044215924263
1.9256432114540247
1.9285995911747835
1.9282337014815745
1.925830393295899
1.9273118496516937
1.9302686127588684
1.9243393808635896
1.9262010288599973
1.9269394722885937
1.925826615864014
1.9254538970054929
1.9239744548417639
1.9261813455303536
1.9287907661528452
1.9280592292663898
1.9280372577460827
1.9272991214222281
1.928025858267612
1.9306319445785438
1.9306387822691966
1.9302600664497003
1.9284054740086227
1.9258082106686607
1.926909733617403
1.9306174921684123
1.927656425976165
1.9306126615179657
1.9302467879159404
1.924835915480949
1.92631734348343
1.9292740458764175
1.9233449210188265
1.9252065400315967
1.9259449637057753
1.9248321232303336
1.924459414030173
1.9229800014880531
1.925186839692698
1.9277962218448177
1.927064705113002
1.9270427274026487
1.926304598747132
1.927031316359111
1.9296373579275925
1.9296441960447448
1.929265485882246
1.9274109229028655
1.9248137059402763
1.9259152013753418
1.929622887885911
1.9266618794087005
1.9296180581286442
1.929252194554143
