1.7590261088020898
1.7600654845215
1.7600565622449262
1.7596009499938114
1.759517949697916
1.7595263828943746
1.759003043684533
1.7587974163120694
1.7599189369866757
1.7595592273935867
1.7596148650516863
1.7596997226240705
1.7596963910697387
1.7575869994816664
1.7584089017718345
1.7575077007135578
1.758013861347773
1.7578294081584926
1.7571621448902182
1.7575479274004322
1.758400875913598
1.757535496706862
1.7581844720022577
1.757644206622336
1.7580111148697366
1.7577045879157802
1.7569064654882796
1.7576009065248837
1.7586105310403952
1.7587572323783183
1.76140722054077
1.7614450579789975
1.7613783785900265
1.7614847259923367
1.7615003324072687
1.7606250499713068
1.7616630237547062
1.7616541686716987
1.7611993121871683
1.7611162347761835
1.7611247232967389
1.7606021110825771
1.760396859122336
1.761516845755315
1.761157764708046
1.7612132907603308
1.761298063345785
1.7612948071712768
1.7591882603243552
1.7600087468975625
1.7591087592391585
1.7596142241797519
1.7594300829575156
1.7587636632440855
1.7591489705163694
1.760000811933252
1.7591366222657152
1.7597848282172461
1.7592453062022355
1.7596117996690153
1.759305509010814
1.7585084443741852
1.759202047036599
1.7602103601029848
1.7603568131044434
1.7630030458434132
1.7630409056035687
1.7629741146067859
1.7630805583038387
1.7630962506026115
1.7602065805807463
1.761245527885494
1.7612365756855892
1.76078106520118
1.7606982142904464
1.7607066033801273
1.7601834670276417
1.7599778646787323
1.7610989360589453
1.7607392874023076
1.7607949243987304
1.760879729041354
1.7608763556788336
1.7587678338291344
1.7595895844274902
1.7586887561478461
1.7591947160522234
1.7590103004095148
1.7583433465743799
1.7587289425883623
1.7595815131024375
1.7587164770109147
1.7593651202308682
1.7588250686209574
1.7591917768314769
1.7588854841402497
1.758087702100247
1.7587817970147492
1.759790974702394
1.7599376463120193
1.762586652481478
1.7626244296365126
1.7625579005070575
1.7626640580339654
1.7626795928755492
1.762396996779087
1.7634331494212847
1.7634242614885751
1.7629700791723442
1.7628873133745513
1.7628957284927387
1.7623740146983837
1.7621690368393046
1.763287077128513
1.7629285003370712
1.7629839610391846
1.7630685590374386
1.7630652463938097
1.7609623959189087
1.761781712340014
1.7608833056211404
1.7613878950943351
1.761204021535582
1.7605388205990589
1.7609234122681652
1.7617737210607667
1.7609110280708984
1.7615580037415504
1.761019415482705
1.7613851956536988
1.7610795977900449
1.760283948051767
1.7609762475429733
1.7619827473339857
1.7621289876472315
1.76477073635137
1.7648084653354998
1.7647419683235774
1.7648480149619064
1.7648635859244275
1.7617453644904104
1.7627830526640353
1.7627741776321404
1.76231938899208
1.7622364111712037
1.7622448702872406
1.7617223933113157
1.7615171580334446
1.7626368451368284
1.7622778047138594
1.7623333303250268
1.7624180676239736
1.7624147835773398
1.760308816556
1.7611292020013323
1.7602294628620172
1.7607347939827187
1.7605506777915307
1.759884464366859
1.7602696473083224
1.7611212367258116
1.76025727580175
1.7609052603696531
1.7603658808679832
1.7607322409768424
1.7604261064937934
1.7596292687821635
1.7603226406965091
1.761330655877651
1.7614770890602442
1.7641226671372183
1.7641604867085783
1.764093795884806
1.764200112998257
1.7642157575814652
1.7626301596772027
1.763665750309322
1.7636567523589006
1.7632025223666201
1.7631201950921618
1.7631284667816256
1.7626069920305167
1.7624019212015614
1.7635193994238272
1.7631607186545444
1.763216225391743
1.7633007161464738
1.7632972577178363
1.7611955487865962
1.7620150602086229
1.7611171452889516
1.7616214880784233
1.7614375827316333
1.7607728601615527
1.7611571493000016
1.7620069065649075
1.761144635085246
1.7617910391270704
1.7612527125161492
1.761618127493017
1.7613130642157324
1.7605178850474332
1.7612096043675882
1.7622154533897312
1.762361719441795
1.7650024122035863
1.765039967995366
1.7649739266626208
1.7650794166556831
1.7650947565403285
1.7614571540386388
1.7624931638759493
1.7624842659687963
1.7620301175748005
1.7619474015720615
1.7619558019879897
1.7614341558127535
1.761229186294859
1.7623470768192693
1.7619885203399785
1.7620439808215327
1.7621285611765336
1.7621252345968412
1.7600226740347313
1.760841939891899
1.75994365743257
1.7604481799958187
1.76026431895259
1.7595992211604456
1.759983750664142
1.7608339334570466
1.7599713548389158
1.760618219817754
1.7600797028155788
1.7604454163076122
1.7601398965315347
1.759344360255756
1.760036544372929
1.761042895221319
1.761189125625132
1.7638305469982727
1.7638682558880048
1.7638018089625873
1.7639077923091164
1.7639233394138543
1.7614321241920603
1.7624681877706472
1.7624592464416835
1.7620049644969493
1.761922391457938
1.7619307403614948
1.7614090506910671
1.7612039941697004
1.7623219592772092
1.7619632725429066
1.762018764376194
1.762103326165273
1.7620999442037641
1.7599972749323887
1.760816822481983
1.7599184951101559
1.7604230539474275
1.7602391341656014
1.7595740458512807
1.7599585601641028
1.7608087532709678
1.7599461125444285
1.760592928512823
1.7600543721725868
1.7604200422387504
1.760114644590857
1.7593190816408995
1.760011225099473
1.7610175889298163
1.7611638662211397
1.7638055656257088
1.7638432193370677
1.763776925938252
1.7638827280633387
1.7638981926895076
1.7620211209415917
1.7630581488320558
1.763049180506133
1.7625944279265098
1.7625118420446308
1.7625201761370004
1.761997993761477
1.761792713186058
1.762911726048551
1.7625526569313221
1.7626082127914282
1.7626928433081857
1.7626894341994206
1.7605848080327697
1.7614052223508416
1.7605060595967505
1.7610110924417444
1.7608269800895797
1.7601612918646294
1.7605461487881662
1.7613971185211315
1.76053366734735
1.76118104944574
1.76064198688936
1.7610079701775476
1.7607023482605642
1.7599060511872522
1.7605988055728297
1.7616060890228138
1.7617525195457535
1.7643967389991675
1.7644344029201648
1.7643681160555216
1.7644739354885268
1.7644893783042526
1.761883242716001
1.7629206007480456
1.7629116790691364
1.762456908459295
1.762374126607917
1.7623825232121206
1.7618601935363962
1.7616549356097513
1.7627742855926898
1.7624152308225909
1.7624707715582273
1.7625554554660796
1.7625521088883802
1.7604468122943846
1.761267212176087
1.7603677612293835
1.760872943212231
1.760688828940555
1.760022878115744
1.7604078980482443
1.7612591776234716
1.76039547157455
1.7610431549076964
1.7605039338786712
1.7608701055771947
1.7605642273771787
1.7597676599847074
1.7604607231346692
1.7614683724502316
1.7616148043029987
1.7642597030681926
1.7642974448143718
1.7642309559701637
1.7643370242433918
1.7643525679428584
1.7609785273885268
1.7620156535520728
1.762006668502466
1.7615518321863566
1.7614692928888143
1.761477608576128
1.7609553706434489
1.7607500423957014
1.761869167432143
1.7615100230313334
1.761565594677585
1.7616502247330088
1.7616467949013668
1.759541969423688
1.7603625498699418
1.7594633025298285
1.759968386966807
1.7597842389875817
1.7591185039293535
1.7595033843401584
1.7603544222299523
1.7594908828160978
1.760138295755173
1.7595991779014273
1.7599651728161605
1.7596595729194808
1.7588632057778295
1.7595559975211243
1.7605633619333958
1.7607098208548078
1.763354342989435
1.7633919893684444
1.7633257542238496
1.763431514692034
1.7634469281973661
1.7614046160658885
1.7624430904241686
1.7624340816028066
1.7619786230708512
1.76189601792467
1.7619043298002584
1.7613814083670911
1.7611757917105937
1.7622963762055632
1.7619367335139453
1.7619923854142787
1.7620771190225544
1.7620736691929055
1.7599661076833415
1.7607878221541298
1.7598874063266423
1.7603931501832197
1.7602087489755471
1.759542160884652
1.7599275317242604
1.7607796663963775
1.7599149995517318
1.7605632308451158
1.7600234089645197
1.7603898620857432
1.760083903765125
1.7592865055067806
1.7599801762828646
1.7609888391623088
1.761135499532675
1.7637834990593548
1.7638211782948108
1.7637549012314258
1.7638607466263099
1.7638761567263705
1.7617479959167135
1.7627856579774748
1.762776616007578
1.7623214108232854
1.7622390080680368
1.7622472648373861
1.7617247370569669
1.7615192097787211
1.7626389332757537
1.7622794674284692
1.7623351024398628
1.7624197482932042
1.7624162495061175
1.7603103368715356
1.7611316323944548
1.7602319224507113
1.7607372801655736
1.7605529771625823
1.7598869516268627
1.7602719881521511
1.7611234246689553
1.7602594179230708
1.7609070649167005
1.7603676546168214
1.7607337627166972
1.7604281728136568
1.759631411936149
1.7603244684843469
1.7613323056883918
1.7614788881131227
1.7641249483036003
1.7641625446090556
1.7640964662581489
1.7642020541588501
1.7642173742803915
1.7627304322102266
1.7637681388027935
1.7637591235310237
1.763303968160983
1.7632214690263441
1.7632297589030077
1.7627072190606259
1.7625017311135234
1.7636214922014055
1.763262081325551
1.7633177007713585
1.7634023647292874
1.7633989006011404
1.7612928973647959
1.7621140773234705
1.761214327706204
1.7617197007390275
1.7615354208475729
1.7608693390007515
1.761254414204182
1.762105908563855
1.7612418756863057
1.761889602531064
1.7613501762718808
1.7617163394241715
1.7614106494132507
1.7606138451415827
1.7613069797060967
1.7623148848904764
1.7624614488261685
1.7651075336664308
1.765145167608272
1.7650789874508113
1.7651846976081345
1.7652000708978517
1.761151533027091
1.7621882399854456
1.7621791548925707
1.7617242369781765
1.7616420864089148
1.761650273369764
1.761128206861212
1.7609227773024039
1.7620414900367012
1.7616822213458998
1.761737839247795
1.761822379702949
1.761818818022362
1.759714844175553
1.7605356701866657
1.7596367903862107
1.7601416950494118
1.7599575027666252
1.7592921429304609
1.7596767829760176
1.760527395337813
1.7596641630624281
1.7603111150644895
1.7597721876019976
1.7601378840015656
1.7598327406036791
1.759036730569506
1.7597290575157845
1.760735920101808
1.7608824146714706
1.7635262081947487
1.7635637014758054
1.7634978719238823
1.763603139038601
1.76361834532384
1.7610136548015
1.7620506919014352
1.7620416534555745
1.7615867175109616
1.761504370972201
1.761512620444884
1.7609904066361317
1.7607849997260971
1.7619040495808396
1.7615447952371686
1.761600398014594
1.7616849918608426
1.7616814927113211
1.7595768484371679
1.7603976600119107
1.7594984920188441
1.760003545819899
1.759819351617601
1.7591537291815755
1.7595385322360961
1.7603894544401533
1.7595259672896282
1.7601732205264458
1.759634134591309
1.7600000194012122
1.7596946197202932
1.7588983393669615
1.7595909750776235
1.7605982035292265
1.760744699428716
1.7633891722637736
1.7634267433700117
1.7633607118385248
1.763466227793466
1.7634815349624462
1.7612718475461948
1.7623082688947749
1.7622991638530128
1.761844313783089
1.761762262803935
1.7617704203602658
1.7612484890899514
1.7610430762135123
1.7621614894182143
1.7618022613517135
1.7618578788124906
1.761942383981138
1.761938794428425
1.759835400407198
1.7606561252904356
1.7597574940090697
1.760262264852379
1.7600780976006407
1.759412944053235
1.7597974597679709
1.7606478201303728
1.7597848165984629
1.7604315472168968
1.7598927622677452
1.7602583253093922
1.7599533380866583
1.7591575549774845
1.7598496511756951
1.7608562158764738
1.761002690627271
1.763645829488554
1.7636832825808153
1.763617553201903
1.7637226937330202
1.763737852302694
1.7613921620652984
1.7624282978041037
1.7624191728134548
1.7619643905880014
1.7618824391989556
1.7618905673507679
1.76136877131869
1.761163375124621
1.7622814887997271
1.7619223013575274
1.761977918377187
1.7620623882593272
1.7620587708344881
1.7599559566388432
1.7607765803942053
1.7598781976319287
1.7603828346553454
1.7601986924346555
1.7595337451760091
1.759918136559924
1.7607682449229323
1.759905470134498
1.7605519793693039
1.7600133369334927
1.7603787666172186
1.7600739355696375
1.7592783793854627
1.7599702448356056
1.7609765116511402
1.7611229665830723
1.7637654507823586
1.7638028636858247
1.7637372344799234
1.763842248427439
1.7638573592815479
1.7613520467918264
1.7623859237652966
1.7623768061215523
1.7619229831960945
1.7618412534622834
1.761849348724637
1.7613286854029506
1.7611237146682133
1.762239395712905
1.761880958689427
1.7619364627799192
1.762020741815607
1.7620171161542149
1.7599188861764654
1.7607377908312427
1.7598413670261057
1.760344906896224
1.7601611517357232
1.7594976668981963
1.7598812100517187
1.7607294553202646
1.759868556301455
1.7605136320415133
1.7599761605106348
1.760340775339977
1.7600366491136088
1.7592428314953017
1.7599331663270519
1.7609372280377273
1.7610833751765993
1.7637201399664162
1.7637574546254235
1.7636920143307422
1.7637967448221965
1.7638117984134511
1.762143913740289
1.7631782989825613
1.7631693347783397
1.7627156930796692
1.7626333818587963
1.762641672062244
1.7621208131925052
1.7619160224311152
1.7630321909596505
1.7626739881690252
1.7627294148727002
1.7628138197178331
1.7628103952232657
1.76071113241112
1.7615295603725498
1.760632689680709
1.7611364399605274
1.7609527753266607
1.7602888026448678
1.7606726635199226
1.761521450002203
1.7606601915815947
1.7613058879609245
1.7607681941201825
1.7611332175695207
1.7608284346285985
1.7600341731144926
1.7607251287758927
1.7617298282734852
1.7618759027860278
1.7645134454867637
1.764550988516495
1.7644849390160342
1.7645904073741978
1.7646057745218973
1.762126350033802
1.7631607798078799
1.7631518423017853
1.762698250417367
1.7626158428171026
1.7626241661278659
1.7621032951961637
1.7618985437659174
1.7630147498853022
1.7626566020661074
1.7627120132041956
1.7627964361539161
1.7627930463182881
1.7606936929043797
1.7615120053015652
1.7606150949362012
1.7611188605339814
1.7609352190116512
1.7602711900187562
1.7606550895719537
1.7615039338971024
1.7606426493448293
1.761288425575288
1.7607507157752416
1.7611157942769944
1.7608109112281922
1.7600166063199265
1.7607076399976427
1.7617124074755697
1.7618584634990735
1.7644960308495938
1.7645336115157109
1.7644674602086963
1.7645730508234818
1.7645884711393571
1.7623419492254313
1.763375861521236
1.7633668406955565
1.7629132509493404
1.76283118549302
1.762839398482375
1.7623187545319547
1.7621139494629758
1.7632296311062685
1.7628714342806633
1.7629268758882488
1.7630112096990336
1.7630077087373373
1.7609094062653274
1.7617277980991892
1.7608313398595048
1.7613348740915236
1.761151223892692
1.7604876169551393
1.7608712526558206
1.7617196032961422
1.7608587141224117
1.7615039985751717
1.7609665344637448
1.7613313028237865
1.761026854253474
1.7602329765210258
1.7609235080440082
1.7619276927333993
1.7620737560066826
1.7647102920646403
1.764747737174793
1.7646819397404019
1.7647870959665424
1.764802338372718
1.7617078806432418
1.762743283938668
1.7627342493156761
1.7622800034313792
1.762197822331366
1.762206046211255
1.7616846511412283
1.7614795493223139
1.7625968401889327
1.7622381247603696
1.7622936468425958
1.7623781018494855
1.7623745948258454
1.7602732664091594
1.761092842831493
1.7601950918448894
1.7606993524064531
1.7605154364636506
1.7598508733490514
1.7602350616439466
1.761084635066288
1.7602225040900288
1.7608687175889108
1.760330478193964
1.7606957714394562
1.7603908863576285
1.7595958640459886
1.7602873899757938
1.7612930220749796
1.7614392967066494
1.7640796374876586
1.7641171355486551
1.7640512461089684
1.764156550553609
1.7641718134122955
1.7617680379027936
1.7628032983933326
1.7627942537958972
1.7623400418338357
1.7622579105288758
1.7622661197065057
1.7617447922555975
1.761539698777868
1.7626568398796887
1.7622981447632766
1.7623536666249435
1.76243810398858
1.7624345830288768
1.7603335445249815
1.7611530703833775
1.7602554436563187
1.7607596373079364
1.7605757338806578
1.7599112739104381
1.7602954000399231
1.7611448474625677
1.760282830858046
1.7609289336651144
1.7603907655268376
1.7607559920933695
1.760451185099118
1.7596562762499777
1.760347686805749
1.7613531699623126
1.7614994346845503
1.7641394481345611
1.7641769261011597
1.7641110867479786
1.7642163279008183
1.7642315669017221
1.7625575484170606
1.7635909432345924
1.7635818390893279
1.7631282514813147
1.7630465281689371
1.7630546308368837
1.762534213867746
1.7623293551600354
1.7634445123272344
1.7630862664952196
1.7631417385723027
1.7632259832441517
1.763222371156387
1.7611251196262752
1.761943590896814
1.7610475847828084
1.761550887649066
1.761367228773734
1.760704043891523
1.761087415739688
1.761935272695183
1.7610747788999945
1.761719571575055
1.761182353152248
1.761546811370579
1.7612427972787554
1.7604493467221256
1.7611393760903733
1.7621429779912288
1.7622890485142924
1.7649245532796876
1.7649618628338755
1.7648964192721082
1.7650011411096034
1.765016205606079
1.7624372338979568
1.7634709143252636
1.763461830128886
1.7630081746764021
1.7629263517739167
1.7629344838463823
1.7624139316390073
1.7622090562489265
1.763324512945722
1.762966226489406
1.7630216990076066
1.7631059789659624
1.763102394750324
1.7610045633946305
1.7618231357930438
1.7609268811599497
1.7614303178460993
1.7612466339397193
1.7605832427687487
1.760966738947735
1.7618148479026232
1.7609541253639598
1.7615991394226478
1.7610617784865006
1.7614263700627522
1.761122199795776
1.7603285223141476
1.7610187824304633
1.7620226822165628
1.7621687725584916
1.7648049319858823
1.7648422817288658
1.7647767379940877
1.7648815864151841
1.764896698627225
1.762592675830034
1.763625981583955
1.7636168240424364
1.7631631368059193
1.763081606252324
1.7630896427056402
1.7625692498604288
1.762364312490431
1.7634793944759315
1.7631210387010552
1.7631765419093117
1.7632607503719855
1.7632570689663414
1.7611599986397557
1.7619787010387833
1.7610827742718234
1.7615860465021582
1.761402341403753
1.7607392691437451
1.7611225636356256
1.7619703049053839
1.7611098633735247
1.7617544963463276
1.7612173098421295
1.7615816579556307
1.7612778440795678
1.7604844803112587
1.7611743536468734
1.7621778195870597
1.7623239270882003
1.7649593825540264
1.764996616835443
1.7649313768867827
1.7650358542110351
1.7650508123711588
1.761863322575319
1.7628983511973593
1.7628892432292265
1.7624349655608968
1.7623530768097726
1.7623612050705133
1.76183996936265
1.7616348055638185
1.7627517217191422
1.7623929369720186
1.762448489744301
1.7625328732555083
1.7625292690418628
1.760428701654284
1.761248408077232
1.7603509849567631
1.7608550810625119
1.7606711439276845
1.7600068997240477
1.7603908863318372
1.7612400920690479
1.7603782420995937
1.7610240745125902
1.7604860095495931
1.7608510593323352
1.7605465306414196
1.7597518220430992
1.7604429611922037
1.7614481594454758
1.7615944512363584
1.7642340880558027
1.7642714706552323
1.764205885001664
1.7643108183494598
1.7643259271562295
1.7625726338439542
1.7636083411680976
1.7635991862541176
1.76314450579537
1.7630627037914859
1.7630707878365204
1.7625491946617986
1.7623438234912843
1.7634614878719967
1.7631023613662478
1.763157977724231
1.76324239467661
1.7632387354435826
1.7611367909863105
1.7619572630498606
1.7610592530662168
1.7615636893597955
1.761379584685678
1.7607149468601695
1.7610991517478538
1.7619488821117715
1.76108645043855
1.7617326275979146
1.7611941989321143
1.7615594285789586
1.7612548317941068
1.7604596159974295
1.7611511353254712
1.762156955313139
1.762303380516773
1.7649448827230658
1.7649822353433389
1.7649167563969534
1.7650215804690677
1.7650366197498284
1.761710512069545
1.762745889252108
1.7627366876911135
1.7622820252625848
1.7622004192281997
1.7622084407614003
1.761686994886879
1.7614816010675909
1.762598928327858
1.7622397874749791
1.7622954189574316
1.762379782518716
1.7623760607546233
1.7602747867246948
1.7610952732246148
1.7601975514335833
1.7607018385893083
1.7605177358347026
1.7598533606090545
1.760237402487775
1.7610868230094316
1.7602246462113496
1.760870522135958
1.7603322519428026
1.7606972931793115
1.7603929526774922
1.759598007199974
1.7602892177636311
1.76129467188572
1.7614410957595275
1.7640819186540402
1.7641191934491325
1.7640539164823115
1.7641584917142024
1.7641734301112224
1.7633019870986695
1.7643359715546925
1.7643267670673275
1.7638726770403925
1.763791233234037
1.7637992254716475
1.7632784751595776
1.7630733304178967
1.764189160628786
1.7638304630952841
1.7638860298892416
1.763970271793087
1.7639665353680611
1.7618680879717816
1.7626875560114117
1.7617910423812766
1.7622946547994418
1.7621107821617463
1.7614473162798672
1.7618308290516416
1.7626790949481073
1.7618180717124805
1.762463049431652
1.761925499224651
1.7622900272022546
1.7619861452322543
1.761192274265589
1.7618825277801404
1.7628866154547227
1.763032856368615
1.7656701772212897
1.7657073815235498
1.765642248282073
1.7657466163306423
1.7657615049647577
1.7631039516135267
1.764138409016018
1.7641292611501103
1.763675119170721
1.7635934295998135
1.7636014990515168
1.7630805338201279
1.7628754033860357
1.763991720482168
1.7636330169836458
1.7636885688736927
1.7637728818118863
1.763769221853989
1.7616698141175735
1.7624893182847723
1.7615923922024812
1.762096220668445
1.7619123335957143
1.7612485019695954
1.7616322399157434
1.762480941654167
1.761619549171663
1.762264938817405
1.7617271588810883
1.7620919419479886
1.761787725607379
1.7609934708590553
1.7616841485120247
1.7626887509948082
1.7628350031479598
1.7654733306434125
1.7655106328652512
1.7654452475577045
1.7655499277382978
1.7655649411139374
1.7621816725795658
1.7632159426453635
1.7632067581068855
1.7627526002354805
1.762671056839017
1.762679078481146
1.762158192930839
1.7619530315067877
1.763069161247273
1.7627104230894708
1.762765990324546
1.762850267514898
1.7628465589619982
1.7607475317401369
1.761567100907642
1.7606703387584184
1.7611740849964752
1.7609901873277318
1.7603265151570933
1.7607101522596889
1.7615586701555477
1.760697418176446
1.7613426172792448
1.760804924558903
1.7611695858944283
1.760865547749275
1.760071449857611
1.7607619341202303
1.7617663196800568
1.7619125804128144
1.764550555927485
1.7645878004185402
1.7645225670040525
1.7646270616362236
1.7646419979859043
1.7626528330895863
1.7636859960386195
1.7636768285226574
1.7632231752083756
1.7631416944498342
1.7631497162008911
1.7626293909747983
1.7624244619459852
1.763539394166688
1.7631810587039618
1.7632365616916597
1.7633207525110803
1.763317057169373
1.761220276755578
1.7620389285906684
1.7611431260832535
1.761646331403641
1.7614626388207602
1.7607996697051318
1.7611829020316019
1.762030517301663
1.761170190141542
1.7618147124225314
1.7612775971750037
1.7616418786095442
1.7613381428210573
1.7605448925152474
1.7612346504768286
1.7622379674743927
1.762384065066101
1.7650191932009287
1.765056407387948
1.7649912175257931
1.7650956315582447
1.7651105658605861
1.7627481177621112
1.7637810488426464
1.763771817955987
1.7633180989354365
1.7632368607307314
1.7632448015648985
1.7627245680818509
1.7625195687319355
1.7636342760061412
1.7632758509127038
1.7633313848110168
1.7634155217780088
1.7634117431823593
1.7613154338848804
1.7621342662845223
1.7612386673836975
1.7617417751582167
1.7615580488677873
1.7608952955187407
1.7612783883235161
1.762125761908144
1.7612656013830894
1.7619098532700075
1.7613728411977592
1.7617369458485093
1.7614334883633591
1.7606404383083691
1.761329924863283
1.762332956957556
1.7624790816179092
1.7651138331221705
1.7651509519420203
1.7650860157794788
1.7651901220068862
1.7652049261150933
1.7634574290307468
1.7644910388133845
1.764481760980878
1.7640276391699095
1.7639464877124442
1.7639543843309056
1.7634337933809994
1.7632285866594009
1.764344042158996
1.7639852753069334
1.7640408727909471
1.7641250431991102
1.764121209584079
1.7620235232169066
1.762843121257151
1.7619469354931512
1.7624503834555
1.7622664896257807
1.7616033426548632
1.7619866537395321
1.7628345519508675
1.7619738097220459
1.7626184063553316
1.7620810305802803
1.7624453150951334
1.7621417895160463
1.7613482322626994
1.7620380989965505
1.7630417528252194
1.7631880108983236
1.765824627789434
1.7658617166301271
1.7657968871747682
1.7659008841264936
1.7659156187086917
1.7625351499967854
1.7635685724427304
1.7635592579376531
1.7631051202346688
1.7630241149516481
1.7630319637605347
1.7625114524917107
1.7623062147801534
1.7634214829241006
1.7630626814127577
1.7631182942418
1.763202428902122
1.763198546692088
1.7611012408394695
1.7619209038800208
1.7610248820490884
1.7615282477835301
1.7613443433577978
1.7606813558423615
1.7610645660834776
1.7619122804522478
1.7610516787268287
1.7616960848171719
1.7611587962580946
1.7615229590415729
1.7612196116579422
1.7604262112612552
1.7611158846047559
1.7621193215104678
1.7622655881631784
1.764901853073506
1.764938884183416
1.764874206621116
1.7649780180244194
1.7649926755806589
1.7635953072563373
1.7646285868973948
1.7646192624178738
1.764165158637125
1.7640842031491584
1.7640920372557856
1.76357159360608
1.7633663642357078
1.7644814826148572
1.7641227014156646
1.7641783140241478
1.7642624310412163
1.7642585348951196
1.7621615189552915
1.7629811314319057
1.7620852338605177
1.7625885326850133
1.762404640774805
1.7617417564037483
1.7621249044794542
1.762972492848528
1.7621120054948458
1.7627563008933753
1.7622190835909688
1.762583179695486
1.7622799103994318
1.761486623465244
1.762176181434711
1.7631794693978007
1.7633257261410789
1.7659616637204087
1.7659986747359206
1.7659340472601264
1.7660377953716284
1.7660524290700856
1.7590787999215505
1.7601180420455436
1.7601090396745889
1.7596532779807188
1.7595705668229957
1.759578900697509
1.7590555976735571
1.7588498523076628
1.7599712602097202
1.759611385702339
1.7596670700572
1.7597518733158217
1.7597484377846708
1.757639318001887
1.758461566984789
1.7575604849470805
1.758066599627411
1.7578820771035213
1.757214982768552
1.7576006492443386
1.7584534242288994
1.757588123417157
1.7582368591591664
1.7576966416571587
1.7580633847473144
1.7577571581169986
1.7569591658719783
1.7576533728596324
1.7586627934341406
1.7588095502391805
1.761459464452279
1.761497188981349
1.7614308150120395
1.7615367956444847
1.7615522425548886
1.761820607176856
1.7628604650522046
1.7628515292771507
1.7623956817085922
1.762312674991262
1.7623211007821278
1.761797515219738
1.761591775820248
1.7627138203723467
1.7623539195877944
1.7624095892593037
1.762494481195527
1.7624911360675668
1.7603807660318571
1.7612031017062644
1.760301482956855
1.7608078805949314
1.7606233311204817
1.7599557678968933
1.7603417217124642
1.76119505853868
1.760329274108323
1.7609785324687162
1.7604380139807227
1.7608050788391354
1.760498439750634
1.7596999502614559
1.7603946967615616
1.7614047810868938
1.7615515590406254
1.7642028072274996
1.764240649770547
1.7641739736486615
1.7642803297049308
1.7642959252146413
1.759650232964595
1.7606904839322717
1.7606814812624838
1.7602252987479774
1.7601424783679955
1.7601508305386366
1.759627022747626
1.7594210926588225
1.7605435859067138
1.7601833839878376
1.7602391168039295
1.7603240068948176
1.7603205788753502
1.7582094115955282
1.7590324117826628
1.7581304546891676
1.7586370586951818
1.7584523667124903
1.7577846161557893
1.7581706639204333
1.7590242733739632
1.7581581359833138
1.7588075177064475
1.7582667780289911
1.7586338893935858
1.7583273383862994
1.757528568623765
1.7582234645547397
1.7592338727292227
1.7593807642768404
1.7620332231885674
1.762070995563663
1.7620045263219717
1.762110646518957
1.7621261247870939
1.7600162862278035
1.7610532972148751
1.7610440918310122
1.760588739342167
1.7605069678690348
1.760515014995029
1.759992750381783
1.7597870514713743
1.760906137719765
1.7605464579517782
1.76060217012943
1.7606866725300734
1.7606829586400994
1.758578368752704
1.759400090405033
1.7585009516075376
1.759006032002754
1.758821650988653
1.758156216441579
1.7585408730799241
1.7593916423832971
1.7585281094109488
1.7591750250734934
1.7586359083401475
1.7590015411410673
1.7586966860401567
1.7579004825209472
1.7585928028654618
1.7595998533399673
1.7597464984815945
1.7623914534301557
1.7624288012704892
1.7623633822118676
1.7624681689540593
1.7624831516613728
1.76068037251707
1.7617181865921896
1.7617090844767989
1.7612536620052814
1.7611714487980974
1.7611796356500182
1.7606570088172524
1.7604513468632061
1.7615712571172861
1.7612115857314083
1.7612672678806807
1.7613518947067668
1.7613483198149866
1.7592420991601116
1.7600638425036388
1.7591640030613753
1.759669448642245
1.7594850512735962
1.758818988382422
1.7592040332041043
1.760055548191697
1.7591913910973318
1.7598390199212028
1.759299514985897
1.7596655912864487
1.759360145531896
1.7585632879118693
1.7592563411591857
1.760264272307472
1.7604109300181838
1.763057570921304
1.7630950945063975
1.7630292214021412
1.7631345691165798
1.763149777449158
1.763560057997966
1.7645981576828607
1.7645890755163571
1.7641335852003688
1.7640512724030768
1.7640594886595165
1.7635367265885136
1.763331047952098
1.7644512577357725
1.7640915457255943
1.7641472283159847
1.7642318904285779
1.7642283434089234
1.7621215429284667
1.762943387399869
1.7620432994385167
1.7625488788392782
1.762364456439581
1.7616981872596482
1.7620833564121512
1.762935123399138
1.7620707375612972
1.7627185877687956
1.7621789403201498
1.7625451499786218
1.7622395480489166
1.7614424635038912
1.7621357474992752
1.7631439765328054
1.7632906540623838
1.7659379496274994
1.7659755134013881
1.7659095401241216
1.7660150144221611
1.7660302704703041
1.763637778964005
1.7646756913122066
1.7646665724731319
1.7642110662651278
1.7641288996422808
1.7641370680891455
1.7636143856992248
1.7634086760728505
1.7645286985008783
1.7641689518314196
1.7642246497668372
1.7643092761315897
1.7643056805169328
1.7621992605510295
1.7630211700227392
1.762121245994454
1.762626743167308
1.7624423101715987
1.7617762004471464
1.7621612687560968
1.763012851900518
1.7621486065660799
1.7627962662306358
1.7622567059979646
1.7626227939250618
1.7623173701908128
1.7615204425024464
1.7622135331074804
1.763221545218054
1.7633682313272379
1.7660151749115718
1.766052680954677
1.7659868595704693
1.7660921483200864
1.7661073273422714
1.7620588797808683
1.7630957924948583
1.7630866038346786
1.7626313350823204
1.7625495170248517
1.762557582555902
1.7620353734998109
1.7618297222617303
1.7629486963361733
1.7625890918517675
1.7626447882432734
1.7627292911052508
1.7627255979381535
1.7606212073617864
1.761442762885934
1.7605437086744598
1.7610487374776915
1.7608643920906506
1.760199004376855
1.760583637527932
1.7614343386744766
1.7605708939422013
1.7612177787640606
1.760678717328081
1.761044338502455
1.7607394613812406
1.7599433279303698
1.760635610917167
1.761642580429385
1.7617891971725403
1.764433849439889
1.76447121482221
1.7644057440435403
1.7645105897505529
1.7645256017682596
1.7607756571895958
1.761813239396217
1.7618040739101284
1.7613485857323425
1.7612666150789946
1.7612747210140258
1.7607521859243052
1.7605464536491569
1.7616661389567394
1.7613063779401508
1.761362091000038
1.761446663973696
1.761443005827973
1.7593372562894147
1.7601591801974936
1.7592595443618202
1.7597648923968208
1.759580461320623
1.7589146141960315
1.7592995194960184
1.760150792798178
1.7592868023388795
1.7599341607686794
1.7593947590086525
1.7597606585254146
1.7594554910741984
1.7586588337049913
1.7593516155456406
1.7603592617906352
1.7605059465699928
1.7631522108425461
1.7631896390604704
1.7631240196558269
1.763229059565222
1.7632441377036654
1.7620413160743815
1.7630782733201769
1.7630691113581245
1.7626138924200179
1.762531977983158
1.7625400766215238
1.7620178555034691
1.761812243596532
1.7629312552618246
1.7625717057488497
1.7626273865747686
1.7627119075413338
1.762708249033176
1.7606037678550464
1.7614252078149493
1.7605261139299515
1.761031158051145
1.760846835775641
1.760181391750744
1.7605660635799631
1.7614168225693758
1.7605533517054361
1.7612003163784242
1.7606612389831393
1.761026915209929
1.760721937980834
1.7599257611358035
1.7606181221389174
1.7616251596314696
1.761771757885586
1.7644164348027191
1.7644538378214263
1.7643882652362022
1.7644932331998369
1.7645082983857192
1.76273306363653
1.7637707441162334
1.7637615619064613
1.7633059899921886
1.7632240659231775
1.7632321534531528
1.7627095628062766
1.7625037828588002
1.7636235803403306
1.7632637440401613
1.7633194728861943
1.7634040453985182
1.763400366529918
1.761294417680332
1.7621165077165928
1.761216787294898
1.7617221869218829
1.761537720218625
1.760871826260755
1.7612567550480103
1.7621080965069988
1.7612440178076267
1.7618914070781115
1.7613519500207193
1.7617178611640265
1.7614127157331148
1.7606159882955685
1.7613088074939347
1.7623165347012173
1.7624632478790465
1.765109814832813
1.7651472255087493
1.7650816578241542
1.7651866387687278
1.765201687596778
1.7608083063229758
1.7618481565044026
1.7618389135514716
1.7613822827087005
1.7613003297432364
1.7613083839480397
1.7607846847146986
1.760578400645604
1.7617005555758494
1.7613398589140965
1.7613957318204714
1.7614804589700714
1.7614767190201461
1.7593663671561894
1.7601904074215247
1.7592888073897357
1.7597952735340958
1.7596103735475759
1.7589431297907892
1.7593288294521527
1.7601819183198673
1.7593160161141999
1.759964679177175
1.7594240831334593
1.7597906990263201
1.7594850489899554
1.7586866697748609
1.7593808635589874
1.7603906599104604
1.7605377178594277
1.7631899549230943
1.7632273885707177
1.7631618355880105
1.7632668554754019
1.7632818552299545
1.7642443394200231
1.7652831715482966
1.7652739990141348
1.7648179723569912
1.7647358892706668
1.764744009799029
1.7642208467659757
1.764014873754405
1.7651359063465677
1.7647757223227525
1.7648314998505763
1.764916176838419
1.7649125194175663
1.7628042331581508
1.763627124962582
1.7627264052255556
1.7632323610881704
1.7630477124105868
1.7623810590866058
1.7627664313281288
1.7636187332557827
1.7627537036057659
1.763401849549189
1.762861799059678
1.7632281451563843
1.7629225972609257
1.7621249788433655
1.762818602359087
1.7638274661089661
1.763974323938806
1.7666237629221992
1.766661241538558
1.766595528495076
1.7667007122959912
1.7667158163395564
1.762820882168964
1.76385833998964
1.7638490242892326
1.7633932033037016
1.7633117611316451
1.763319683125044
1.762797152787984
1.7625911761847899
1.763710785712073
1.7633506745547496
1.7634064812287178
1.7634909632181037
1.7634871110548052
1.7613816152140331
1.7622042830715163
1.761304761017436
1.7618100840546136
1.7616255017936728
1.7609598893913108
1.7613446247878544
1.7621956770325011
1.7613317289914527
1.7619787190062934
1.7614393417454242
1.7618049776266569
1.7615003327351457
1.7607038222683995
1.761396251385184
1.762403638690794
1.7625504443138171
1.765196888018661
1.7652341105126688
1.7651690518608427
1.7652734215223087
1.7652882045094784
1.7606228466838214
1.761660777450965
1.7616515183720154
1.7611956454340307
1.761113957497421
1.7611219567049128
1.7605992114485343
1.7603932491529288
1.7615133455654552
1.7611532284431113
1.7612090202131694
1.7612935732369037
1.7612897975407331
1.7591833413598255
1.7600060453448765
1.7591061108386405
1.7596116499236176
1.7594270532276408
1.7587610750810387
1.7591460356519564
1.7599975237385617
1.7591332064506355
1.7597806083920469
1.7592410014018618
1.7596068923723907
1.75930191311027
1.7585050188618663
1.7591978721170687
1.7602057742308794
1.7603525910931621
1.763000041440784
1.7630373618543707
1.7629720511364748
1.7630767329299641
1.7630916406586579
1.7626654402368864
1.7637032727309483
1.7636940303756816
1.763238241174184
1.763156506653238
1.7631645242657854
1.762641834566562
1.762435919943285
1.763555904181863
1.7631958623431006
1.7632516383270125
1.7633361918120802
1.7633324368387868
1.7612261799689073
1.7620487178257769
1.7611488679055616
1.7616543553985542
1.7614697943296387
1.7608038630163145
1.7611888000999638
1.7620402200297407
1.7611759909818876
1.7618233620826136
1.761283810389794
1.761649689733778
1.761344688451354
1.7605478642712888
1.7612406801687734
1.7622485013202973
1.7623952897841082
1.7650424374505163
1.7650797754060912
1.7650144129681467
1.765119153726457
1.7651340907655442
1.7616830039433735
1.7627207919056291
1.7627115228522363
1.7622556838364867
1.7621740456949313
1.762182030200164
1.7616593525629032
1.7614533986084835
1.7625733452562118
1.7622132484460182
1.7622690399955172
1.7623535753759978
1.7623497857437647
1.760243619475648
1.7610662728967617
1.7601664626500693
1.7606719348251003
1.7604873506446481
1.7598214756424257
1.7602063740479326
1.7610577361348412
1.760193533218653
1.7608408244682503
1.7603012887347356
1.7606671130263043
1.7603622118517601
1.7595654310658555
1.7602581689470231
1.7612659221182125
1.7614127290710624
1.7640598520876865
1.764097152406875
1.764031891775485
1.7641365102771733
1.7641513941480846
1.760221787853037
1.7612583166841702
1.7612491247987876
1.7607940076273865
1.7607122425756885
1.7607202971072762
1.7601982788465778
1.759992691963195
1.761111254334094
1.7607517657575698
1.760807445921813
1.7608919139586166
1.7608882136422708
1.758784602202513
1.7596058904706036
1.7587071693642404
1.7592120127555957
1.7590277280266633
1.7583625934349048
1.7587470787678923
1.7595974597582147
1.7587343320094881
1.7593809646070349
1.7588421009817607
1.7592075771716689
1.7589028342053032
1.7581069977477708
1.7587990126287834
1.7598056032934684
1.759952171819287
1.7625958667434265
1.7626332094789405
1.7625677871532324
1.7626725652414645
1.762687558854
1.7590212740883018
1.7600606329043191
1.7600514735698052
1.7595952614094685
1.75951307552232
1.7595212217524037
1.758997800304839
1.7587917545973855
1.7599133486578897
1.7595530284140424
1.7596088223896884
1.7596935518459582
1.7596899155104173
1.7575805602016008
1.7584037698260264
1.757502592724345
1.758008800908783
1.7578240790575659
1.7571570694671685
1.757542651692191
1.758395399775763
1.7575299387704613
1.7581784476300109
1.7576381280731237
1.7580046858332565
1.7576989256953732
1.7569008968219753
1.7575949038175154
1.758604295357549
1.758751211314159
1.7614019349717585
1.7614394563293223
1.7613736447463726
1.7614789594578688
1.7614941057643885
1.7587657127699103
1.7598056612244195
1.7597964015478051
1.759339686968547
1.7592577805874197
1.7592658163871666
1.7587420615966705
1.758535729855247
1.7596579969594408
1.759297225014107
1.7593531137066276
1.7594378403948943
1.759434079722092
1.7573235285471072
1.758147734940624
1.757246050322814
1.7577525680591584
1.757567632445578
1.756900341855513
1.7572860650041444
1.7581392220286882
1.7572732315829478
1.7579219254866074
1.7573812741455266
1.7577479016649327
1.7574422736488717
1.756643824365438
1.7573380555072822
1.758347932821042
1.7584950191684816
1.761147558913361
1.7611849750189967
1.7611194737563378
1.7612244346789088
1.7612394051230675
1.7590164393745136
1.7600557812871385
1.7600463848946848
1.7595895728251258
1.7595082013467238
1.7595160606104328
1.7589925569251446
1.7587860928827024
1.759907760329104
1.7595468294344982
1.7596027797276905
1.759687381067846
1.7596834399510959
1.7575741209215356
1.7583986378802177
1.757497484735133
1.7580037404697928
1.757818749956639
1.7571519940441185
1.7575373759839494
1.7583899236379292
1.7575243808340604
1.7581724232577642
1.7576320495239115
1.7579982567967771
1.7576932634749656
1.7568953281556703
1.7575889011101475
1.758598059674703
1.758745190249999
1.761396649402747
1.7614338546796466
1.7613689109027189
1.7614731929234013
1.7614878791215087
1.7600239055146054
1.7610632382177596
1.761053911945243
1.7605972832406747
1.7605156724191542
1.7605236163025495
1.7600001440504907
1.7597938063426626
1.760915436796816
1.7605546911286525
1.760610594504525
1.7606952325151894
1.7606913814391958
1.7585820805171375
1.7594062002191493
1.7585050523130397
1.759011287091639
1.758826378428618
1.7581595567271728
1.7585449925360201
1.759397587718908
1.7585320808917826
1.759180252177059
1.7586399018219627
1.7590062075731123
1.7587009920152368
1.7579030399759614
1.7585967316053532
1.7596059451682906
1.7597530103670371
1.7624042161381412
1.7624415142298004
1.7623763151197167
1.762480900618463
1.7624957224633158
1.760041469221092
1.76108075739244
1.7610714044217972
1.760614725902977
1.760533211460847
1.7605411222369274
1.7600176620468317
1.7598112850078602
1.7609328778711644
1.7605720772315703
1.7606279961730293
1.7607126160791067
1.7607087303441729
1.7585995200238775
1.7594237552901337
1.7585226470575475
1.7590288665181844
1.7588439347436275
1.7581771693532835
1.7585625664839888
1.7594151038240085
1.758549623128548
1.7591977145626951
1.7586573801669034
1.7590236308656382
1.7587185154156428
1.757920606770527
1.7586142203836028
1.759623365966205
1.7597704496539912
1.7624216307753104
1.7624588912305839
1.7623937939270542
1.7624982571691792
1.7625130258458555
1.7625452788644929
1.7635857278938822
1.763576314478913
1.7631189978522308
1.7630375637359066
1.7630454228906869
1.7625213588811857
1.762314662443505
1.76343752740969
1.7630761938200075
1.7631322083605765
1.7632168960716643
1.7632129417437208
1.7611013759060938
1.7619268101971914
1.761024697410298
1.7615314940626263
1.76134629846361
1.7606788394960802
1.7610646262120364
1.7619180764918134
1.7610516088689645
1.7617003281144776
1.7611593769078113
1.7615259640816607
1.7612206684031833
1.760421885498034
1.7611161847535486
1.762126411880367
1.7622737055967126
1.7649280121293032
1.7649652477102393
1.7649002603809785
1.7650046230013805
1.7650193112468269
1.761445006331469
1.7624833394004111
1.76247394330679
1.7620175520578676
1.7619362898017246
1.7619441307693056
1.7614211318510768
1.761214852531543
1.7623354346321116
1.7619748311490009
1.762030732980961
1.7621152474888504
1.7621112988604168
1.7600040273278943
1.760827793082344
1.7599275149930458
1.760433281402022
1.7602484603476702
1.7595823606568817
1.7599673613078555
1.7608190744928662
1.7599543682679044
1.7606017647104837
1.7600619131520796
1.760427752150506
1.7601230832056651
1.7593259254038847
1.7600188094150402
1.7610269803796215
1.7611739762123395
1.7638228906664586
1.7638600480973337
1.7637951995927874
1.763899342048929
1.763913996889304
1.7632570684127216
1.764295839105797
1.764286402815569
1.7638297264349507
1.7637485541367648
1.7637563545914363
1.7632331213826236
1.7630266907049197
1.7641477590921306
1.7637869094461265
1.763842858857083
1.7639273896242247
1.7639233927632225
1.7618152333848254
1.7626395480877584
1.7617388919808514
1.7622448800757269
1.7620599396246694
1.761393596289667
1.761778729567856
1.7626307732230488
1.7617656879061305
1.7624132875625789
1.7618731988554075
1.7622391394124306
1.7619344584409247
1.761136976971627
1.761830088429969
1.7628386512240353
1.762985742161601
1.7656358919903579
1.7656730168896662
1.7656082734587601
1.7657123023122399
1.7657268930792165
1.7623097595321815
1.7633483966298407
1.7633388802452317
1.7628820544218586
1.762801171261845
1.7628088723945707
1.7622856753716476
1.7620791267005136
1.7632000823151752
1.762839067754879
1.7628950638625966
1.7629795403159756
1.7629754394781538
1.7608675519050456
1.761692213300712
1.7607916762143734
1.761297618355365
1.761112608569698
1.7604464341680002
1.7608314514117622
1.7616833215383498
1.7608183146164256
1.7614656747194872
1.7609256338902293
1.7612914092900087
1.760987028642143
1.7601896773553263
1.7608825547647178
1.7618909136177807
1.762038060022463
1.764688135901866
1.764725147892018
1.7646607098807723
1.764764371964388
1.7647788032268366
1.7612421361325379
1.7622809252445555
1.762271348714452
1.761814305603854
1.761733611991905
1.7617412432072033
1.761217947131933
1.7610112637849984
1.762132406156708
1.7617711860578185
1.7618272293034145
1.7619116867295377
1.7619075097870232
1.7597993141936212
1.760624423409896
1.7597237568250372
1.760229786832036
1.7600446826807115
1.7593784709235594
1.7597634964637157
1.7606154450610916
1.7597502877906863
1.7603976297239896
1.759857494259305
1.76022323785976
1.7599190013603823
1.7591215533310467
1.7598144274395566
1.7608228802368606
1.760970101927525
1.76362075851957
1.76365769778936
1.7635934650247658
1.763696886922117
1.763711206395603
1.7617358482095433
1.762775833501937
1.7627662933455714
1.762308845306353
1.7622278962977007
1.7622355936187013
1.76171171309529
1.761504876015405
1.7626272910885958
1.7622657782374918
1.7623218545992914
1.762406434605522
1.7624023137696934
1.760291690164699
1.7611174855849
1.760215780011187
1.7607223815717774
1.7605371185576633
1.7598700911232983
1.7602555987958641
1.761108565704775
1.7602424313520595
1.76089060980943
1.7603498649533218
1.7607160985595915
1.760411359487787
1.7596129770842772
1.7603067335264586
1.7613163908466936
1.76146373870033
1.7641172919717865
1.764154336818384
1.7640898568883487
1.7641936038986639
1.7642080317558408
1.7629764772477514
1.7640158913205952
1.7640063112664557
1.763548998916178
1.7634682490877414
1.7634758875997052
1.7629522775527686
1.762745473837623
1.7638672898516221
1.7635058582491194
1.763561933728683
1.7636464431619001
1.7636422665818199
1.7615328026279893
1.7623583957924407
1.7614571872569058
1.761963521177711
1.7617783082256935
1.7611116933688464
1.7614969523797703
1.762349415289894
1.7614837384241298
1.7621314741142446
1.761591014284818
1.7619569811752454
1.7616525544537462
1.7608546259002336
1.76154792084628
1.7625569823960268
1.7627042906119315
1.7653565345593967
1.7653934990284041
1.76532921944439
1.765432713287502
1.7654470457135487
1.7630815531932513
1.7641160382241554
1.764106679998435
1.7636519879240755
1.763571016382524
1.7635788319751673
1.7630577724440923
1.762852263006154
1.763968691079034
1.7636094319011844
1.7636651245431905
1.763749327469857
1.7637453973896904
1.761645935330768
1.7624666312679786
1.761569689468761
1.7620735808029093
1.7618894481797776
1.7612258139204338
1.761609390259533
1.762457949411232
1.761596448998497
1.7622414520595213
1.7617036019869352
1.7620680896189822
1.7617645399865653
1.760970335398185
1.7616606570264068
1.7626650945140465
1.762811542796846
1.7654506304372317
1.7654876542147921
1.7654230349067128
1.7655268046531143
1.765541411088517
1.7628057967420703
1.7638409420561354
1.7638316771244429
1.7633769489896458
1.7632955855090964
1.7633035261254077
1.7627821719939314
1.7625767078535406
1.7636938101673114
1.7633345796837216
1.763390242076789
1.7634745517856452
1.7634707467676096
1.761369943853998
1.7621906109184697
1.761293092734028
1.7617972823438837
1.7616131458817288
1.760948986422664
1.7613328887796895
1.7621820676159123
1.7613200574528978
1.7619656629834344
1.7614274959655585
1.7617923604182768
1.761488298219794
1.760693552993096
1.7613844921500863
1.762389661368884
1.7625361123113363
1.7651765585752823
1.765213738003205
1.765148714735997
1.7652529821628438
1.7652677903657292
1.7616854822229668
1.762720913146806
1.7627116681640014
1.762256872184734
1.7621754091140764
1.7621833791349057
1.7616618897651928
1.7614564089424325
1.7625738107857984
1.762214539677908
1.7622702025120933
1.7623545475074562
1.7623507703615466
1.7602493876223533
1.7610701558146993
1.7601723891111694
1.760676712540917
1.7604925510477143
1.75982818529989
1.7602122119877364
1.7610616428233528
1.760199403916863
1.7608452308310278
1.7603069212998106
1.7606719191104503
1.7603677007368148
1.759572728585118
1.760263898490176
1.7612693655942182
1.7614158363555361
1.7640569372814774
1.7640941568981956
1.764029033457977
1.7641334274684255
1.7641482833868751
1.7621541644533936
1.7631908452988854
1.7631815932680082
1.762726258809382
1.7626446833057485
1.762652667919909
1.7621305506068632
1.7619248290476806
1.7630435781756268
1.7626838840605095
1.762739611362631
1.7628240603721796
1.7628202839511398
1.7607163644910893
1.7615381005797879
1.7606392499749042
1.7611441812322666
1.760959802137677
1.7602946301904643
1.7606791238198465
1.761529583280957
1.760666305183749
1.7613129196115371
1.760773961350836
1.76113940574142
1.7608348069235427
1.7600388737234915
1.7607308853036219
1.761737569912549
1.7618842137243487
1.7645284893611304
1.764565759376283
1.7645005422972257
1.7646050801991942
1.7646199620227665
1.7623096063854713
1.7633459125575774
1.7633365871815585
1.7628812209388998
1.7627999377841561
1.7628078267791678
1.7622858688282852
1.7620800852891854
1.7631984597058366
1.7628386962721587
1.7628944542643363
1.7629788317782027
1.7629749581671577
1.7608717997362142
1.7616936658255273
1.7607951430867785
1.7612999098883255
1.7611155096017115
1.7604506565654603
1.7608349485077368
1.7616850402837179
1.760822043193314
1.7614682765352174
1.7609294927064658
1.761294693634299
1.7609904512073344
1.7601948317206024
1.760886456520032
1.7618927072830457
1.7620393682540583
1.7646829399292747
1.7647200944828605
1.7646551811899212
1.7647593479950459
1.7647740757667005
1.7613697636450234
1.7624059270122416
1.7623965916617796
1.7619412593413561
1.7618600259816661
1.761867900274418
1.7613460099426548
1.7611402347447398
1.762258459396593
1.7618987162750657
1.7619544740466848
1.7620388339172977
1.7620349463701894
1.7599320778520369
1.760753893377412
1.7598554948982086
1.7603601947898093
1.7601758070187192
1.7595110571268475
1.7598952869037134
1.7607452526799976
1.7598823699613317
1.7605284926114209
1.7599897800393396
1.7603549142882127
1.7600507499488243
1.7592552439245914
1.7599467533499873
1.7609528551703788
1.7610995062319585
1.7637427505761776
1.763779885035365
1.763715021828932
1.7638191253422555
1.7638338292561275
1.761883517708109
1.7629184756854805
1.7629091740812182
1.762454430054405
1.7623732127483
1.7623811055550362
1.7618598311046425
1.761654335974293
1.7627712509324165
1.7624119857895462
1.7624676635276415
1.7625519374886562
1.7625480838756182
1.7604476614765607
1.761268393541339
1.7603710392899647
1.760875146671913
1.760690999613746
1.7600269996101616
1.7604108011236344
1.7612597961172929
1.76039792645768
1.7610433414452744
1.7605052616433725
1.7608700043647163
1.7605661203616902
1.7597715319916507
1.7604622777582912
1.761467230054132
1.7616136895761911
1.764253783859354
1.7642909055564937
1.7642260341823446
1.7643301160607698
1.7643448472376961
1.7620189176541068
1.7630559025283148
1.7630465302064497
1.7625907611733727
1.7625095647658686
1.7625174095451743
1.7619950941274336
1.761789103216651
1.7629082258586908
1.7625481206663876
1.7626039422442663
1.762688353199304
1.762684424568877
1.7605798890682405
1.761402520798156
1.7605034111962319
1.7610085181856092
1.7608239503597047
1.7601587037015827
1.7605432139237533
1.761393830326441
1.7605302515322698
1.7611768296205412
1.7606376820889866
1.761003062880923
1.7606987523600206
1.7599026256749333
1.7605946306532991
1.7616015031507084
1.7617482975344725
1.7643937345965381
1.7644308591709668
1.764366052585211
1.7644701101146527
1.7644847683602993
1.7637883861822938
1.7648259069537169
1.7648164777115616
1.7643603398103023
1.7642792799450924
1.764287065806433
1.7637644605409526
1.7635582705996715
1.764677991702302
1.7643175650635243
1.7643734500065447
1.764457876759501
1.764453879173629
1.7623482565160888
1.7631716033226699
1.7622720311171154
1.7627774113843762
1.7625926885347059
1.7619271513990924
1.7623118177357457
1.763162832765444
1.7622987866392439
1.7629455987820688
1.7624061588043816
1.7627716527814605
1.7624673522541972
1.761670831833253
1.7623631016165227
1.7633704469057043
1.7635173647927875
1.7661643399107043
1.7662014144115785
1.7661367646195107
1.7662406495814702
1.766255214443325
1.761993887807528
1.7630309264230128
1.7630215106793372
1.7625656080955217
1.7624845546517454
1.76249234791868
1.7619699890057476
1.7617639110914924
1.7628831083166314
1.7625228728693167
1.762578725798928
1.7626631181880439
1.7626591341758007
1.7605544899658983
1.7613774033882403
1.760478248873818
1.7609833921372182
1.7607987655727162
1.760133528392418
1.7605180234237143
1.7613686501403625
1.7605050092377832
1.7611515383156102
1.7606123514459946
1.7609776888120618
1.7606735004193432
1.7598773470600768
1.7605693113798437
1.7615761968592059
1.7617230381304805
1.764368753223975
1.76440582262003
1.7643411695608764
1.7644450458688756
1.7644596216359527
1.7620716087735664
1.7631084600523588
1.7630990076361117
1.7626430891602805
1.762562181890949
1.762569927348309
1.762047648116458
1.7618415392122446
1.7629605490817362
1.762600278975141
1.7626561472497804
1.7627405038910553
1.7627364712838092
1.7606322075884606
1.7614551860111096
1.7605561954297546
1.7610612564652475
1.7608766193047336
1.760211541579916
1.7605959357676593
1.7614463786417425
1.7605828782425652
1.7612292167774501
1.7606901171238096
1.761055332758501
1.7607513225612397
1.759955326058632
1.7606470969880483
1.7616537655444542
1.7618006153953347
1.7644459785080469
1.7644829901733188
1.7644184890072239
1.7645221797668014
1.7645366785079195
1.7626455200962043
1.7636810231802622
1.7636715945357717
1.7632162982757855
1.7631354568550934
1.763143206124178
1.7626216103928156
1.762415789897353
1.7635333403083158
1.7631735684925283
1.7632293565130857
1.7633136096015094
1.76330959699227
1.761208069328807
1.7620299137269217
1.761132091632941
1.7616364932488344
1.761452109316768
1.7607878846246174
1.761171788383557
1.7620211344753174
1.7611587615069313
1.7618042816875077
1.7612658860607167
1.7616306434889184
1.7613269917155951
1.7605320263296804
1.7612229182263077
1.7622282883155411
1.7623749367174677
1.7650168224381266
1.765053801246952
1.7649893419996476
1.7650929478325248
1.7651074499789152
1.7614048910579967
1.762440965361604
1.7624315766148881
1.761976144665961
1.761895104065053
1.7619029121431746
1.7613810459353374
1.761175192075135
1.7622933415452897
1.761933488480901
1.7619892773836938
1.7620736010451317
1.7620696441801442
1.7599669568655174
1.7607890035193814
1.7598906843872235
1.7603953536429013
1.760210919648738
1.7595462823790697
1.7599304347996512
1.7607802848901988
1.759917454434862
1.7605634173826932
1.7600247367292217
1.7603897608732646
1.7600857967496362
1.7592903775137243
1.7599817309064867
1.760987696766209
1.7611343848058663
1.7637775798505166
1.7638146390369331
1.763749979443607
1.7638538384436875
1.7638684360212076
1.762783398321795
1.7638185712642729
1.763809095972768
1.7633538177430004
1.7632731722918074
1.7632808590490583
1.7627594106178959
1.7625535674736597
1.7636707807641774
1.76331099460126
1.7633667977462864
1.7634509974436154
1.7634469223033105
1.7613460650671922
1.7621679239016763
1.7612703900003077
1.7617746424783478
1.761590260465793
1.7609262983735028
1.761310039123479
1.762159075372978
1.7612969572797317
1.761942176225551
1.7614039390714051
1.7617685080892707
1.7614651125989806
1.760670417532225
1.7613610006644687
1.7623660048881227
1.762512651960223
1.7651538583691015
1.7651907593527454
1.7651265020850055
1.7652298590776607
1.765244260340309
1.7622696442587091
1.7633060225910335
1.763296513553329
1.7628406470299514
1.7627599855251732
1.76276765376844
1.7622455894559081
1.7620394662441057
1.763157989228354
1.7627977250867795
1.7628536082653292
1.7629378938722564
1.7629337847978814
1.7608304814426685
1.7616534237377495
1.7607548456085504
1.7612596905962432
1.7610750678707654
1.7604103558901885
1.760794524903558
1.7616445319356824
1.7607814007833829
1.7614273273916974
1.760888457467372
1.7612534180127675
1.7609497421861149
1.7601541294651653
1.7608454762561643
1.7618516300043683
1.7619984686159902
1.764642825085924
1.7646797388316164
1.7646154897315922
1.7647188683591457
1.7647332423587405
1.762116680606225
1.763151076573518
1.763141664951544
1.7626868732486811
1.7626060944659105
1.7626138438439234
1.7620928084367753
1.7618872203365499
1.7630035732277307
1.7626442041070192
1.7626999278801996
1.7627840945976914
1.762780095199645
1.7606808143442483
1.761501741409948
1.760604878957776
1.7611087396560015
1.7609245608097972
1.760261039172656
1.7606445381554703
1.7614929816214335
1.7606315334720275
1.7612763768307946
1.7607385586768172
1.761102936204034
1.7607995867873776
1.7600054689873172
1.7606956345829066
1.761699936109877
1.7618464213707543
1.764485459711571
1.7645224082163598
1.7644579925213881
1.7645615177545462
1.7645760178535972
1.7621768378657772
1.7632110910281824
1.7632016694317647
1.7627469116511374
1.7626661826634211
1.7626739173391743
1.7621529495511448
1.7619473697921042
1.7630635729184871
1.7627042241099264
1.7627599476625475
1.762844096736786
1.7628400834026767
1.760741092460071
1.7615619689618327
1.7606652307692057
1.7611690245574845
1.7609848582268048
1.7603214397340434
1.7607048765514468
1.7615531940177132
1.7606918602400448
1.7613365929069982
1.7607988460096906
1.7611631568579478
1.7608598855288673
1.760065881191306
1.7607559314128616
1.7617600839972103
1.7619065593486545
1.7645452703584734
1.7645821987688648
1.7645178331603983
1.7646212951017557
1.7646357713430239
1.762843555581347
1.7638785857189374
1.7638691004529892
1.7634138561454566
1.7633332604893175
1.7633409325443092
1.7628195517322651
1.7626137169292133
1.7637307804549336
1.7633710146041666
1.7634268175286347
1.76351099958271
1.7635069105063423
1.7614063431830143
1.7622281514535616
1.761330741811737
1.7618349273798313
1.7616505578828
1.76098669893489
1.761370377519456
1.762219287769257
1.761357284047749
1.7620023923017547
1.7614642264042788
1.7618287287431842
1.7615254113404706
1.7607308297362143
1.7614212974944237
1.7624261527754557
1.7625727899381232
1.7652136690160036
1.7652505499052504
1.7651863427240155
1.7652896364248698
1.7653040138297362
1.7613649289312345
1.7624010753950607
1.7623915029866588
1.761935570757013
1.7618551518060699
1.761862739132447
1.7613407665629606
1.7611345730300558
1.7622528710678074
1.7618925172955215
1.761948431384686
1.7620326631391852
1.7620284708108676
1.7599256385719713
1.7607487614316035
1.7598503869089959
1.760355134350819
1.7601704779177922
1.7595059817037972
1.7598900111954718
1.760739776542163
1.7598768120249306
1.7605224682391738
1.7599837014901272
1.7603484852517328
1.7600450877284164
1.7592496752582871
1.7599407506426192
1.7609466194875323
1.7610934851677982
1.7637374650071656
1.7637742833856895
1.7637102879852775
1.7638133588077876
1.7638276026132473
1.7628410773017538
1.7638784644777608
1.763868955141224
1.7634126677972095
1.7633318970701721
1.763339583609567
1.7628170145299766
1.7626107065952645
1.7637303149253472
1.763369723372277
1.7634256550120584
1.7635100274512518
1.7635059258885606
1.7614005750363093
1.762224268535623
1.7613248153506378
1.7618301496640145
1.7616453574797344
1.7609799892774256
1.761364539579652
1.7622153810807457
1.7613514133495387
1.7619979859389778
1.7614585938392036
1.7618239226590384
1.7615199224554154
1.7607235322169519
1.7614155679512713
1.7624227092994502
1.7625696826536499
1.765216583822213
1.76525354541393
1.765189201041523
1.765292719233618
1.7653071245909453
1.7626606055230978
1.7636984211137672
1.7636889417005612
1.7632325525898416
1.7631516324776422
1.7631593631238145
1.762636591186868
1.7624302582286018
1.7635503158530772
1.7631896633635564
1.7632455956650142
1.7633300210339682
1.7633259612794654
1.7612197406888417
1.7620435858799686
1.7611437599163495
1.7616492949595643
1.7614644652287117
1.7607987875932645
1.7611835243917224
1.7620347438919066
1.7611704330454867
1.7618173377103667
1.7612777318405828
1.7616432606972978
1.761339026230946
1.7605422956049843
1.7612346774614052
1.7622422656374508
1.7623892687199485
1.7650371518815051
1.765074173756416
1.765009679124493
1.7651133871919897
1.7651278641226644
1.761893768421214
1.762931022001805
1.7629214325708873
1.7624649957841172
1.7623845141952525
1.7623921014127015
1.7618695685190011
1.7616631425908584
1.7627826381483924
1.7624218816810304
1.7624778600175721
1.762562178143003
1.7625579726034926
1.7604528935565296
1.7612769337485774
1.7603775995841604
1.7608828879436522
1.7606980264247631
1.7600328271557588
1.7604172614235585
1.7612679293960471
1.7604040400598346
1.761050373095887
1.7605110288740267
1.7608761925366163
1.7605724926566337
1.7597762326006505
1.7604680342860208
1.7614749716931961
1.7616220005145122
1.7642688277337217
1.7643056764162817
1.7642416374635366
1.7643447888857662
1.7643590347385656
1.7631745127328942
1.76421345385927
1.764203817183673
1.7637465567858492
1.763666052721965
1.7636736140198361
1.7631502188922186
1.762943400869484
1.7640647299982404
1.7637033043607577
1.7637593947442323
1.7638438331431006
1.7638395800958921
1.761731076482197
1.7625566335190803
1.7616558374357016
1.7621619553087073
1.7619767567917255
1.7613105076791187
1.7616955415156692
1.7625475685838339
1.7616822609649474
1.7623295847284919
1.7617893546283805
1.7621550664295114
1.7618509740786215
1.7610534293067672
1.7617463001143956
1.7627548468559409
1.7629021438325871
1.765553381137274
1.765590247686702
1.7655262201687585
1.7656294018798464
1.7656436095643695
