1.7481115202393318
1.748433069893916
1.7478960154551246
1.7483586592106846
1.7494239946127237
1.7496940534417078
1.749432225432966
1.75067225607094
1.7493625785242797
1.7488649702345616
1.7511739554230703
1.7503962502126917
1.7478128458859605
1.7470836855162986
1.748301338842495
1.7482967721209204
1.7469792697333442
1.74774225393016
1.7482229720949112
1.7467036029639897
1.748191571212861
1.7481359834174797
1.75062793145795
1.749331905770757
1.749611165336588
1.7493227769421527
1.7505540103907
1.7492532560904805
1.750288010056164
1.749541209551929
1.7508464141120794
1.7487638057405255
1.750480181681766
1.748961529556983
1.7486859694789518
1.7502051010020563
1.7494626927649424
1.7491966218460286
1.75075525397978
1.7484836265805903
1.7488049242142634
1.7482682817930868
1.7487305504036936
1.7497950664403226
1.7500649116222853
1.7498032874226666
1.7510423412502298
1.7497336775800965
1.7492364630438613
1.75154364194899
1.7507665331242463
1.7481851537337598
1.7474565720700193
1.748673252301505
1.7486686852651216
1.7473522173012686
1.748114588314969
1.7485949271978491
1.7470767534234444
1.7485635292468278
1.7485079847085476
1.7509980293301792
1.7497030184087723
1.749982064900165
1.7496938889645004
1.7509241448378845
1.7496244050607856
1.75065835324909
1.7499121408439942
1.751216331234984
1.749135338643354
1.7508503526176
1.7493329064302106
1.7490575492099478
1.7505754800277302
1.7498336602880784
1.749567798153996
1.7511252168218558
1.749065410223123
1.7493883669255788
1.748848822047529
1.7493132926932482
1.7503835358155861
1.7506547451317094
1.7503917492892094
1.7516371287037273
1.7503215215536951
1.7498217947899883
1.7521409377496622
1.7513596221393
1.7487649155007423
1.748032678080226
1.7492553644672608
1.749250716407056
1.7479274772897766
1.7486935610142635
1.7491763431820342
1.7476503967755488
1.749144463301587
1.7490886273641197
1.7515922627527034
1.750290549800901
1.7505711227579843
1.7502812585920144
1.751517681634493
1.7502111571600982
1.751250521465988
1.7505004968802074
1.7518115516222121
1.7497195700374957
1.751443193059441
1.7499181423646484
1.7496411697942003
1.7511667903424317
1.750421237760506
1.750154006443006
1.7517195871928426
1.7482849879501896
1.7486077955658956
1.7480684977390952
1.7485327511290512
1.749602503732664
1.749873587400773
1.7496107126470912
1.75085551604292
1.7495405133598352
1.7490410181337335
1.751359091282938
1.7505781333701271
1.7479846245601522
1.7472527267975193
1.748474844508781
1.7484701977116996
1.7471475698514292
1.7479132964878474
1.7483958552197572
1.7468706142617059
1.7483639851424064
1.7483081749100549
1.750810665806512
1.749509553534277
1.7497899982849598
1.7495002648533517
1.7507361142756512
1.7494301918069997
1.7504690774960416
1.7497193997746299
1.7510298512903313
1.7489388316877834
1.7506616552420737
1.7491373121076794
1.7488604644232049
1.7503853784189505
1.7496401715074819
1.7493730636080422
1.7509379234831757
1.7474712174465679
1.7477932037324213
1.7472554089364734
1.747718665303289
1.7487854667589005
1.7490558898309252
1.7487937045390063
1.7500354128952615
1.7487239412426057
1.7482256619124983
1.750537786734625
1.749759009100736
1.7471720969540747
1.7464419554391135
1.7476612388873598
1.7476566611163753
1.7463373719438953
1.7471013732959149
1.747582741101941
1.7460613144530988
1.7475512705882035
1.7474956069232024
1.7499910006441626
1.748693213817786
1.748972859811512
1.7486840629184996
1.7499169526029839
1.7486144258261829
1.7496505913945122
1.7489027802727426
1.7502097681358404
1.7481243112467084
1.749842997028205
1.7483223022324177
1.7480463516398974
1.7495675334669316
1.7488241253585428
1.748557693449638
1.7501184521833442
1.7485220603179648
1.7488440122924314
1.7483062724852712
1.7487694762223582
1.7498361680624082
1.7501065618014295
1.7498444040829455
1.7510859788419602
1.7497746436591641
1.7492764184010166
1.7515882977321728
1.7508095996609792
1.7482229632168715
1.7474929013845892
1.7487120500265225
1.7487074717295614
1.747388323612652
1.748152239599656
1.748633555457013
1.747112292110865
1.7486020826525854
1.7485464248382465
1.7510415655836356
1.7497439167859985
1.750023534490379
1.7497347648388362
1.7509675198716592
1.7496651306006503
1.7507011871154694
1.7499534564052905
1.7512603072874355
1.7491750683308884
1.750893566612605
1.749373037942483
1.7490971133405608
1.7506181304499835
1.7498748032839297
1.749608399830615
1.7511689943672593
1.7474550112050886
1.7477770093321443
1.7472391874400992
1.7477024505437615
1.748769304055852
1.7490397354438785
1.7487775393568803
1.7500192893428634
1.7487077591027
1.7482094645228254
1.7505216771915417
1.7497428601108784
1.7471558529458495
1.7464256905037228
1.7476450034024913
1.7476404222644752
1.7463210860572709
1.7470851030372971
1.7475664864845049
1.7460450075980058
1.7475349970049132
1.7474793310374441
1.749974857348246
1.7486770219572594
1.7489566830000043
1.7486678643385103
1.7499007890365261
1.7485982102771525
1.7496344182482884
1.74888658190851
1.7501936250741017
1.7481080779331415
1.7498268131831733
1.7483060753296484
1.7480301038135464
1.7495513333226205
1.7488079033131132
1.7485414618085091
1.7501022846286691
1.7472192272365417
1.7475413862915503
1.7470032902521577
1.7474667773484307
1.7485341734357258
1.7488047387877668
1.7485424108168723
1.7497847784512721
1.7484725851566538
1.7479740437894076
1.7502874141151827
1.7495081998901933
1.746919899878214
1.746189376851039
1.7474092878761027
1.7474047021079318
1.7460847076089945
1.7468490973050954
1.7473307198293455
1.7458084832567562
1.7472992015808027
1.7472435076057506
1.7497403109985208
1.7484418263633568
1.7487216306615205
1.7484326594971835
1.7496661928289097
1.7483629600812207
1.749399689072011
1.7486514806498548
1.7499591823442446
1.7478725829692865
1.749592167155509
1.7480706786838482
1.74779456135819
1.7493165451017914
1.7485727475207087
1.7483061730023437
1.7498677807836602
1.7482745184018564
1.7485966455699211
1.748058551920308
1.7485219215484713
1.7495893011279546
1.7498598283769968
1.7495975183559378
1.7508397349769782
1.749527599566896
1.7490291289169249
1.751342289849326
1.750563077631773
1.7479750346172513
1.7472446250751223
1.748464308384383
1.7484597008360887
1.7471398472955224
1.7479040746646164
1.7483856351899418
1.7468635750994972
1.7483539962742076
1.7482983060363333
1.750795146041441
1.7494967841048366
1.7497765938290746
1.7494875737782574
1.7507209132361885
1.7494177811104423
1.7504544373575386
1.749706318862101
1.7510139414285981
1.7489274543404245
1.7506467728385202
1.7491255243974293
1.7488493595020738
1.7503711351850813
1.749627449024292
1.7493609022985008
1.7509224020073497
1.7494594594990063
1.7497814600505048
1.7492435855594504
1.749706783824733
1.7507737304445736
1.7510441530626033
1.7507819473520065
1.7520236799218711
1.7507120710963833
1.7502137931618245
1.7525260419281368
1.751747147292216
1.7491601214220904
1.7484299927823308
1.7496492127716086
1.7496446103794467
1.748325274075042
1.749089214093076
1.749570587490029
1.7480491217829808
1.749538979633935
1.7494833115529824
1.7519791274516938
1.7506812767305266
1.7509609714886907
1.750672076699247
1.7519049421751296
1.750602326531906
1.751638570812859
1.7508907439882084
1.7521978450068607
1.7501121922200997
1.7518308492817845
1.7503101853331637
1.7500341402567667
1.7515553264228585
1.7508119268913105
1.7505454847236894
1.7521063636684437
1.7490997622917703
1.7494213262119997
1.7488841920781022
1.7493467777321279
1.7504122582983963
1.750682316673387
1.7504204682459665
1.7516605230975488
1.7503507083780576
1.749853101483888
1.7521622106165824
1.7513843884041718
1.7488008703539766
1.748071722859516
1.7492893127267444
1.749284721383992
1.7479671718644907
1.7487300947273212
1.7492108184829995
1.7476914102938712
1.7491792802585928
1.7491236880472598
1.7516160582654814
1.7503199686834983
1.750599277013767
1.7503107907228999
1.751541999962846
1.7502411567962042
1.751275989474511
1.7505291732673949
1.7518344909830992
1.7497516867139162
1.7514680339353452
1.7499494126577295
1.7496737580958208
1.7511928939579833
1.7504504942977104
1.75018441312008
1.7517431654648796
1.7486723647851972
1.7489942126132816
1.7484566640719907
1.7489197423390788
1.7499860587785687
1.7502563689035795
1.7499942987172004
1.751235481392553
1.749924594911999
1.7494265235470712
1.7517376483565192
1.7509592277510373
1.7483734277671397
1.7476435880817118
1.748862378759454
1.7488578095116327
1.7475390846100383
1.7483027829829914
1.7487839480194654
1.7472631679916757
1.7487525275312215
1.7486968883256095
1.7511911253503316
1.7498938983040029
1.7501734142826364
1.7498847644194782
1.751117145108383
1.7498151867966774
1.7508508979960564
1.7501034037630836
1.7514098147758415
1.74932528243995
1.7510432573165007
1.7495231900709214
1.7492473802209412
1.75076792484902
1.7500248252709911
1.7497585075159554
1.7513185813991146
1.7480791077563733
1.7484006810933628
1.7478635724623766
1.748326229691629
1.749391669206626
1.7496617446676137
1.749399895068715
1.7506400089661431
1.7493302142444687
1.748832575455216
1.7511417363369035
1.7503639522329761
1.7477803578695101
1.7470511556455177
1.7482688678727587
1.7482642944171203
1.746946697960096
1.7477097134129254
1.7481904628600387
1.7466709892538035
1.7481590240462803
1.7481034316459634
1.7505956448661173
1.7492995220497043
1.7495788117135727
1.7492903797821737
1.7505216832577843
1.7492208249924197
1.750255663763716
1.7495088128234635
1.7508141279886027
1.7487313391133916
1.7504478139917028
1.748929075751445
1.7486534738262494
1.7501727007134347
1.7494302486740838
1.7491641585637707
1.750722918870429
1.7480282648849759
1.7483498725333526
1.7478127089135782
1.7482754187725604
1.7493409679031189
1.7496110726971095
1.7493491955247755
1.7505894430194444
1.74927951182791
1.748781818966698
1.7510912253393554
1.750313361672734
1.7477294916067139
1.7470002097000419
1.7482180567335959
1.7482134838039343
1.746895746291339
1.7476588471091836
1.7481396485049674
1.7466200115960377
1.7481082119818985
1.7480526137309194
1.7505450799266442
1.749248819081492
1.7495281370347053
1.7492396778618369
1.7504711159891093
1.7491701202179522
1.7502050680427583
1.7494581366909159
1.7507635888370074
1.7486805820292108
1.7503972444073028
1.7488783400413797
1.7486027121255863
1.7501221037303827
1.7493795707486968
1.7491134521827938
1.7506723766865147
1.7488271175463468
1.7491488636524923
1.7486114537780608
1.7490743417367711
1.7501403758834508
1.7504105936244554
1.7501486013465812
1.7513893745221532
1.750078858158517
1.7495809573321253
1.7518913637174611
1.7511131430224331
1.7485281607936487
1.7477985770574431
1.749016916861502
1.7490123354086764
1.7476940336251952
1.748457437422106
1.748938441587443
1.747418158057461
1.7489069550388798
1.7488513323285115
1.7513449552204747
1.7500481345952745
1.7503275825635811
1.750038976360858
1.7512709234837107
1.7499693592474577
1.7510047614412139
1.750257513200575
1.751563542197006
1.7494796108359694
1.751196984119007
1.7496774522028755
1.7494016835445418
1.7509217123482945
1.7501788708362491
1.7499126381164765
1.7514722474707451
1.7499472336775792
1.750268900531969
1.7497316014317077
1.750194344974922
1.7512601543878754
1.7515303007618739
1.7512683696141484
1.7525088252574526
1.7511986011283815
1.7507008320183333
1.7530106776239383
1.752232616723444
1.7496482715655872
1.748918885023089
1.7501368793092544
1.750132289544434
1.748814316858219
1.7495774958160966
1.7500583754177845
1.7485384773205734
1.7500268440654456
1.7499712343021272
1.7524643634470618
1.7511678597788594
1.751447252977166
1.7511586849618892
1.7523902981568202
1.7510890424728
1.7521242023116383
1.7513771448697522
1.7526828735283142
1.7505994154613762
1.7523163251821443
1.7507972055275334
1.7505214729938305
1.7520411030088276
1.7512984605215498
1.7510322939771494
1.7525915389131363
1.7491668114046468
1.7494883291722865
1.7489512771232745
1.7494138034107247
1.7504791223049523
1.7507491430309379
1.7504873329720314
1.7517272125966457
1.750417592934522
1.7499200553620786
1.752228831157214
1.7514511279542722
1.748867980624998
1.7481389337403819
1.7493563593507755
1.7493517708490778
1.748034409419872
1.7487972312896805
1.7492778874555075
1.7477586948067303
1.7492463659062658
1.7491907818480623
1.7516827665008705
1.7503868635122368
1.7506661285041416
1.7503776912232267
1.7516087307979789
1.7503080771197022
1.7513427583416918
1.7505960477641749
1.7519011731964333
1.7498186771116635
1.751534787364777
1.7500163752705644
1.7497407676228358
1.7512596910853462
1.7505173942685264
1.7502513511421856
1.7518098752034694
1.7495265086118823
1.7498484630107918
1.749310670604623
1.7497738095033295
1.7508405944511296
1.7511109794201554
1.7508488120780712
1.752090369420968
1.7507789556528475
1.7502807470400155
1.7525926624687689
1.7518138868423163
1.7492272316931121
1.748497203663197
1.7497162593956403
1.7497116598445326
1.748392511630423
1.7491563506554353
1.7496376564625373
1.7481164062958396
1.7496060652816077
1.7495504053537851
1.752045835687083
1.7507481715592654
1.751027822979066
1.7507389771995732
1.7519716730102632
1.7506692468554041
1.7517053396800406
1.7509576184849889
1.7522645272201944
1.750179182617847
1.751897602711216
1.7503771479459986
1.750101149783781
1.7516221235502214
1.7508788268621265
1.7506124227457953
1.7521730734070333
1.7496952434675528
1.7500170830910986
1.7494794827473918
1.7499424570200632
1.7510088610647
1.751279149718715
1.7510170758920147
1.7522581908134627
1.7509472450424297
1.7504492138952423
1.752760305004496
1.7519818075129012
1.7493960744897266
1.7486663064350143
1.7498849282979976
1.7498803305359902
1.748561652523318
1.7493252198252776
1.7498063541451887
1.7482856461242307
1.749774775058045
1.7497191349846761
1.7522136738014193
1.75091647232443
1.751196023827175
1.7509072815405733
1.752139538382746
1.7508375767278381
1.7518732999891367
1.7511258452468637
1.7524322877367184
1.750347687183954
1.7520654953094486
1.750545581978964
1.7502696827121231
1.7517901146436876
1.7510470826837157
1.750780773529855
1.7523408675134522
1.747222102569961
1.7475435884506574
1.7470065387914244
1.7474689476107643
1.7485342499971814
1.7488042326201687
1.7485424405110963
1.7497821691223523
1.7484726073447638
1.7479751404895956
1.750283706891357
1.7495060056958516
1.7469231153640352
1.7461941819644655
1.7474113798590556
1.7474067695772346
1.7460895491064
1.746852208649201
1.7473328028161035
1.745813786649471
1.7473011605996702
1.7472455802786455
1.7497376015437915
1.748441821253717
1.7487210916716964
1.7484326055043005
1.7496634512052582
1.7483628981489239
1.74939750662722
1.7486508859764214
1.7499559322807872
1.7478735484828016
1.7495893930477882
1.7480712209841454
1.7477955657667192
1.7493142811686355
1.7485720957721096
1.748306080438343
1.7498644964271581
1.7480717981027285
1.748393388129807
1.7478561472047056
1.7483186814940441
1.7493843592810205
1.7496544255180189
1.7493925458768411
1.75063266657176
1.7493226560919295
1.7488250353435417
1.7511343562670112
1.7503563776057933
1.7477726508137665
1.747043495267343
1.7482610511261247
1.7482564317951632
1.7469387881090144
1.7477016652658657
1.7481824102536516
1.7466629107686604
1.7481507157210345
1.7480951167912824
1.7505880417770956
1.749291839735713
1.749571211879439
1.7492826059236584
1.7505138259685342
1.7492128419528972
1.750247795746634
1.7495009386186278
1.7508064247923814
1.7487233343737403
1.7504397023438931
1.7489210688557066
1.748645298886339
1.7501644867695998
1.7494220737850485
1.7491559727530028
1.7507149093953032
1.7493136033256913
1.749635710448015
1.7490975920920835
1.7495608509889835
1.7506282661171344
1.7508987635791802
1.7506364607128773
1.751878567950286
1.7505664318372323
1.7500680166547689
1.752381056040386
1.751601806383495
1.7490139253480632
1.7482836083638156
1.749503093407795
1.7494984607123458
1.7481787010954266
1.7489427817655192
1.7494242959331012
1.7479023600871446
1.7493925173843212
1.749336828581158
1.7518338377884453
1.7505355499857895
1.7508153801851205
1.7505262894793416
1.7517594700770096
1.7504563865906333
1.7514930124968435
1.750744958710114
1.7520525574512134
1.7499660923979958
1.7516851946765
1.7501641432082409
1.7498879098196063
1.7514095251240598
1.7506659284824464
1.7503993999535288
1.7519608556763626
1.746805174611721
1.7471276248479133
1.7465889566041009
1.7470527417982955
1.7481212530820625
1.7483920438741372
1.748129465273484
1.7493729084832987
1.7480594076716447
1.747560451769588
1.7498759460649063
1.7490959007810711
1.7465052627200999
1.7457741489090588
1.7469949820161634
1.7469903545804872
1.745669184407854
1.746434118728103
1.7469161523823853
1.745392583509484
1.7468843967404983
1.7468286494307164
1.749328188393713
1.7480285203036632
1.748308633396451
1.7480192702759734
1.749253797390257
1.7479493388459548
1.748987055287269
1.7482381973846393
1.7495471659352626
1.747458521556194
1.7491794988324967
1.7476567861075873
1.7473802928129711
1.7489035552935415
1.7481591492285802
1.7478923361437602
1.7494554338372195
1.74802252819183
1.7483448281290503
1.7478064332359917
1.7482700335936123
1.7493380078047795
1.7496086773338388
1.7493462246338045
1.7505891005329879
1.749276243480944
1.7487775107938337
1.7510919172298836
1.7503122684212298
1.7477228375413902
1.7469920464870476
1.7482123573731256
1.7482077418276452
1.7468871829606216
1.7476517986737972
1.7481336139173458
1.7466107439031537
1.7481019272668068
1.7480462067188818
1.7505444563957986
1.7492453966504067
1.7495253646790834
1.7492361703569417
1.7504701534621143
1.7491663153654797
1.7502035350350373
1.7494550192392126
1.7507633556370015
1.7486757260630028
1.750395942965824
1.74887390084886
1.7485975692203661
1.7501201468199412
1.7493760711864574
1.7491093818512065
1.7506717306076653
1.747920842449036
1.7482432110090302
1.7477047061383952
1.7481684117554752
1.7492366051977652
1.74950733339283
1.7492448255459254
1.7504879686395904
1.7491748386478263
1.7486759978167976
1.7509908952347877
1.7502110873007455
1.7476211050157975
1.746890154596097
1.7481107350948
1.7481061206012733
1.7467852796231074
1.7475500660663141
1.7480319852072024
1.7465087885876216
1.748000303138042
1.7479445708887935
1.7504433265168522
1.749143990713981
1.7494240153213494
1.7491347665162675
1.7503690189247638
1.749064905816544
1.7501023435931222
1.7493536669741174
1.7506622773338119
1.7485742118946421
1.7502948037970234
1.7487724294287295
1.7484960458190397
1.7500189528538372
1.7492747153356847
1.7490079690892526
1.7505706462398365
1.7490431827272273
1.7493654732476875
1.748827052851718
1.749290581634112
1.7503585968965498
1.7506292493396114
1.750366797811055
1.7516096146643936
1.7502967376145326
1.749798036822506
1.7521123915095627
1.7513327045924252
1.7487433500258562
1.7480126137010463
1.7492328022271113
1.7492281687945164
1.7479076568650163
1.7486721799881937
1.7491539695403069
1.747631164943222
1.7491221834791195
1.7490664631201789
1.7515648697951622
1.7502658432842
1.7505458299792782
1.7502565812976678
1.7514904701671759
1.7501866471692638
1.7512238607458321
1.7504753796831436
1.7517837186314993
1.7496960736635276
1.7514161629094671
1.7498942377551445
1.7496178534899378
1.75114034006449
1.7503963168100836
1.7501296364075156
1.7516919772021156
1.7466895067744066
1.7470120386867967
1.746473207069806
1.746937071841116
1.7480059009663607
1.7482767543554447
1.7480141050010432
1.7492578483270063
1.7479439766954636
1.7474449057223789
1.7497609968950243
1.7489807142613973
1.7463894204244028
1.7456581432220204
1.746879228937528
1.7468745885597008
1.7455530891926017
1.7463181713898914
1.7468003195575679
1.745276378431347
1.746768490342954
1.7467127279726393
1.7492130502705738
1.7479130498933453
1.7481932514715528
1.7479037740356784
1.7491385758557507
1.7478337718753654
1.7488717669814156
1.748122727795161
1.7494320545367128
1.7473428312177457
1.74906419386797
1.7475411427864451
1.7472645398069033
1.7487881577332456
1.7480435831214762
1.7477767031982678
1.7493402214346025
1.7466224576615303
1.74694503572651
1.7464061220246336
1.7468700461625195
1.7479390369598047
1.7482099279978935
1.7479472402749787
1.7491911588279099
1.7478770921389992
1.7473779518441876
1.7496943763543928
1.7489139747112974
1.7463223101533811
1.745590932341155
1.7468121823134966
1.7468075390946152
1.7454858516372203
1.7462510348275324
1.7467332505850597
1.7452090939184877
1.7467014046952816
1.7466456341718364
1.7491463420351843
1.7478461550646063
1.748126399981178
1.7478368735353524
1.7490718450206182
1.7477668515518676
1.7488049981142344
1.7480558532983803
1.749365372323379
1.7472758408199982
1.7489974404385384
1.7474741801736104
1.7471975302798888
1.7487213606058831
1.74797668315066
1.747709765176162
1.7492735116960123
1.7478258291471185
1.7481482699665505
1.7476095762198263
1.748073289838795
1.7491418421738334
1.7494126158799106
1.7491500384507361
1.7503934226147042
1.7490799018052343
1.7485809777982604
1.750896420344585
1.750116336952267
1.7475257752045665
1.7467947161230575
1.7480154268701493
1.748010781547359
1.7466896583122486
1.747454500042499
1.7479365080053464
1.7464130045495516
1.7479046529528108
1.747848905832013
1.7503486017930767
1.7490489669374567
1.7493290986966457
1.7490396812166993
1.750274114095319
1.7489696706497393
1.750007380998064
1.7492585578285706
1.7505675289297595
1.7484788691567188
1.7501997187761393
1.7486771230138718
1.7484005770825424
1.7499237485380903
1.749179394852207
1.7489125907000695
1.7504756804316701
1.7472811908427326
1.7476033216474618
1.7470651490993352
1.7475284214699285
1.7485959407110372
1.7488664548050863
1.7486041303486266
1.7498463208454895
1.7485340675574212
1.7480356218754236
1.7503488369542195
1.7495695084037797
1.7469814373316128
1.7462510784930345
1.7474706224380587
1.7474659830085464
1.746146129322179
1.7469102412482846
1.747391786698229
1.745869746376959
1.7473599702177411
1.7473042768096416
1.7498015511966123
1.7485031662647377
1.7487830265621056
1.7484938923193634
1.7497271429440944
1.748423955492573
1.7494606662043957
1.748712561981649
1.7500202713277364
1.7479336257708618
1.7496528269864369
1.7481316894027032
1.7478554141669045
1.7493771248354382
1.7486334843915878
1.7483669366712717
1.749928520567011
1.7470107702442677
1.7473330844471346
1.7467946098589697
1.7472581521150563
1.7483262714904524
1.7485969405655177
1.7483344674468042
1.7495773675595976
1.7482643733347216
1.7477656420431602
1.750080172423396
1.74930040661271
1.7467108620094056
1.7459800838302655
1.7472003312573747
1.7471956910907165
1.7458750850917686
1.746639639470959
1.7471214603054341
1.745598551233036
1.7470896363125386
1.7470339113486624
1.7495325832033295
1.7482334595631475
1.7485134763562626
1.748224184137689
1.7494581430342602
1.7481542160712034
1.7491915144533843
1.7484429829546786
1.7497514325080223
1.7476636070363938
1.7493837952194036
1.747861783949607
1.7475853578372356
1.749107939775868
1.7483638727192254
1.748097173125258
1.7496596420927641
1.7479945640027887
1.7483168900468575
1.7477783883625952
1.7482419373555287
1.7493101087874037
1.7495807861784702
1.7493183022646794
1.7505612440071987
1.7492481911948154
1.7487494446534873
1.7510640628803125
1.7502842576228517
1.7476946180011808
1.7469638188948746
1.7481840957725068
1.7481794522388168
1.7468587992051443
1.7476233692123413
1.7481052056879973
1.7465822443779426
1.748073362729248
1.7480176354629038
1.7505164399074131
1.7492172677026212
1.7494972995447549
1.7492079855576994
1.7504419794678028
1.749138000522173
1.7501753413071601
1.7494267845904456
1.750735289446283
1.7486473737228265
1.7503676113743716
1.7488455570468373
1.7485691100108842
1.750091739631557
1.7493476506737962
1.749080941484129
1.7506434745380888
1.7491006980395003
1.7494229578852385
1.7488845135795432
1.7493478924746375
1.7504159377831396
1.7506865477382048
1.7504241093476836
1.7516667664796037
1.7503539080216168
1.7498552862695222
1.752169449612004
1.7513897259246742
1.748800619003014
1.7480700130644342
1.7492899274199503
1.7492852615801593
1.7479648905604301
1.7487292128756036
1.7492109354036656
1.7476883138784496
1.7491789694870346
1.7491232518085311
1.7516218398898065
1.750322928412314
1.7506029373911756
1.75031360175911
1.7515472671437569
1.750243526325862
1.751280685313646
1.7505322989352392
1.7518405876822327
1.749753002178145
1.7514727866417834
1.749951138470484
1.7496746698554313
1.7511969266978982
1.750453030102766
1.7501863771612634
1.751748637945692
1.7481595017510019
1.7484810362087306
1.7479438518656036
1.7484062552131399
1.7494718123793471
1.7497418238813434
1.7494799837801576
1.750719870202263
1.7494100347819832
1.7489125152504046
1.7512214510873214
1.7504435533270892
1.7478602735692548
1.7471312733622077
1.7483485426041414
1.7483439082271206
1.7470264995687903
1.7477891831426215
1.7482698348491206
1.7467506163215867
1.7482380575810201
1.748182466993382
1.7506751634118491
1.749379181198246
1.7496585286700088
1.7493699173647115
1.7506008735087286
1.7493000940801795
1.7503348903246103
1.7495881735593397
1.7508934700002121
1.7488106723720123
1.7505266757169677
1.749008368374826
1.7487325926829251
1.750251477141511
1.7495092193794908
1.7492431653314182
1.750801865728343
1.7496002301656353
1.7499221420486195
1.7493843528288227
1.7498473351033823
1.7509140980407685
1.7511844322057957
1.7509222887968248
1.752163644788577
1.750852308199837
1.7503541938767047
1.752665830114293
1.7518870571644227
1.7493007446784954
1.7485708679619751
1.749789620073347
1.7497849914820758
1.7484660312124605
1.7492296538014627
1.7497108769433325
1.7481898620861607
1.7496791248728139
1.7496234699278954
1.7521189490776439
1.750821448547906
1.7511011072024714
1.750812196241005
1.7520446335533015
1.7507423415610333
1.7517783373940783
1.7510307361013173
1.752337539332666
1.7502523444460307
1.7519704102885643
1.7504502755641067
1.750174213975626
1.7516949103279407
1.7509517622002382
1.7506853951406718
1.7522459017052858
1.7487689650213054
1.749090762128926
1.7485531649715917
1.7490159826201168
1.7500823646543384
1.7503526025043559
1.7500905526107684
1.7513314661810713
1.7500205975894192
1.7495226607319323
1.7518334726500207
1.7510549778350077
1.7484695874751095
1.7477399707337924
1.748958288975705
1.7489536621735335
1.747635172105356
1.7483985229713048
1.7488795746259835
1.7473591019145511
1.7488478346492515
1.7487921995587863
1.75128678719198
1.7499897493130705
1.7502693080505802
1.7499805005820053
1.7512124989257847
1.7499106714334671
1.750946297703175
1.7501989628631924
1.75150529984919
1.7494208490121381
1.7511383028867966
1.7496187095970723
1.749342746903968
1.7508629014214072
1.750120018021827
1.749853745924731
1.7514136958117046
1.7494823381813622
1.7498043305283222
1.749266404234852
1.7497294985057177
1.7507965327307051
1.7510669338777398
1.7508047245268203
1.75204638934278
1.750734721226814
1.7502364835099962
1.7525486985761136
1.7517697270540804
1.7491827681446772
1.7484527111356334
1.7496717623101525
1.7496671314038035
1.748347841988322
1.749111650935362
1.7495929936157526
1.7480715999155354
1.7495612271607588
1.7495055582120491
1.7520016759027812
1.7507038507509542
1.7509835810332297
1.7506945938203422
1.7519273354494933
1.7506247164630673
1.7516609728059394
1.7509131854719895
1.7522203179677376
1.7501345969641036
1.7518530872747327
1.7503325772412064
1.7500564427479481
1.7515775162175264
1.7508341843040351
1.7505677507375894
1.7521286497827813
1.7485516114411972
1.748873558847789
1.7483356883396999
1.7487986908247997
1.7498656099316219
1.7501359690446547
1.7498737932504487
1.7511152741313813
1.7498037617801203
1.749305601707687
1.751617501485043
1.7508386101948492
1.74825201265382
1.7475220731558032
1.748740913618743
1.748736274926376
1.7474171735525885
1.74818084302561
1.7486621130910234
1.747140941520882
1.748630304122943
1.7485746422706205
1.7510705191898943
1.7497728729663276
1.7500525767679485
1.7497636005010366
1.7509961428539278
1.7496936949139426
1.750729817955406
1.749982141008619
1.7512891101474495
1.7492036445053296
1.7509218587534696
1.7494015948557993
1.7491254704965729
1.750646309895008
1.7499030960639501
1.7496367002172848
1.751197399041259
1.7490231793782904
1.749344804928977
1.7488074827155828
1.7492700372154606
1.7503358711718744
1.7506059623568775
1.7503440503304653
1.7515842959145649
1.7502741096722128
1.749776443174523
1.7520860276377603
1.7513079306362198
1.7487239187890913
1.7479947004611711
1.7492123446715206
1.749207715239463
1.7478899304491422
1.7486528544900133
1.7491336464013418
1.7476139902033816
1.7491018949711634
1.749046289134007
1.7515396118893458
1.7502432641541341
1.7505226814449157
1.7502340101836895
1.7514653352691614
1.7501641953058065
1.7511992763079618
1.7504523435259296
1.7517579956071654
1.749674634433039
1.7513911508087983
1.7498723881473994
1.7495965554072856
1.751115886336666
1.7503734076487603
1.7501072778296163
1.7516664067312757
1.748905287394017
1.74922699340868
1.7486895341216127
1.7491522006177955
1.7502183058618113
1.7504884640288219
1.750226486060461
1.751467040468769
1.75015652269919
1.7496587328078141
1.7519688960995814
1.751190600525877
1.7486059422552733
1.7478765436348291
1.7490944869083263
1.7490898551611909
1.7477717412250036
1.7485348516239125
1.7490157630737624
1.7474957280327568
1.7489839972591081
1.7489283774181608
1.7514223387144832
1.7501256663571827
1.7504051552756736
1.7501164077630265
1.7513480371653527
1.7500465702078403
1.751081911719823
1.750334792896602
1.7516407742422364
1.7495568869511116
1.751273827794966
1.749754689824499
1.7494787841796073
1.7509984922262514
1.7502558297525574
1.7499896334265335
1.7515491548087716
1.7483666703440472
1.7486887443672052
1.748150654700557
1.7486138285485373
1.749681180615002
1.7499516443590475
1.7496893642543798
1.7509313291864887
1.7496192902506327
1.749120937462787
1.7514337494062315
1.7506545405344063
1.7480669258489803
1.747336705448595
1.7485560092315169
1.7485513653830176
1.747231746773069
1.7479957035971503
1.7484771607909355
1.7469553948373977
1.7484453207632147
1.7483896367539713
1.7508865377796416
1.7495883803406367
1.7498681991083314
1.7495790975800471
1.7508121139149868
1.7495091494924784
1.750545684500086
1.7497977158825113
1.7511052065691874
1.7490189066256545
1.7507377823102053
1.749216933920064
1.74894068974188
1.7504621186572307
1.7497186181969313
1.7494521177920963
1.7510134373801645
1.7486069026065114
1.7489288181261597
1.74839095000785
1.7488538350248397
1.7499207376238506
1.750191058633885
1.7499289007895138
1.7511702306570878
1.7498587761903626
1.7493606868352045
1.7516723772191862
1.750893487936429
1.7483071473928569
1.7475773213798866
1.7487959341270234
1.7487912736545332
1.7474723132391168
1.748235820385131
1.7487170284516198
1.7471960333636225
1.7486850988163474
1.7486294407012035
1.7511253542328151
1.7498278307078075
1.7501075399355022
1.7498185147821106
1.7510508632612074
1.7497485159431638
1.7507845662409347
1.7500369792208652
1.7513438692318037
1.7492585158764673
1.7509764644364807
1.7494564405693804
1.7491802686404565
1.7507008999782978
1.7499577975675338
1.7496914295134425
1.751252020264948
1.7490460580606462
1.7493676754067946
1.7488303013909845
1.7492927518964456
1.7503586734580057
1.7506287431720138
1.7503668275052795
1.7516070053354749
1.7502967598026435
1.7497991335226948
1.7521086842857378
1.751330510398084
1.7487465655116778
1.7480174188144737
1.7492348942100648
1.7492302362638206
1.7479124983624224
1.7486752913322994
1.7491560525270655
1.7476364683359364
1.7491241424979869
1.7490685357930735
1.7515621603404334
1.7502658381745615
1.750545290989454
1.7502565273047845
1.7514877285435244
1.7501865852369678
1.7512216783010428
1.7504747850097109
1.751780468568042
1.7496970391770426
1.7514133888017462
1.749894780055442
1.7496188578984673
1.7511380761313344
1.7503956650614856
1.7501295438435158
1.7516886928456137
1.749690157960867
1.7500120154867231
1.749474256549397
1.749937075462964
1.751003764333455
1.7512740393784831
1.7510119306977037
1.752253043708583
1.7509418428867325
1.7504438381030676
1.7527551073029015
1.7519763764763874
1.7493905016721039
1.7486607971961439
1.7498792162359225
1.7498745619715188
1.7485558366811218
1.7493192272061078
1.7498003520415637
1.748279624731574
1.7497684580473103
1.7497128103877646
1.752208205764121
1.7509109173970725
1.751190568237385
1.7509016138624265
1.752133757662798
1.7508316518156923
1.7518675082543405
1.751120052081878
1.7524266945068765
1.7503417395877818
1.7520594017109443
1.750539630084984
1.7502635259938224
1.7517838972499715
1.7510409195837786
1.750774599176677
1.7523348975582134
1.749791843703661
1.7501136326067435
1.7495759836469933
1.7500386973011013
1.7511051669404696
1.7513753833194918
1.7511133297855825
1.7523541756019811
1.7510432477198499
1.7505453510801037
1.7528561292979972
1.752077557596872
1.7494922341976962
1.7487626890870949
1.7499808385142486
1.7499761831978908
1.7486577400186363
1.7494209598135906
1.7499019807517069
1.7483815800471063
1.749870082176075
1.7498144462178529
1.7523093356430677
1.751012323333498
1.751291917595119
1.7510030177031002
1.7522348922001485
1.750933061364628
1.7519686996962553
1.751221404346973
1.7525277728100668
1.750443253756142
1.7521605408797452
1.750641101505115
1.7503650493951495
1.7518850912160748
1.7511422754345523
1.750876011938631
1.7524359819260416
1.7502647000399836
1.7505854723738727
1.7500496555811105
1.7505110955897394
1.7515739618903403
1.7518433543762593
1.7515821497614446
1.7528191492926128
1.751512551965225
1.751016172080805
1.7533195988235912
1.752543684108409
1.749966525922051
1.7492391773268483
1.7504537595583793
1.7504491773722965
1.7491348722281364
1.7498959086576011
1.7503754476441227
1.7488597822375156
1.7503439751103647
1.7502885195777382
1.7527747817699169
1.751481882179123
1.7517605061390216
1.7514727225299118
1.7527008940037727
1.751403250354211
1.7524355384919612
1.7516905622362884
1.7529926715370285
1.750914985363102
1.752627098277941
1.7511122239857186
1.750837240767862
1.7523526314679376
1.751612063003405
1.751346636967369
1.7529015566551343
1.7487702534205338
1.7490913558148677
1.7485550425298262
1.7490170345180933
1.7500808983639562
1.7503505802489003
1.7500891155066138
1.7513274180885203
1.7500195539427017
1.7495226402657973
1.7518284160228965
1.751051783905174
1.748471973064192
1.7477438316681786
1.7489597789670572
1.7489552160348514
1.7476395474183024
1.7484014603509122
1.7488815082080806
1.747364255422461
1.7488501367353209
1.7487946260552847
1.7512831406193778
1.749988916970888
1.7502677919175156
1.7499797957261636
1.751209308314176
1.749910360031186
1.750943678146325
1.7501979182351974
1.7515013131164368
1.7494215906913888
1.751135568229664
1.7496190387860757
1.7493438533659678
1.7508608652316113
1.7501194940058695
1.7498537933411387
1.751410262850779
1.749871939163328
1.750192972934888
1.7496567696274228
1.7501186563562305
1.7511823009709706
1.751451924189909
1.7511905145944924
1.7524285499819172
1.751120958775819
1.7506241532428337
1.7529294380179925
1.7521529650256593
1.7495737055897849
1.7488457235591297
1.750061401245384
1.7500568372612233
1.7487414507558163
1.7495031929583955
1.7499831369182235
1.7484662107379925
1.749951760864085
1.7498962618853728
1.7523842704983243
1.7510903229073131
1.7513691412752495
1.7510811995668374
1.7523104428515266
1.7510117695801213
1.75204486958824
1.7512992705002919
1.7526023914196265
1.7505231048597492
1.7522367073984648
1.7507205102062067
1.7504453767672945
1.7519620591977147
1.751220849856643
1.7509552061030922
1.7525113472186078
1.7501283776672718
1.7504492410941193
1.7499132864310896
1.7503748775920607
1.7514380206828675
1.7517074928517937
1.7514462163117523
1.7526835750049152
1.7513766268554547
1.7508801000049237
1.7531841753740305
1.7524080614175397
1.7498301711418869
1.749102604425812
1.7503175616257578
1.750312984384639
1.7489983031084881
1.7497595800049937
1.7502392591963438
1.7487231561193102
1.7502078125005076
1.750152341718364
1.7526392302474136
1.7513459651350107
1.7516246589139284
1.75133681534889
1.7525653557642045
1.7512673515798376
1.7522999244753121
1.751554732202879
1.7528571971439817
1.7507789474241287
1.7524915733697717
1.7509762437582914
1.7507012034922222
1.7522170406630933
1.7514762512726747
1.7512107494655673
1.752766097658067
1.7503479553943393
1.750668669734436
1.7501329621226567
1.750594336027863
1.7516569885999447
1.751926335120858
1.751665179669635
1.7529019623441082
1.7515956186615953
1.7510993233486691
1.7534023289073062
1.7526265726483667
1.7500498802012974
1.7493226531431054
1.750537041667279
1.7505324656892822
1.7492183956701408
1.7499793154785777
1.7504587712340667
1.748943373605467
1.7504273343413277
1.7503718892642983
1.7528576333012231
1.7515649688683879
1.7518435344409038
1.7515558216102274
1.7527837884053632
1.751486386226739
1.7525184805053664
1.7517736350973014
1.7530754968121005
1.7509982090744167
1.7527100355524043
1.7511954135013221
1.7509204981212274
1.752435628739611
1.7516951850196503
1.7514298066306038
1.7529844339483998
1.750740065084534
1.7510611923734944
1.7505247985967536
1.7509867716395233
1.7520507861522194
1.7523204802841692
1.7520589891399256
1.753297366273227
1.751989345659732
1.751492409805951
1.7537983793050278
1.7530216295161274
1.7504416192858618
1.7497134529367016
1.7509294126818797
1.750924832388537
1.7496090696539397
1.7503709753615666
1.7508510494759693
1.749333698804762
1.7508195808832503
1.7507640645415379
1.7532529890792687
1.751958660636469
1.7522375825388432
1.7519495047465534
1.7531790577505622
1.7518799870605015
1.7529134081361624
1.7521676025465809
1.753471136959339
1.7513911812077336
1.753105218588907
1.7515886399822949
1.7513133759348751
1.7528304614931083
1.7520890617041096
1.7518233415164706
1.7533799672613153
1.749841750827328
1.7501628094935147
1.7496265256943502
1.7500883934776608
1.751152188759234
1.7514218242251784
1.7511603882278048
1.7523984981666243
1.7510907504928497
1.7505939227829872
1.7528994013001236
1.752122810636612
1.7495433518114551
1.7488153448276524
1.750031034960206
1.7500264536149093
1.748710972991454
1.74947270796905
1.749952678186113
1.7484356541202943
1.7499212050120154
1.749865700371626
1.752354118958215
1.7510600665728946
1.7513389318965775
1.751050908587227
1.752280192287913
1.7509813966094379
1.7520145995780774
1.7512689548116758
1.7525722152625292
1.7504926953760942
1.7522063577577074
1.750690111402426
1.7504148993362023
1.751931655459212
1.7511904175548827
1.7509247542784245
1.7524810516291438
1.7496568097301777
1.7499779950129313
1.7494414920552068
1.749903531201399
1.7509677594426145
1.751237499539571
1.750975959231736
1.7522145532217315
1.750906278963362
1.7504092585380873
1.7527156492213125
1.7519387409761693
1.7493582650066155
1.7486299771204443
1.7498461305729802
1.7498415440715511
1.748525546211935
1.74928756854059
1.7497677258860251
1.7482501074368104
1.7497362216522871
1.7496806948549768
1.7521701375479621
1.7508755739472037
1.7511545542369606
1.750866405666237
1.7520961633489718
1.7507968511879737
1.7518304661227568
1.751084529685568
1.7523883116842665
1.750307957496419
1.7520222813144433
1.7505054504666915
1.7502301185815097
1.7517474642214348
1.7510059396878643
1.750740171853236
1.75229708996805
1.749404819520152
1.749726177572061
1.7491893733708916
1.7496516432465405
1.7507164661194399
1.7509863484964125
1.7507246655096027
1.7519639187777418
1.7506549228774102
1.7501576404149966
1.7524652766018702
1.751687931765626
1.749106067930754
1.7483773985323698
1.7495941795617231
1.7495895850631078
1.748272881877034
1.749035292549771
1.7495157046134295
1.7479972762404679
1.7494841526448868
1.749428595537525
1.7519194479023201
1.750624186492774
1.7509033250869697
1.7506150022449212
1.7518454035748974
1.750545385443011
1.7515795638002556
1.7508332300626799
1.75213772589267
1.7500562292189974
1.7517714514417473
1.7502538269181225
1.7499783282998023
1.7514964758562943
1.7507545618500298
1.750488651405942
1.7520464185683655
1.747580226816698
1.7479014737299086
1.7473647826926881
1.7478267906847318
1.7488913723160926
1.749161145223062
1.7488995413162343
1.7501383260387473
1.748829680257517
1.748332600228722
1.7506394662424907
1.7498622832082171
1.7472813134417302
1.7465529547220995
1.7477691625177567
1.7477645379270217
1.746448304796586
1.747210328303282
1.7476905538043674
1.7461726873463204
1.7476588363648573
1.7476032959417245
1.7500936911718274
1.7487988694178398
1.7490779586681093
1.748789625127027
1.7500194986552862
1.7487198896975757
1.7497537529562084
1.749007699944103
1.7503118163083322
1.7482309052155418
1.7499453981878959
1.748428425956361
1.748152915892974
1.7496704566001173
1.7489288530389144
1.7486630365627716
1.750220331234446
1.7496634821710546
1.7499846710904718
1.7494480892342346
1.7499100311228564
1.7509743990256974
1.75124412596766
1.750982571224425
1.7522211390902431
1.7509127469538872
1.7504157514965863
1.7527221963262059
1.7519451717481758
1.7493646677209767
1.7486364305383562
1.7498524446266563
1.7498478262440083
1.748531828238591
1.7492937351242586
1.749773877394312
1.7482562787142724
1.7497421955958206
1.7496866656282848
1.7521765427031335
1.7508819561071052
1.7511609869699913
1.750872724207343
1.7521023930568775
1.7508030255701041
1.751836694969614
1.7510907728051162
1.7523946415834042
1.7503141289268562
1.7520283354623594
1.7505116154719647
1.7502361732463398
1.7517534538717912
1.75101197505516
1.7507462062260069
1.7523032085277113
1.7494785410739044
1.749799856609888
1.7492630555950912
1.7497251688465947
1.750789969709078
1.751059801282053
1.750798142228356
1.75203719414535
1.7507282754243996
1.7502310872516866
1.752538444247395
1.7517611020877326
1.7491795809161375
1.7484510628311483
1.7496675402394304
1.7496629167006506
1.7483464014590715
1.7491085956957988
1.7495889250942245
1.7480707320307887
1.749557212236093
1.7495016601116358
1.7519925612928813
1.7506974634814143
1.7509766093103751
1.7506882212863535
1.7519183641179363
1.75061848014864
1.751652561514293
1.7509063476790077
1.7522107380051417
1.7501293910471811
1.7518442590190955
1.75032695453623
1.750051392491647
1.751569262634014
1.7508274971881412
1.7505616238008177
1.7521192468666174
1.7485455901867808
1.7488668595701748
1.748330140640264
1.7487921945251907
1.7498568337156342
1.7501266276396046
1.7498650069544202
1.7511038836444472
1.7497951599808639
1.7492980411298773
1.7516050647880264
1.7508278416378327
1.7482466911871588
1.7475182737120145
1.7487345868634618
1.7487299661657365
1.747413639014453
1.7481757322581584
1.7486559940667328
1.7471380165436476
1.748624297883766
1.7485687539124384
1.751059269528271
1.7497643583101539
1.75004346080075
1.7497551217866798
1.7509850949530692
1.749685400472138
1.750719330381475
1.7499732221757887
1.7512774202184755
1.7491963814449287
1.7509110124485274
1.7493939171490651
1.749118402018662
1.7506360597613764
1.7498943971589571
1.7496285618229241
1.7511859566052073
1.7489316786225595
1.749252682931619
1.7487164294149242
1.7491781338372419
1.7502418550519212
1.7505114313978658
1.7502500301286834
1.7514878970866314
1.7501802851797448
1.7496835670093498
1.7519886784887317
1.7512121299485766
1.7486331088050633
1.7479052740618215
1.7491206311227814
1.749116024104352
1.7478007784601164
1.7485622813736952
1.7490421532843445
1.747525416765708
1.7490105381865122
1.748955040831495
1.7514433756446923
1.7501495354220615
1.750428392931491
1.7501403262086483
1.751369316397409
1.7500707068640966
1.7511037704383396
1.7503582707922372
1.7516613704367394
1.7495820905178452
1.7512953491800873
1.7497794659233032
1.7495042113543984
1.7510206423812427
1.750279574938424
1.7500139583144299
1.7515700474820715
1.75076294376689
1.751084062851312
1.7505476172721552
1.7510094863205077
1.7520735884383511
1.7523432610993053
1.7520817663147403
1.7533200756941365
1.7520119957901628
1.7515151001541227
1.7538210359530046
1.7530442092779912
1.7504642660084486
1.7497361712900035
1.7509519622204235
1.750947353412894
1.7496316375672198
1.7503934122038527
1.7508734556016932
1.749356176937317
1.750841828410074
1.750786311200604
1.7532755375303561
1.7519812346568968
1.752260192083382
1.7519720218676482
1.7532014510249256
1.751902376991663
1.7529358101292432
1.752190044030361
1.7534936099202154
1.751413585951738
1.7531274565818546
1.7516110318903375
1.751335678426057
1.752852651287776
1.7521113191168345
1.7518456075303703
1.753402253375653
1.7498992661396011
1.750220294131066
1.7496839864221758
1.750145704318187
1.7512095296458234
1.7514791226237714
1.7512176997644329
1.7524556499818345
1.7511479208999332
1.7506511722300044
1.7529564594025648
1.7521798319688608
1.7496006207886126
1.74887274419104
1.7500881601530454
1.750083546400552
1.7487682066868677
1.7495297408564605
1.750009644049472
1.7484928030555227
1.7499779910199311
1.7499224890599783
1.752411089052859
1.7511171517010087
1.7513960393084755
1.7511079290486693
1.7523369892644938
1.751038275766036
1.7520714241458912
1.7513258740637716
1.752629084313262
1.750549623890711
1.752262981490024
1.750747012117765
1.7504717157016965
1.7519882420926203
1.751247130847565
1.750981495032172
1.7525377123727204
1.7498160107852454
1.750137096770502
1.7496006798806294
1.7500624638800626
1.751126502936219
1.751396141879173
1.7511346698562427
1.752372836930339
1.7510648542035634
1.7505680209621406
1.75287372931885
1.7520969434289029
1.7495172665093657
1.7487892683747834
1.7500048780441457
1.750000258083566
1.748684683244863
1.7494463340354838
1.7499263204595268
1.7484092116875702
1.749894631788968
1.7498391193734173
1.752328237521553
1.751034065011743
1.7513130110065929
1.7510248299683533
1.752254094862903
1.7509551398935082
1.751988482132486
1.7512428012027585
1.7525462590381897
1.7504664001793966
1.7521800442155604
1.750663822602161
1.7503884583483307
1.751905244820947
1.7511640088313196
1.750898325368937
1.7524548350794547
1.7497753529009117
1.750095783333155
1.749560490128769
1.7500213714209125
1.7510831881197728
1.7513522828906656
1.7510913491984008
1.7523270040491046
1.7510217321276542
1.7505259012854857
1.7528268911673694
1.7520517333015013
1.749477322788134
1.7487507879209092
1.7499639756345693
1.7499593775616409
1.7486464829245945
1.7494066272229076
1.7498856416976016
1.7483716159076628
1.7498540870686992
1.7497986889859491
1.7522825662163728
1.7509910392478834
1.7512693971720352
1.750981847913649
1.7522086432598265
1.7509123562262665
1.751943571983821
1.751199404601613
1.7525001730193592
1.750424613348383
1.7521348121712492
1.7506216360881306
1.7503468759961072
1.7518605978485744
1.7511208540463699
1.7508557122347286
1.7524090180141645
1.7492183054625035
1.7495391145322234
1.7490031901516638
1.7494646179516415
1.7505276869755548
1.7507971000244815
1.7505358582126307
1.751772973924922
1.75046616154235
1.7499697442312867
1.7522734525626391
1.7514973807295038
1.748919928135495
1.7481925336599808
1.7494071577883337
1.749402554874082
1.7480881085771502
1.7488491534096386
1.749328734294576
1.747812918764724
1.7492971456750048
1.7492416821782324
1.7517284869338914
1.7504354339841772
1.7507141199488419
1.7504262329703117
1.7516544798737008
1.7503566618344972
1.7513890953355749
1.7506440481834402
1.7519463523181924
1.74986834256588
1.7515805647921519
1.7500655982791689
1.7497905155104183
1.7513060275851233
1.7505654086562155
1.7502999535015724
1.7518550935109944
1.750437883189571
1.7507585431725405
1.750222865843231
1.750684076387445
1.751746654892632
1.7520159422935455
1.751754821570514
1.7529913612641153
1.7516851533484898
1.7511889675750316
1.7534916060959145
1.7527158919603316
1.7501396371949058
1.7494125823772742
1.750626637829854
1.7506220361787255
1.7493082011388024
1.750068888883222
1.7505482463322988
1.749033136250881
1.7505166675158237
1.750461229724167
1.7529468899877003
1.7516544377175545
1.7519329954758174
1.7516452392316488
1.7528729125148592
1.7515756964813982
1.7526076513656286
1.7518629510778625
1.7531646519863107
1.7510876042161674
1.7527990269747846
1.7512847680221995
1.7510098101394236
1.7525246156616414
1.751784342403191
1.7515190106666092
1.7530734298013275
1.7505742055622826
1.7508947744522942
1.7503592349932515
1.7508202943851232
1.7518825961001052
1.7521518038180113
1.7518907550202067
1.753126935551813
1.751821078458261
1.751325039650913
1.753627029545475
1.752851514651201
1.7502759919750694
1.749549155278311
1.7507628357624758
1.7507582291663835
1.7494447702584501
1.7502052175358298
1.7506844347800772
1.7491697623690863
1.7506528301256805
1.7505974075835413
1.753082441510204
1.7517903547616667
1.7520688427009108
1.7517811464126696
1.7530084507544275
1.7517115952557718
1.752743265382277
1.7519987811112723
1.7533001263793573
1.7512236421551408
1.7529345518829536
1.7514207482496267
1.7511458474150625
1.7526602064664862
1.7519201541339222
1.7516548981684108
1.753208888798395
1.7506066180452418
1.7509271632528474
1.7503916779859998
1.7508527239041787
1.7519149215062022
1.7521841125921056
1.7519230853844574
1.7531591826566097
1.7518534427380725
1.7513574344302587
1.7536592486316418
1.7528838126309165
1.7503084799915198
1.7495816851490917
1.750795306732212
1.7507907068701833
1.749477342031698
1.750237758053065
1.7507169440149501
1.7492023760792719
1.7506853772922615
1.7506299593550583
1.7531147281020367
1.7518227384827185
1.7521011963239266
1.751813543572649
1.7530407778873434
1.7517440263538322
1.7527756116747244
1.7520311778397384
1.7533324125028347
1.7512561087822751
1.752966919573017
1.7514532020551654
1.7511783430677654
1.7526926067551083
1.7519525982247808
1.7516873614506685
1.7532412239077462
1.7506758913050766
1.7509963915723143
1.7504609620908482
1.7509219162232608
1.7519839987071195
1.7522531477590202
1.7519921541080852
1.7532280674452105
1.7519224832913785
1.7514265526279496
1.7537280515405707
1.7529526957716859
1.7503777245006622
1.7496510471692621
1.750864458040802
1.7508598503927553
1.7495466735959646
1.750306950143313
1.7507860634902206
1.7492717176846184
1.7507544542544455
1.7506990434136305
1.7531835713891504
1.7518917606980915
1.7521701920586445
1.7518825502533437
1.7531095852917782
1.7518130048047074
1.7528444568241912
1.7521001333763673
1.753401204682548
1.7513251563235013
1.7530356910517542
1.7515222196697577
1.75124737081639
1.7527614004325898
1.7520215099846954
1.7517563109303647
1.7533099731662236
1.7508770386437058
1.7511974004531747
1.750662217226365
1.7511229932590504
1.752184590726787
1.7524536268316744
1.7521927482862794
1.7534281359425015
1.7521231369607717
1.7516274142625219
1.7539279131624654
1.7531529144219864
1.7505790553137266
1.7498526798118608
1.7510655979128962
1.751060998788013
1.749748386262108
1.7505083598303905
1.7509872704077445
1.7494735712231952
1.7509557111974638
1.750900324816038
1.753383696095319
1.7520924451843085
1.7523707465297693
1.7520832517543226
1.7533097777971771
1.7520137657752022
1.7530447634257356
1.7523007568667077
1.7536012513225492
1.7515261275167429
1.7532359513400502
1.7517231075082615
1.7514483993974341
1.752961791814678
1.7522222098971432
1.7519571249966823
1.7535101023819932
1.7493384215937358
1.7496591514117006
1.7491233378053104
1.749584621189792
1.7506474654799786
1.7509168071619
1.750655626480198
1.7518924246602212
1.7505859045122145
1.750089618917495
1.7523927664691166
1.7516168544305153
1.7490400389074334
1.748312841625627
1.7495271202360865
1.7495225090098392
1.748208391810174
1.7489692118036286
1.7494486681249177
1.7479332380278363
1.7494170347015707
1.7493615841518484
1.751847895160478
1.750555159167763
1.7508337903624271
1.7505459415713438
1.751773854546811
1.75047634505984
1.7515085362059988
1.750763679852617
1.7520656836495
1.7499881471912864
1.7516999058552896
1.7501853516038268
1.7499103049597067
1.751425418245657
1.7506849983415165
1.7504196093622455
1.7519743849533858
1.7491696867380655
1.7494905313313933
1.7489545256625414
1.7494159736730583
1.7504791988664086
1.75074863686334
1.7504873626662545
1.751724603267727
1.7504176151226327
1.749921152062268
1.7522251239333888
1.7514489337599304
1.7488711961108194
1.748143738853809
1.749358451333729
1.749353838318382
1.7480392509172784
1.7488003426337866
1.7492799704422664
1.7477639981994453
1.7492483249251336
1.7491928545209579
1.7516800570461415
1.7503868584025986
1.7506655895143184
1.7503776372303435
1.7516059891743276
1.750308015187406
1.751340575896903
1.7505954530907422
1.7518979231329763
1.7498196426251786
1.7515320132570573
1.7500169175708613
1.749741772031365
1.7512574271521908
1.7505167425199277
1.750251258578186
1.751806590846967
1.7514769681134061
1.7517976080506341
1.7512619060150065
1.751723005827957
1.7527856198818124
1.7530548774957282
1.7527937639274536
1.754030194237423
1.7527239856188268
1.7522278553128758
1.7545303722869745
1.7537546207120533
1.7511785279257177
1.750451565665967
1.7516654228532662
1.7516607960549824
1.7503470549387068
1.7511075959841258
1.7515869070754584
1.7500719212385292
1.751555188625938
1.7514997522689923
1.7539855817347043
1.7526932035985083
1.7529717818318638
1.7526839549327333
1.7539114693556808
1.7526143019615898
1.7536462265049328
1.7529015909258758
1.7542032680089266
1.7521262422737387
1.7538374488127642
1.7523233868330113
1.752048360456956
1.7535630056006204
1.7528228218613455
1.7525575083216374
1.7541118834703404
1.7519323298090206
1.7522526597315455
1.7517174788945151
1.7521781374590903
1.753239718419016
1.7535087164209042
1.7532478558253444
1.754483092468208
1.7531781513710134
1.7526824993900392
1.754982788896609
1.7542077921635661
1.751634190052764
1.7509079280359443
1.752120618421176
1.7521159975161698
1.7508035259486365
1.7515633371899113
1.7520421857683408
1.750528663065936
1.7520105058908682
1.7519551232466206
1.7544385311382393
1.7531474029257885
1.7534257096973234
1.7531381660353966
1.7543644982044557
1.7530685868044236
1.7540995117112643
1.7533555950789539
1.7546560104069033
1.752580998887881
1.7542905570230614
1.7527779532218422
1.7525031975413181
1.7540163818979682
1.7532769114007265
1.7530118542928392
1.7545647236056823
1.7516457029690766
1.7519662281309416
1.7514307181577755
1.7518916533446909
1.7529538864953829
1.7532230477942885
1.7529620277413964
1.754198015629918
1.7528922750084084
1.7523963221681027
1.754698014822702
1.7539225413826387
1.751347370722332
1.7506206684377847
1.7518340917556239
1.7518294667464405
1.7505161958316022
1.751276465153968
1.7517556047581098
1.7502411610669197
1.751723898402375
1.751668481899883
1.7541534198490407
1.7528615043636726
1.7531399826799725
1.7528522592737328
1.7540793347281645
1.7527826318340238
1.7538141868140291
1.753069817687751
1.7543710285254503
1.7522947468398462
1.7540053414109968
1.752491820865977
1.752216893385298
1.753730996694087
1.7529910776829347
1.7527258591056967
1.7542796775767593
1.747889732338998
1.74821077580833
1.7476743621048287
1.7481359894801158
1.7492000065258573
1.7494695946648136
1.749208146574996
1.750446112297947
1.7491382067505528
1.74864146779883
1.7509468969643744
1.7501701137510088
1.7475907794947485
1.7468629326735614
1.748078238721852
1.7480735897211088
1.7467582028269002
1.7475196371815112
1.747999540940322
1.746482667477891
1.747967691380174
1.747912183947528
1.750401350912114
1.7491073420003835
1.7493862952299983
1.749098049009785
1.7503270554059414
1.7490282345991368
1.7500614798465237
1.7493159188190865
1.7506192711506614
1.7485395620075805
1.7502528517929086
1.7487369502202694
1.748461522540175
1.749978031598666
1.7492369441694309
1.7489712977638137
1.7505276633777063
1.7482773937352756
1.7485988477290275
1.7480618004595745
1.7485240918108045
1.7495893776894103
1.749859322209399
1.7495975480501613
1.7508371256480586
1.7495276217550064
1.7490302256171135
1.7513385826255008
1.7505608834374313
1.7479782501030727
1.7472494301885497
1.748466400367336
1.7484617683053922
1.7471446887929285
1.747907186008722
1.7483877181767002
1.746868878492212
1.748355955293075
1.7483003787092286
1.7507924365867122
1.7494967789951978
1.7497760548392507
1.7494875197853743
1.7507181716125368
1.7494177191781457
1.7504522549127493
1.7497057241886678
1.751010691365141
1.7489284198539394
1.7506439987308
1.7491260666977262
1.748850363910603
1.7503688712519252
1.7496267972756934
1.7493608097345004
1.7509191176508474
1.7495014197562602
1.7498227270877056
1.749285874270493
1.749747883527579
1.7508127719952096
1.7510825820971891
1.7508209194031703
1.75205990356626
1.7507509255548306
1.750253777599858
1.7525611008953716
1.7517836818495964
1.749202227638724
1.7484737811844504
1.7496900897779744
1.7496854377250075
1.7483689693723519
1.7491310325380847
1.7496113312199477
1.7480932101633435
1.7495794597629168
1.749523906770702
1.7520151097439685
1.7507200375018421
1.750999218854914
1.7507107384074485
1.7519407573922996
1.750640870079801
1.7516749635073736
1.750928789162789
1.7522332109660184
1.7501517957911854
1.7518664970120434
1.7503493464442728
1.7500736949828286
1.7515914524286813
1.7508497546008663
1.7505838898147177
1.7521415329809553
1.7498042528376836
1.7501253530885863
1.7495888565036064
1.7500505824015062
1.7511147666218918
1.751384405110852
1.7511229126692434
1.7523611039569484
1.7510529840573412
1.750556152211467
1.752861984512362
1.7520850816203823
1.7495052909773816
1.748777305718001
1.7499928519283947
1.7499882073466375
1.7486725853760097
1.7494341748326454
1.7499141668476155
1.7483970190174523
1.7498823408347004
1.7498268240031984
1.752316364329084
1.7510221279244844
1.7513011226837725
1.751012843749101
1.7522420844350488
1.7509430405992314
1.7519764615508329
1.7512307649182246
1.7525343359092096
1.7504542811527875
1.7521678964691396
1.7506517057029074
1.7503762469651998
1.7518930377768738
1.7511518103640875
1.7508861166429888
1.7524427465645536
1.749737203724807
1.7500583501282994
1.7495217714584341
1.7499835567229094
1.7510479026153358
1.7513175787533004
1.7510560479431785
1.752294414457851
1.7509860995008766
1.7504891983332758
1.7527953639717304
1.7520183420702817
1.74943818070636
1.7487100948371346
1.749925805304363
1.7499211578815517
1.748605347820629
1.7493670382702864
1.749847097875107
1.7483297345045932
1.749815255187027
1.7497597302023953
1.7522496560936942
1.7509552330957452
1.751234271193397
1.750945943248775
1.7521753535999156
1.7508761202757328
1.7519096926836515
1.7511638904214442
1.7524676536958759
1.75038729075504
1.7521011430397078
1.7505847430900734
1.7503092374381848
1.7518262406495106
1.7510849103932715
1.7508191786208833
1.7523760368259638
1.7499567814518746
1.7502777787686168
1.7497414471500017
1.7502030151587125
1.7512668705324135
1.7515364210223647
1.7512750113010616
1.7525128017970448
1.7512050913070174
1.7507084216770212
1.7530135175050063
1.75223685330111
1.7496578897657704
1.7489301435544276
1.7501452853458843
1.7501406391861951
1.7488254403822816
1.7495867737438704
1.7500666099128304
1.7485499519907506
1.7500347770278468
1.7499792777483307
1.7524680591475035
1.751174236829123
1.7514531467203733
1.7511649495101118
1.7523937862410746
1.751095154922635
1.7521282487137058
1.751382793315867
1.7526859533639954
1.750606552405328
1.7523196052223404
1.750803912833104
1.7505285320671902
1.7520448287260295
1.751303844140247
1.7510382357859198
1.752594373116297
1.7471823804333577
1.7475039066865483
1.7469666705410054
1.7474289698941243
1.7484946146654783
1.7487646046964795
1.748502760954972
1.7497425796231725
1.7484326849124139
1.747935205598576
1.750244107735298
1.749466133088953
1.7468829202918417
1.74615399171551
1.7473710921426857
1.7473664292514774
1.74604906748207
1.7468116199849066
1.7472922409748437
1.7457730944541416
1.7472603051078435
1.747204713652448
1.7496977118629367
1.7484017552186732
1.7486811382145475
1.748392434485806
1.749623266783092
1.748322484011341
1.749357292317691
1.7486106150431204
1.7499159429610884
1.747833077116016
1.7495489137099154
1.7480307602828689
1.7477548951741062
1.7492736669361784
1.7485314767922155
1.7482654313453174
1.749824151842681
1.7491985866748367
1.7495201010868249
1.748982892037379
1.749445184653652
1.7505107773685271
1.7507807590835263
1.7505189261370977
1.7517587031755708
1.7504488670523195
1.749951402988249
1.7522602172783814
1.7514822820788112
1.7488991643000669
1.748170256650901
1.7493873276275542
1.7493826681033784
1.7480653533686943
1.748827890243524
1.7493084955922802
1.7477894013092345
1.749276578691134
1.7492209895382065
1.751713855158853
1.7504179470791994
1.7506973150260552
1.7504086330657955
1.7516394303495502
1.750338699560371
1.7513734654639148
1.7506268134073535
1.7519320860228271
1.7498493104295834
1.7515650975549466
1.7500469871856386
1.7497711430004577
1.75128986708049
1.7505476988376456
1.7502816629864464
1.7518403193973566
1.7483002724176309
1.748621718206845
1.748084619134976
1.7485468064917893
1.7496121799755417
1.7498821030245355
1.7496203252249758
1.7508598350689684
1.749550271885437
1.7490529159652852
1.7513612392734779
1.750583463199296
1.748000896825659
1.7472721485418519
1.7484889499058804
1.7484842893297503
1.7471672567062089
1.7479296228510077
1.7484101243024237
1.746891356624767
1.748378202819899
1.7483226253682949
1.7508149850377996
1.7495193530156252
1.7497986643837893
1.7495100369064698
1.7507405648869006
1.749440109109307
1.7504746569058298
1.7497281656724486
1.7510331643260177
1.7489508245979437
1.7506662367237475
1.7491484586057693
1.7488726664017848
1.7503910610465936
1.7496490546884187
1.7493830757484
1.7509414037651851
1.7482700840816305
1.748591554765472
1.7480543752019035
1.74851654361322
1.7495820677638052
1.749852003059804
1.7495901988582874
1.7508297832536754
1.7495200636024677
1.7490226855054392
1.7513312025556085
1.750553308810249
1.7479705430473291
1.7472417698103744
1.7484585836207025
1.7484539056834358
1.747136778941847
1.7478991378616626
1.748379665570313
1.7468608000070682
1.7483476469678292
1.7482920638545476
1.75078483349769
1.7494890966812062
1.749768455005117
1.749479745926859
1.7507103143232865
1.749409736138623
1.750444386895667
1.7496978499838323
1.75100298816892
1.7489204151142883
1.7506358870829901
1.7491180598019882
1.7488421889706927
1.7503606573080903
1.749618622386658
1.7493526239237327
1.7509111081757207
1.7486075537929715
1.7489287949260863
1.748391999487441
1.748853838646688
1.7499186009909458
1.7501883436569239
1.7499267264861744
1.7511654260386653
1.7498566423816313
1.7493596192158933
1.7516664876270633
1.7508891501514194
1.7483082286405576
1.74757997535401
1.7487959214254178
1.7487912470663511
1.7474750607276381
1.7482368762013474
1.7487170609356162
1.74719927966385
1.748685066520704
1.7486295231163298
1.7511205097263622
1.7498256982115348
1.7501048567013346
1.7498163546088596
1.751046045068254
1.7497463958834907
1.7507803075138602
1.750034303507583
1.7513385092019678
1.7492574242465038
1.7509716722794548
1.7494549278679192
1.7491792548273761
1.750696639495023
1.7499551340298367
1.7496893254918524
1.7512466963885582
1.74981092527856
1.750132029166127
1.7495954536826344
1.750057082322963
1.751121406204974
1.7513910315389412
1.751129524661932
1.7523676898254599
1.7510594520478664
1.7505626451699658
1.7528685316172556
1.7520915123923886
1.7495116936917432
1.7487837591359126
1.7499991659820704
1.7499944895190949
1.748678867402666
1.749440341416314
1.7499203183559027
1.7484031902949146
1.7498883147782334
1.7498327947765064
1.7523227694842551
1.751028510084386
1.7513075554168027
1.7510191622902067
1.7522483141429546
1.7509492149813624
1.7519826903976898
1.7512370080377728
1.7525406658083478
1.7504604525832244
1.752173950617056
1.750657870708181
1.7503823016300304
1.7518990274272304
1.751157845731383
1.7508921510157596
1.7524488651242158
1.7485484655202002
1.7488690617292817
1.7483333891795305
1.7487943647875244
1.7498569102770898
1.7501261214720063
1.7498650366486443
1.7511012743155272
1.7497951821689741
1.7492991378300655
1.7516013575642009
1.7508256474434913
1.7482499066729802
1.747523078825441
1.7487366788464151
1.7487320336350398
1.7474184805118589
1.7481788436022638
1.7486580770534907
1.7471433199363624
1.748626256902633
1.7485708265853332
1.7510565600735417
1.7497643532005145
1.750042921810926
1.7497550677937965
1.7509823533294175
1.7496853385398417
1.7507171479366852
1.749972627502355
1.7512741701550183
1.7491973469584434
1.750908238340807
1.7493944594493618
1.7491194064271909
1.750633795828221
1.7498937454103587
1.7496284692589237
1.7511826722487056
1.7482434082918177
1.748564210369221
1.7480282078867408
1.748489499273112
1.7495527024560469
1.7498220896489802
1.7495608393850084
1.7507978786353344
1.7494909676696218
1.748994598898957
1.7512982915789128
1.7505221040820371
1.7479447090962024
1.7472174031525871
1.7484318120114362
1.748427169955924
1.7471127704993155
1.7478736457798134
1.748353190923061
1.746837453989766
1.748321384516339
1.7482659190950682
1.7507531704367023
1.7494601353912385
1.749738873737724
1.7494508562717752
1.7506789497173663
1.7493811098930345
1.7504135736109405
1.7496685707070703
1.750970935245448
1.7488928044533627
1.7506048208344047
1.7490900451889695
1.7488148362232099
1.75033021392991
1.7495896778580384
1.7493242309730619
1.7508794191452195
1.75022497790338
1.7505457906097637
1.7500097873306912
1.7504711178730985
1.7515343265586372
1.7518037264525705
1.75154247020532
1.7527795597934335
1.7514726295328749
1.7509762371897848
1.753279999667532
1.7525038115015104
1.7499263308498565
1.749198987077893
1.7504134718420095
1.7504088370465392
1.7490943906038061
1.7498553199933065
1.7503348858028625
1.7488190900421863
1.7503031196185377
1.7502476529515407
1.752734892089062
1.7514418161440788
1.7517205526818722
1.7514325515114173
1.752660709581607
1.7513628362166274
1.7523953241824313
1.751650291302988
1.75295268221733
1.7508745139963167
1.752586618940068
1.7510717632844426
1.7507965701752488
1.7523120172354802
1.7515714440235113
1.7513059878743433
1.7528612120706566
1.7503937127590505
1.7507144106900707
1.75017859947346
1.750639765389833
1.7517025931722077
1.75197189675113
1.7517107340192635
1.7529473811859277
1.7516409189224569
1.7511447040450119
1.7534476422032592
1.7526717321720955
1.7500951736464712
1.7493680898497102
1.750582140744367
1.7505775077379966
1.7492635314967016
1.750024189163149
1.750503583485514
1.7489883298705773
1.750471829394975
1.750416382582431
1.7529027302033984
1.7516101169092428
1.7518887535299814
1.7516008558524174
1.7528285749540902
1.7515311660890613
1.7525632844915273
1.7518185180648633
1.7531204427338538
1.7510430185624244
1.7527545115383005
1.7512401973174077
1.7509651031035907
1.7524800083289467
1.7517396998451
1.7514743386584029
1.7530290061770752
1.7506361691684733
1.7509567098082055
1.7504210938404285
1.7508819385066203
1.7519443633754168
1.7522135198353308
1.7519524745519608
1.7531884779460307
1.751882560859028
1.7513866177369286
1.7536884523845118
1.7529128231647868
1.7503375294284682
1.7496108569203062
1.7508241703244316
1.7508195100669974
1.749506191971635
1.7502663614790188
1.7507455016489604
1.749231025489289
1.7507135987626188
1.7506581767874325
1.753143681708295
1.7518516946630478
1.7521302386014959
1.751842379234849
1.7530694008696122
1.7517725906671244
1.7528042425146617
1.7520598624430668
1.7533612153628495
1.7512846849567159
1.7529952117138812
1.7514817589684812
1.7512067002237774
1.7527207862001326
1.7519808910048011
1.7517156618373388
1.7532696285817457
1.7514327976828854
1.751753475568165
1.7512176396452355
1.751678694830345
1.7527415581613879
1.7530108319533133
1.752749676376203
1.7539862141592357
1.7526797511927932
1.752183591782856
1.7544864083943195
1.7537104609238172
1.7511340643772828
1.7504070731384034
1.751620925767779
1.7516162676142542
1.7503023852966062
1.7510628962640522
1.7515422442286739
1.7500271148582252
1.7515103505050893
1.7514549051272563
1.7539414219504024
1.7526488827901963
1.7529275398860273
1.7526395715535017
1.7538671317949108
1.752569771569253
1.7536018596308316
1.7528571579128767
1.7541590587564693
1.7520816566199957
1.7537929333762805
1.7522788161282195
1.7520036534211232
1.7535183982679254
1.7527781793032549
1.7525128363134312
1.7540674598460886
1.7514998467957617
1.7518204785284517
1.7512847246904082
1.7517457205089413
1.7528084221679434
1.7530776583108647
1.7528165411022678
1.7540529036583326
1.7527466357492574
1.752250545661047
1.7545530289349511
1.753777200473918
1.751201174648304
1.7504742840192695
1.7516879723918104
1.7516833170793398
1.750369622851987
1.7511300328264119
1.751609313201182
1.7500943993710838
1.7515774361527616
1.7515219989280586
1.7540081301857922
1.7527157776189355
1.7529943913764023
1.752706472053828
1.7539338626300442
1.7526366918927507
1.7536686284980132
1.7529240324096564
1.7542257409698028
1.7521486470177428
1.7538596868057124
1.7523457787410543
1.752070662948138
1.7535851953952883
1.7528450792740702
1.752579774335537
1.7541341695846786
1.7517194245228296
1.7520399071687687
1.751504400381975
1.7519651789447444
1.7530273900850215
1.753296500579929
1.7530355044601507
1.7542712909975262
1.752965627555398
1.7524697690047923
1.7547711824682264
1.753995711704745
1.7514208837077152
1.7506943327365625
1.7519074524333307
1.7519027983839839
1.7505897154136403
1.7513497682999957
1.7518288252389047
1.7503146168572405
1.7517969579935817
1.7517415464739936
1.7542265332396012
1.7529347813523126
1.7532132669033782
1.7529254783151649
1.754152295271203
1.7528557265396527
1.753887184528067
1.7531429353040795
1.7544440406379223
1.7523679086680306
1.7540781489883452
1.752564948484085
1.7522899575771431
1.7538037834718065
1.7530640130210462
1.7527988315005734
1.7543525058750113
1.7512478565857357
1.7515686610875811
1.7510326060060928
1.751493832554083
1.7525571288447692
1.752826507267706
1.7525652473801343
1.753802269214343
1.7524952796633058
1.7519989275379562
1.7543026563155089
1.7535263912633747
1.7509489775724434
1.7502217054311948
1.751436021380553
1.7514313580708962
1.7501169585170866
1.7508777568355927
1.7513572919285856
1.749841568174741
1.7513253671453615
1.7512698996106066
1.7537574405401497
1.752464390164506
1.7527431622264111
1.752455068632512
1.7536831028559703
1.7523852261477886
1.7534177261755117
1.7526727327867686
1.753975155178207
1.7518969187403206
1.7536088569330166
1.752094155192485
1.75181887266643
1.753334207030148
1.7525937014362358
1.7523282538882425
1.7538834981849938
1.7490282788586682
1.7493492324472641
1.7488129303145257
1.7492743741182806
1.7503381609276911
1.7506076649986424
1.750346284022252
1.7515838818751497
1.750276287857165
1.7497797041942118
1.7520845027822336
1.7513078800325474
1.7487292685130327
1.748001656713902
1.7492165413390326
1.7492118767662528
1.747896865955434
1.748658021362009
1.7491377798908634
1.7476213506885843
1.7491058453045423
1.7490503520646719
1.7515390374863409
1.7502453864311291
1.750524286699435
1.7502360623711757
1.7514646702148113
1.750166191500887
1.7511991701454583
1.7504538298923462
1.7517568555100878
1.749677657090033
1.7513903947503833
1.7498749854494542
1.7495995780374254
1.7511156189536299
1.7503747676892605
1.750109196723206
1.7516651618946608
1.7489103868743945
1.7492314209269673
1.7486949817205555
1.7491565375206153
1.750220595617628
1.7504901666705868
1.7502287197522473
1.7514666264293537
1.7501587008841422
1.7496619938275029
1.7519673712440542
1.7511905499222047
1.7486112919792147
1.7478834998875599
1.749098683575838
1.7490940166879807
1.7477786767312955
1.748540018495908
1.7490198965632835
1.747503088517959
1.7489879475924868
1.7489324403488253
1.751421764311478
1.7501277886341775
1.7504067605301936
1.7501184599505124
1.751347372111003
1.7500485664029213
1.7510818055573194
1.7503362792630188
1.751639634145159
1.7495599096081054
1.7512730717365512
1.7497572871265545
1.749481806809747
1.750998224843215
1.7502571897930574
1.7499915523201235
1.751547909972157
1.750012072617189
1.750333038046987
1.7497967088181514
1.7502581593587523
1.7513219982246422
1.7515915106115951
1.7513301188401265
1.7525677583227508
1.7512601057172592
1.7507635068045384
1.7530683932391498
1.7522917310426898
1.7497130245048078
1.7489853917785114
1.7502003058541644
1.750195637914353
1.74888058006881
1.749641751103391
1.7501215252734268
1.748605043833491
1.7500895717212512
1.7500340761789135
1.7525228941904243
1.7512291945706029
1.7515081098879275
1.751219863791186
1.7524485066483537
1.7511499759518565
1.7521829969992344
1.751437631528113
1.7527407124483487
1.7506614237764662
1.7523742109053515
1.7508587585466848
1.7505833302110745
1.752099418809319
1.7513585456438312
1.7510929650820768
1.7526489943399859
1.7498617681499566
1.7501828377261368
1.7496463172314323
1.7501078932420315
1.7511721075084816
1.7514417035094454
1.7511802242058716
1.7524182557721586
1.7511101544644254
1.7506134016584838
1.7529190426148034
1.752142102952631
1.7495625599545392
1.7488347050813882
1.7500499771212337
1.7500453001322804
1.7487298190714233
1.7494912077200553
1.7499711327109742
1.7484541679526802
1.7499391268426152
1.74988361269155
1.7523733344237282
1.7510792130525985
1.75135823009567
1.7510698642105436
1.7522988814116296
1.7509999197558304
1.7520332861186467
1.75128768417032
1.752591204959943
1.7505112096674043
1.7522245202014564
1.7507086064182464
1.7504330633306937
1.7519496244102823
1.7512085236567696
1.750942857396736
1.7524994073081301
1.750282493215653
1.7506032752473148
1.7500672480585169
1.7505284287136238
1.751591667445227
1.7518610248511635
1.7515997817419484
1.7528367116086434
1.751529799939959
1.751033486636802
1.7533370577699732
1.7525608328337594
1.7499835998270148
1.7492563864412805
1.7504705970348484
1.7504659298321823
1.7491516242992198
1.7499123528807168
1.7503918516662214
1.7488762389774142
1.7503599056264534
1.7503044416398923
1.7527918621837064
1.7514989012721924
1.7517776600937702
1.7514895719728598
1.7527175065581877
1.7514197153732263
1.7524521487502451
1.7517072105550833
1.7530095512680628
1.7509314425109335
1.7526432426723844
1.7511286639997812
1.7508533865407427
1.7523686038688886
1.7516281573161934
1.7513627286280906
1.752917872814233
1.751131253000691
1.7514514432532255
1.7509165349703564
1.7513770478543937
1.752438097244323
1.7527069866841958
1.7524462460059762
1.7536809656759955
1.7523766490435655
1.7518811967051127
1.7541804681502053
1.7534058672231982
1.7508333866277086
1.750107409539239
1.7513196536087117
1.7513150518539424
1.7500031446058941
1.7507626913490988
1.7512413421831028
1.749728459512025
1.751209771519375
1.7511544143912587
1.753636520792685
1.7523459600253721
1.7526241199241044
1.752336761356007
1.7535626141405531
1.752267289647541
1.7532977420305234
1.7525541375294458
1.7538539470805246
1.7517799129376435
1.7534887992620516
1.7519767860585886
1.7517022079007516
1.753214776729937
1.7524755995240762
1.7522106569015667
1.753762813301565
1.7492882299087988
1.7496083196516168
1.7490735237361026
1.749533813892572
1.7505946275435664
1.7508634202144346
1.7506027526329198
1.7518370540950998
1.7505330682869242
1.7500377948096657
1.7523363658794449
1.7515619260852626
1.748990253892338
1.7482645496542737
1.7494762963953179
1.7494716718084713
1.748160187629937
1.7489194013161027
1.7493978862538422
1.7478855066702979
1.7493661903415443
1.74931084865193
1.751792485714552
1.7505023237032773
1.7507804324493925
1.7504930794777547
1.7517184690851824
1.7504235202256986
1.751453681757966
1.750710328006787
1.7520097844680687
1.749936298477142
1.7516445441138633
1.7501331031923004
1.7498585294459625
1.7513705607793304
1.7506316568784324
1.7503667989596778
1.7519185188930824
1.7519993789218964
1.7523196626918323
1.7517845639396874
1.752245163137687
1.753306582425572
1.7535755427784554
1.7533147205514092
1.7545497819673053
1.753245035927478
1.7527494532682302
1.7550494094372402
1.754274531713666
1.7517013003237853
1.7509751389168104
1.7521876650452075
1.7521830469812563
1.7508707635040175
1.7516304737522703
1.7521092547408486
1.7505959475787947
1.752077591538541
1.752022217047423
1.7545052393736293
1.7532142977545275
1.7534925611876981
1.7532050665357233
1.754431229039589
1.7531355071279218
1.754166280578446
1.7534224695757343
1.7547226926202364
1.7526479892856286
1.7543573104524932
1.752844915834677
1.7525702070683327
1.7540831790253308
1.7533438113715423
1.7530787923149451
1.7546314333442723
1.7496603362500573
1.7499801739719645
1.7494457900740643
1.7499057050855813
1.7509656993711655
1.7512342783950117
1.7509738146226201
1.7522071392743892
1.7509041673427412
1.7504092876189652
1.7527060524053644
1.7519322089968175
1.7493625617401376
1.7486374362079944
1.7498482098543282
1.7498435849526726
1.7485331351978612
1.749291735700912
1.74976984135678
1.748258657129753
1.7497381483755112
1.7496828499429975
1.7521625835867805
1.7508734363412926
1.751151332012969
1.7508641915001026
1.7520886035323664
1.7507946691960043
1.751824024950892
1.7510812592988523
1.7523797015909728
1.7503078313799703
1.7520147150496967
1.7505044800655274
1.750230109176958
1.7517409398050043
1.7510026244015682
1.750737975267645
1.752288481735158
1.7488881593784993
1.749208527249076
1.748673212524744
1.7491338264614786
1.7501956566985917
1.7504646708784892
1.750203768274094
1.7514391123900204
1.7501339169449797
1.7496382358600198
1.7519388250039538
1.7511636323753297
1.7485897265043293
1.7478634355083804
1.7490761213356891
1.7490714690754412
1.7477588563065356
1.7485186374698376
1.7489975229215557
1.7474838566856317
1.748965667770019
1.7489102761048843
1.7513943713539377
1.7501030821174772
1.7503814677514868
1.7500937826561653
1.7513201606436863
1.7500240564120864
1.7510551448371634
1.7503111620659546
1.7516118011544453
1.7495364132341378
1.7512460415865772
1.7497333825170502
1.7494584905054846
1.7509717745652729
1.750232268842635
1.7499671822846328
1.7515202999814299
1.7519898451212939
1.752310144369096
1.7517749396223408
1.752235448299616
1.7532970593056063
1.7535660148194978
1.7533051673619726
1.7545402442834186
1.7532353217780976
1.7527397488370557
1.7550398469990502
1.754264813495815
1.7516914590299217
1.7509653273993324
1.7521777436140151
1.7521730903018136
1.7508607596440504
1.7516203700773216
1.7520991516316995
1.7505858120011641
1.7520672918987839
1.752011911934973
1.7544955012328838
1.7532044880539024
1.7534828171092212
1.7531951864968387
1.754421295181037
1.7531254659610223
1.7541563362790777
1.7534125143310495
1.7547128794576359
1.7526379274024984
1.754347180755378
1.7528348539371814
1.7525600139068116
1.7540729685313767
1.7533336246934086
1.7530685950465867
1.7546213843492586
1.7507378549112673
1.7510583269282258
1.7505228209380252
1.7509835603447577
1.7520457659824311
1.7523148637763395
1.7520538736398394
1.7532896098394282
1.7519839656921457
1.7514881307139651
1.7537894743796076
1.753014004285272
1.7504392619540607
1.7497127488112578
1.7509257926027582
1.75092113129337
1.7496080953091493
1.750368094086502
1.7508471303591038
1.749332980804821
1.7508152228913834
1.7507598126175212
1.7532448115872414
1.7519531005994733
1.75223158795923
1.7519437830755233
1.7531705354069627
1.75187400021606
1.7529054339565768
1.7521612147081613
1.7534622936660398
1.7513861991250763
1.7530963508826818
1.751583230388612
1.751308223625104
1.7528219801662366
1.7520822468555743
1.7518170745992923
1.7533707129495746
1.7508903835254583
1.7512107526082563
1.75067541158442
1.751135993101964
1.7521978698929528
1.7524668796878522
1.752205972271657
1.7534413076795246
1.7521360729418218
1.7516404001795198
1.7539410073722517
1.753165775965999
1.7505918607424498
1.7498655866476844
1.7510782260202475
1.7510735631329273
1.7497609503154208
1.7505206929977273
1.7509995734243184
1.7494859137781191
1.7509676590845304
1.7509122663626537
1.7533965064056614
1.7521052095041112
1.752383611995831
1.752095888836534
1.7533222372129884
1.7520261145394638
1.7530572211194488
1.7523132431058042
1.7536139111208253
1.7515384703776167
1.7532480596358828
1.7517354375188086
1.7514605087270945
1.752973771115392
1.7522342806317344
1.7519691937422233
1.7535223395013175
1.7490336489266238
1.7493559549249516
1.7488174285343707
1.7492808667960407
1.7503490737765839
1.7506197213806536
1.7503572446216185
1.7516000769805067
1.7502870234651524
1.7497883323913312
1.7521028290713725
1.7513229863745738
1.7487335087319924
1.7480028021835676
1.7492228807959187
1.7492182121150737
1.7478976530050487
1.7486620763132448
1.7491438664311576
1.747621029365591
1.749111883839362
1.7490561580077284
1.7515551316544173
1.7502560335835746
1.7505360859008012
1.750246701258784
1.7514805363086237
1.7501766060023638
1.7512139164464646
1.7504654244384588
1.7517739054688992
1.7496860117803978
1.7514060332123516
1.749884175857649
1.749607660328417
1.7511301295705353
1.75038613013195
1.750119439139158
1.7516819282071021
1.7488811203124328
1.7492035292449208
1.748664837887976
1.749128434038835
1.7501969698660624
1.7504677054691402
1.750205145989801
1.751448379140411
1.7501349162154762
1.7496360629257774
1.7519512960787285
1.7511712146938467
1.7485809099436034
1.7478499643471412
1.7490704473784293
1.749065780275516
1.7477447979987772
1.7485094774020196
1.7489914233659425
1.7474680963922926
1.7489594476462154
1.748903704262596
1.7514034368359979
1.750103924678937
1.7503840618642
1.7500945954977734
1.7513288345025981
1.7500244916789605
1.751062129283592
1.7503133960408166
1.7516222880141132
1.7495337405278575
1.751254324459151
1.749731968727453
1.7494553752264264
1.75097833862138
1.7502340963557899
1.749967319996227
1.7515303016553592
1.749916408128811
1.7502381202045814
1.7497005294199914
1.7501630338202239
1.7512293718336156
1.7514995080756368
1.7512375060482754
1.752478016916288
1.751167302683398
1.7506695544053117
1.7529798079410701
1.7522013184792207
1.7496166134458757
1.748887299331349
1.7501050103311193
1.7501003254486198
1.7487822112694311
1.7495451292633601
1.750026015587574
1.7485060134951935
1.7499939538316636
1.7499383287070076
1.752433013973102
1.7511363032903506
1.7514158764973917
1.751126938664869
1.752358420011862
1.7510568608447248
1.7520922931312506
1.7513451980958488
1.752651324074134
1.7505671726685066
1.7522839180414937
1.7507649648332886
1.750488875287658
1.7520084749768465
1.7512658886980503
1.7509996907144842
1.7525593524082084
1.7474610464331966
1.74778306852367
1.747244956540483
1.7477079021890904
1.7487752732964117
1.7490456691504612
1.7487834141503844
1.7500251186855031
1.7487131369312114
1.7482149103281488
1.7505273913314356
1.749748147027708
1.7471609513188295
1.7464309369613715
1.7476498147632094
1.7476451239874327
1.7463257402595018
1.7470893880575746
1.747570736894692
1.7460492716677867
1.7475386365667338
1.7474829577293793
1.749980064569567
1.7486821039630709
1.7489619486319323
1.748672727562206
1.7499053911630866
1.7486025760018915
1.7496390079249193
1.748891193942771
1.750198581676157
1.7481124160543637
1.7498308098311965
1.7483103984444572
1.7480340382032966
1.749555098679499
1.7488117991586694
1.7485453447432824
1.7501065122728667
1.7483387061550055
1.7486608062850124
1.7481226098271605
1.7485857323104537
1.7496532815976265
1.7499237532036795
1.7496614418852547
1.7509034726606993
1.7495912379645049
1.74909287132244
1.7514058950566607
1.7506265297360286
1.7480387063087703
1.747308477856422
1.748527747630898
1.7485230757941892
1.7472033630175918
1.7479672741356946
1.748448752561587
1.7469268953121866
1.7484167562256563
1.7483610654979937
1.7508585212912562
1.7495602513928514
1.749840133974003
1.7495509127808055
1.7507839399206748
1.7494808346491717
1.7505174907722092
1.7497694812337443
1.7510771403784693
1.7489905542854784
1.750709450718753
1.7491885901180417
1.748912230532398
1.7504337114688466
1.74969019768427
1.7494236774250194
1.7509851813105877
1.7493939973203205
1.7497160655633834
1.7491778714953106
1.7496408765104938
1.7507084092898557
1.75097884279291
1.75071654942432
1.7519584291864059
1.7506462523747468
1.7501479564499574
1.7524607707908042
1.7516814074776081
1.7490938410478076
1.7483637260805054
1.7495827681391782
1.7495780745223466
1.7482585027041206
1.7490222514952152
1.7495036679221836
1.7479819871549276
1.7494715509190608
1.749415863928577
1.7519133563341769
1.750615209134331
1.7508950971415573
1.7506058270618794
1.7518386603279543
1.750535655678393
1.7515722390577382
1.7508243194459905
1.7521318994628232
1.750045425656617
1.7517640564017647
1.7502434358316228
1.749967028676282
1.7514883015521359
1.7507448991878534
1.750478406721176
1.7520398025342765
1.750678400013305
1.751000271804807
1.7504624331723742
1.750925193984408
1.7519920280191283
1.7522623026101625
1.7520001735107045
1.7532413107351927
1.7519299727405107
1.7514319693523945
1.7537433624964134
1.752964514667867
1.7503785261401195
1.7496488345393615
1.7508671901201718
1.750862511234591
1.7495437388122692
1.7503070680032693
1.7507881984296523
1.749267432061456
1.7507561670930425
1.7507005150175445
1.7531963325716524
1.7518989803098144
1.7521786799145644
1.7518896276431741
1.753121747234944
1.751819552521416
1.7528554876726874
1.7521080157973443
1.7534147713778963
1.7513296205611726
1.753047253964524
1.7515275131857309
1.7512513146106918
1.7527716902058983
1.7520287211165464
1.7517623904507287
1.7533228090433124
1.7496459875303467
1.7499678830042535
1.7494299901796262
1.7498927644653521
1.750959702613031
1.751229993836068
1.7509678431464533
1.7522090636303955
1.7508976084606989
1.7503995745730485
1.7527111434102467
1.7519322166881512
1.7493460381236687
1.7486163046685799
1.7498347191504353
1.7498300335307901
1.7485111670390212
1.7492745274860344
1.7497556891947792
1.7482348183512704
1.7497236199264616
1.7496679632460284
1.7521640459798191
1.7508665965887613
1.751146326291548
1.7508572304831953
1.7520894201020283
1.7507871214233555
1.7518231413802396
1.7510756190688785
1.7523824852544194
1.7502971539340388
1.7520148862744607
1.7504950593801918
1.750218818957989
1.7517392899172763
1.750996277025688
1.7507299271684706
1.7522904739339609
1.7491582133517738
1.749480442522789
1.7489419743073689
1.7494052033151632
1.7504732786697292
1.7507438461367981
1.7504814208843118
1.7517239182948146
1.7504110784287006
1.7499125357165393
1.752226507714445
1.751446747256923
1.748857887980172
1.7481274124278217
1.749347052612789
1.7493423543658027
1.748022124255844
1.748786245763014
1.7492679012670242
1.747745462813678
1.7492357554949507
1.7491800404968836
1.7516788099844511
1.7503800135404282
1.7506600448030734
1.7503706222205526
1.7516040641203374
1.7503004054824607
1.75133750988146
1.7505892181873346
1.7518974567329655
1.749809930692762
1.7515294103741001
1.7500080391858226
1.7497314862209257
1.7512535133313072
1.7505097433954482
1.7502431179150106
1.7518052986892683
1.748361584837361
1.74868367676283
1.748145428502562
1.7486084469914382
1.7496760838837577
1.7499465340188156
1.749684219060069
1.7509261820816096
1.7496138880949357
1.749115561670612
1.751428551704637
1.7506491094978924
1.7480613530313573
1.7473311962097242
1.748550297169442
1.7485455968185468
1.7472259309308726
1.7479897109779805
1.7484711586873107
1.7469493734447414
1.74843900375248
1.74838331215706
1.7508810697423436
1.7495828254132793
1.7498627435185419
1.7495734299019001
1.7508063331950388
1.7495032245803326
1.7505398927652898
1.749791922717525
1.7510996133393457
1.7490129590294825
1.7507316887117013
1.7492109820260844
1.7489345330235797
1.7504559012635144
1.7497124550969947
1.7494459434389182
1.7510074674249254
1.7484470643386765
1.7487690994825733
1.7482309341037845
1.7486938540700483
1.7497613237877239
1.7500317235727778
1.7497694529658223
1.7510111904226084
1.7496991107881474
1.7492008772579757
1.7515134641566497
1.7507341416285191
1.7481468415487247
1.747416823165285
1.7486356839629003
1.7486309791930184
1.747311548381763
1.7480751733268465
1.7485565327800174
1.747035021905181
1.7485243542979547
1.7484686721013905
1.7509660563253737
1.749668039489178
1.749947916064768
1.7496586351625847
1.7508913041659313
1.749588418580238
1.7506249110609806
1.7498770766183873
1.7511845485807975
1.7490982398842756
1.7508166440354702
1.7492962265434462
1.7490198085985558
1.750540895085307
1.7497975889023385
1.7495311245597438
1.7510923842380783
1.7495589350685332
1.749880211725256
1.7493433349983183
1.7498051943681046
1.7508701128817994
1.7511398804957825
1.7508782309397986
1.7521170553814698
1.7508080959619143
1.750311027046875
1.7526181589978134
1.7518407031818455
1.7492594966158816
1.748531180547838
1.7497472149708138
1.749742530510651
1.748426203067766
1.749188065425495
1.7496682970833066
1.7481503590985716
1.7496362457708328
1.7495806954590545
1.752072079838613
1.7507771226299558
1.7510563262668115
1.750767758868891
1.7519975543688802
1.7506977492364002
1.751731788075188
1.7509857084148845
1.7522900800167518
1.7502087243058022
1.7519231207443597
1.7504062471596122
1.7501305113483225
1.7516480390620903
1.7509064678935484
1.7506406305684652
1.7521981937245314
1.7493555635829452
1.7496769774852157
1.7491398808031255
1.7496019506918299
1.7506673076677706
1.7509371926137656
1.7506754327640413
1.7519147915946747
1.7506052862956796
1.7501080010928027
1.7524161150076212
1.7516383409408758
1.7490560315646966
1.7483273967659354
1.7495439704141609
1.7495392880579077
1.7482223963927368
1.7489846002105278
1.7494650396630202
1.7479464484675076
1.7494329975133034
1.7493774237988773
1.7518698200807201
1.7505743107571052
1.750853627551343
1.750564951187543
1.7517952852941794
1.7504949301385284
1.7515294051913584
1.7507830038846943
1.7520879234103715
1.7500056959690817
1.7517208424067592
1.7502033043193501
1.7499274645456686
1.751445651129883
1.750703756192002
1.750437805044558
1.7519960249888742
1.7492723082285893
1.7495937801246522
1.7490565742615791
1.7495187102537053
1.7505842809581658
1.7508542118691668
1.750592402855851
1.751831978543179
1.7505222195993093
1.7500248498249387
1.7523333849239064
1.7515554524009178
1.7489726772854501
1.7482439209496785
1.7494606883052615
1.7494559997409214
1.7481388729507314
1.7489011933895513
1.7493817160730756
1.7478628570995554
1.7493496382823404
1.7492940541123165
1.7517869685494136
1.7504912240678399
1.750770599249461
1.7504818521072272
1.7517123908925887
1.7504117942660002
1.751446463177953
1.7506999310236813
1.7520050981352988
1.7499224722577675
1.7516379051322954
1.7501201148037466
1.7498442071923028
1.7513626538582094
1.7506206341757569
1.7503546353813233
1.7519131476956085
1.7481521920973573
1.7484737432451751
1.747936426607933
1.7483987070155549
1.7494645024537416
1.7497345047317483
1.7494726345882836
1.7507125278078797
1.7494024766294445
1.7489049751387302
1.7512140710174289
1.7504359786999066
1.7478525665135112
1.747123612984033
1.748340725857508
1.7483360456051638
1.7470185897177082
1.7477811349955619
1.748261782242734
1.7467425378364434
1.7482297492557743
1.748174152138701
1.7506675603228274
1.749371498884255
1.7496509288358755
1.7493621435061961
1.7505930162194785
1.7492921110406572
1.7503270223075285
1.7495802993545047
1.7508857668039912
1.7488026676323611
1.750518564069158
1.7490003614790883
1.7487244177430143
1.7502432631976759
1.7495010444904555
1.7492349795206503
1.7507938562532168
1.749018093871605
1.7493397373246016
1.7488022565175878
1.7492646556583613
1.7503307744406298
1.7506008520166458
1.7503389051361544
1.7515791488096857
1.7502687075165158
1.749771067382348
1.7520808299361657
1.7513024995997055
1.7487183459714686
1.7479891912223002
1.7492066326094458
1.7492019466749915
1.7478841146069453
1.7486468618708433
1.749127644297717
1.7476079688107256
1.7490955779604282
1.749039964537096
1.751534143852048
1.750237709226777
1.7505172258551258
1.7502283425055432
1.7514595545492124
1.750158270393661
1.7511934845731651
1.7504465503609439
1.7517524023773234
1.7496686868368667
1.7513850572102938
1.7498664362534193
1.749590398688985
1.7511096689429502
1.750367244548824
1.750101103476438
1.751660436776037
1.749119779614399
1.7494413544446217
1.7489039836151843
1.749366277496499
1.7504321770476439
1.7507021959576539
1.7504403042240333
1.7516802807030827
1.750370112349633
1.7498725803593844
1.752181851931262
1.7514036807201903
1.7488200784970611
1.7480910831132517
1.7493082548877719
1.749303567901364
1.7479860179444602
1.7487485944783265
1.7492292730078605
1.7477099241262575
1.749197202089193
1.7491416003671842
1.7516352737309946
1.7503391151632017
1.7506185752128596
1.7503297463462169
1.7515606890865631
1.7502596799425962
1.7512946760150803
1.7505479026260389
1.7518534806805137
1.749770201005227
1.7514861963790946
1.74996790767355
1.7496919220903124
1.7512108629090537
1.7504686003995973
1.7502025162383918
1.7517615211438655
