1.7533778481171263
1.7533959346351569
1.7534116343263284
1.7529645543002306
1.7531919077320983
1.753542678519205
1.7536475073114783
1.752987661419044
1.7528648539125962
1.7528517978989273
1.7527255673211952
1.7533190601608695
1.7534835274820968
1.7491009803118232
1.748960775917575
1.751416776053699
1.7510060481364942
1.750848335876592
1.7507876850269137
1.7505885440728635
1.7506736067246
1.750430590211474
1.7505072396994832
1.7505753145774674
1.753036201158507
1.752757500919951
1.7523390610613863
1.751482150503491
1.7518549959427703
1.751544099921593
1.752218388316969
1.7523068687501469
1.7514801768151582
1.7516600480227162
1.7516932966459504
1.7517476885816077
1.7518576195189086
1.750625294317459
1.751691447375962
1.751363243768771
1.7514028752162705
1.7487640248528953
1.7498367853542478
1.750007105952459
1.7496454931084306
1.7494295989527509
1.7492380368029223
1.7499204476604873
1.7495212718208053
1.7492779118606132
1.7497695449348776
1.7494009155656673
1.7490879728231232
1.7491371153389528
1.7501758580321607
1.750459132334536
1.7503497000431834
1.7500135359751379
1.7501055673643828
1.7503906646964822
1.7503205208756207
1.7497277113427194
1.749881038300725
1.749641674735577
1.7495693463155413
1.7493222334372465
1.7491137691845984
1.752678194014152
1.7526966430402389
1.7481339085073528
1.7539395157368147
1.753957529800948
1.7539733500941737
1.7535259364227842
1.7537533197353556
1.754104265129518
1.7542091597965186
1.7535487880796112
1.7534259142433712
1.753412748115041
1.7532863256021873
1.7538802412916394
1.7540448754667106
1.7496582153728055
1.749517746642383
1.7519766786533673
1.7515655945238142
1.7514076933475127
1.7513468746052478
1.751147522201649
1.7512327182122727
1.750989379007847
1.7510660427686044
1.7511341856403757
1.753597140871693
1.753318476884023
1.7528996975911455
1.7520420364736389
1.7524149571912588
1.7521038431206888
1.7527786538928607
1.7528672501765803
1.752039622312079
1.7522195640922147
1.7522527169843938
1.7523074261064324
1.7524178455449841
1.7511841299282964
1.7522509680631295
1.7519224518018668
1.7519620258826092
1.749320731841127
1.7503951037856107
1.750565509886251
1.7502035412933
1.7499874156847148
1.7497955827830152
1.7504786836319766
1.7500790753498852
1.749835391877265
1.7503274905333024
1.7499584241719666
1.7496452703008685
1.7496946080316869
1.7507340821190622
1.7510176595249867
1.7509081327704206
1.7505714012530766
1.7506636387981107
1.7509489050150346
1.7508786086640504
1.7502851921759621
1.7504387170581859
1.7501992027471636
1.7501266368169515
1.7498795188774319
1.7496707219145862
1.7532386792919945
1.7532570189723653
1.7486903267939928
1.7549332551963328
1.7549512369645284
1.7549670149587513
1.7545205647808115
1.7547474689957003
1.7550976652268784
1.7552023349400032
1.7545433878404408
1.7544207766959705
1.75440764650738
1.7542815036293997
1.7548741418534848
1.7550384181586276
1.7506612682905687
1.7505211141275512
1.752974667821435
1.752564472707018
1.7524069169500172
1.7523462384486375
1.7521473200947197
1.752232327356035
1.7519895228592135
1.7520660247715008
1.7521340195999724
1.7545916533750838
1.7543135710214959
1.7538956956118454
1.7530398898400927
1.7534120228246977
1.753101577674429
1.7537749338104274
1.7538633355386506
1.7530375140603847
1.753217073152672
1.7532501637626
1.7533047341628245
1.753414885092498
1.7521838618332592
1.7532484109181474
1.7529206072269805
1.752960102657796
1.7503245324290793
1.7513965294505542
1.7515665717309228
1.751205389119623
1.750989734248342
1.7507983241133163
1.7514799402622272
1.7510812026960383
1.7508380547150886
1.7513290861901822
1.7509608268405423
1.7506483456438175
1.7506975651433896
1.75173480406131
1.7520177638592394
1.7519084739348842
1.7515724914893105
1.751664520011831
1.7519491752320688
1.751879037835043
1.751286911691952
1.7514400996508561
1.7512010990197355
1.7511287032311742
1.750882103896669
1.7506737699620027
1.7542339778876506
1.754252287379894
1.7496954712203157
1.7536262829820053
1.7536443614260517
1.753660050542473
1.7532132113897376
1.7534404450471848
1.7537910285435452
1.75389580109735
1.7532363113592517
1.753113569525746
1.7531005224970118
1.752974361827998
1.753567535301331
1.7537319131550764
1.749351743541264
1.7492116177888672
1.751666273345716
1.7512557676822955
1.751098141777218
1.7510375259877613
1.7508384935461312
1.7509235090105408
1.7506806261743157
1.7507572352002074
1.750825273067367
1.7532848292843548
1.7530062744543196
1.7525880605665611
1.751731613845105
1.7521042623511296
1.7517935335600279
1.752467458296361
1.7525558900906646
1.7517296497522343
1.751909425287831
1.751942658340502
1.7519970155957056
1.7521068794057872
1.7508752272936998
1.7519408080897168
1.7516127826250498
1.7516523944100666
1.7490149749998833
1.7500871417704837
1.7502573714136267
1.7498959550650113
1.7496801785936573
1.7494887221354978
1.75017076181805
1.7497718036573435
1.749528577570069
1.750019943849098
1.7496515162328117
1.7493387416588604
1.7493878546168786
1.7504260385177226
1.7507091584180987
1.7505997853342992
1.7502638085341966
1.750355787667813
1.750640732250741
1.750570628168369
1.7499781412217172
1.7501313839488926
1.74989214880372
1.749819862919097
1.7495728796920555
1.7493645311964527
1.7529270186630659
1.7529454601421208
1.7483851946139333
1.7546033360047617
1.75462139661612
1.754637108554481
1.7541902667272862
1.7544174725664787
1.754768039966995
1.7548728105686786
1.7542133099122892
1.7540905726289546
1.7540775045713461
1.753951322747297
1.7545444955837703
1.7547088836297728
1.7503285119770287
1.7501883520502663
1.7526432517005068
1.7522327332069498
1.7520750914925944
1.7520144497433605
1.7518154029946613
1.751900433553882
1.7516575197629218
1.7517341202866539
1.7518021621493896
1.7542617815445656
1.7539832760278686
1.7535650539672738
1.7527085789363113
1.753081187306766
1.7527704595708158
1.7534443923424494
1.7535328350650483
1.752706523197882
1.752886286521327
1.752919494611469
1.7529739099264814
1.753083859236197
1.7518521014892336
1.7529176655837533
1.7525896240196492
1.7526292178939382
1.7499916836822154
1.7510640261247001
1.75123424810263
1.750872811663649
1.7506570192193371
1.750465534940539
1.7511476164283866
1.750748627795443
1.7505053706334819
1.7509967604528232
1.7506282968390592
1.750315525071445
1.7503646714161574
1.7514028523893623
1.7516859931256419
1.7515766167161688
1.7512405718249142
1.7513325802045914
1.7516175173345043
1.7515473919209608
1.7509548670799828
1.7511081281535392
1.7508688973971005
1.750796572770415
1.7505496255020407
1.7503412387848367
1.7539039296937222
1.7539223455852573
1.749361937420093
1.7546784986339732
1.7546965506097745
1.7547122666305315
1.7542655042029716
1.7544926608446052
1.7548431604495915
1.7549479116544116
1.7542885260767043
1.7541658122010741
1.754152740128819
1.7540265745559978
1.7546196407247374
1.7547840023456651
1.7504043558654305
1.7502642107611635
1.752718743582776
1.7523082948971018
1.7521506766979285
1.7520900379821762
1.751891022635261
1.7519760424969757
1.7517331629467376
1.7518097471490441
1.7518777780066974
1.754336975006585
1.754058534397174
1.7536403849359028
1.7527840550805849
1.7531565844280976
1.752845912787223
1.7535197270176097
1.7536081571700153
1.752781971992123
1.7529616993541977
1.7529948939333084
1.7530493170414394
1.7531592724752934
1.7519277038798253
1.752993071653017
1.7526650841032754
1.7527046654531613
1.7500675699586552
1.751139773048184
1.7513099621526877
1.7509485845153887
1.750732825974866
1.7505413676530779
1.75122333935102
1.750824413120322
1.7505811902244384
1.7510724989588047
1.7507040905968565
1.7503913758208858
1.7504405234418923
1.7514785171750962
1.751761613389344
1.751652255607164
1.7513162504415065
1.7514082511513274
1.7516931348805116
1.7516230156027404
1.7510305856590702
1.7511838247711438
1.7509446382842753
1.7508723149220395
1.7506254228569722
1.7504170619849162
1.7539791749202454
1.7539975797669298
1.7494379470576733
1.754442646007056
1.7544606762191584
1.754476517661885
1.7540286222437704
1.7542562451051842
1.754607565080838
1.7547125722247763
1.754051488199197
1.7539284830170718
1.7539152989188724
1.7537887365885814
1.754383291010717
1.754548104120753
1.7501566889139242
1.7500160628997998
1.7524776840693335
1.7520661554322117
1.7519080815462607
1.7518471926835535
1.751647623255114
1.7517329136403925
1.7514893070821642
1.7515660517671572
1.7516342686605777
1.7540998846199984
1.7538209298152871
1.7534016985807952
1.7525431097904123
1.7529164243745399
1.7526049758438196
1.7532805139340772
1.7533692074955456
1.752540676437927
1.7527208095619866
1.7527539935952907
1.7528087720782366
1.7529193257712277
1.7516842639758152
1.7527522466356213
1.7524233740893105
1.7524629874950166
1.7498188315471517
1.7508943909531394
1.7510649789639152
1.7507026173801385
1.750486256402902
1.750294212117865
1.750978055316852
1.7505780116768095
1.7503340604583533
1.7508266927048626
1.750457222837679
1.7501437326293945
1.7501931294758357
1.7512337211479385
1.7515176073578602
1.7514079621881886
1.7510708561349597
1.7511631981912508
1.7514487699065178
1.7513783940785546
1.7507843324179675
1.7509380257618514
1.7506982546108778
1.7506256036098402
1.7503782263678147
1.750169197890878
1.7537410299941663
1.753759384768601
1.7491877545808316
1.752893560625329
1.7529116334536452
1.752927469141537
1.7524790152515222
1.7527069546775904
1.753058733126111
1.7531638740959716
1.7525019736013285
1.7523788091154433
1.7523656320908951
1.7522389348469753
1.752834235306388
1.752999243584205
1.7486025501308755
1.7484617861849192
1.750926219248239
1.7505141891258036
1.750355934824298
1.7502949987674434
1.7500951952194481
1.7501805755820756
1.7499366983840587
1.750013548816871
1.7500818467414492
1.752550482646072
1.7522711228036956
1.751851375201103
1.7509917418717047
1.7513655694808523
1.751053729339754
1.7517301052540453
1.7518188977351599
1.7509894083238848
1.7511697809653906
1.7512030346133813
1.7512578166043056
1.7513684129279639
1.7501319214372084
1.7512012616448112
1.7508719948985263
1.7509116780643288
1.7482643362944033
1.7493410468429662
1.749511857302519
1.749149064016599
1.7489324497398795
1.7487401959351336
1.7494248494687565
1.7490243385407536
1.7487801163850727
1.7492733397667153
1.7489034471393454
1.7485895607958943
1.7486389820949708
1.7496808815194407
1.749965100219488
1.749855321333092
1.7495178691095326
1.749610294100875
1.7498962321682292
1.7498257920586862
1.7492310282226189
1.7493848936432637
1.7491448169940365
1.7490721183997862
1.7488243906932788
1.7486151430787056
1.7521912244391586
1.7522096309400275
1.7476324299239292
1.7546451869174473
1.7546631733901894
1.7546790499020453
1.7542313900083757
1.7544588374588581
1.754809937952078
1.7549148849533054
1.7542541352454804
1.7541312048366395
1.7541179876656257
1.753991452933983
1.7545856867160576
1.7547504307431256
1.7503609890148948
1.7502203732938904
1.7526811380709322
1.7522698060273219
1.7521117868776392
1.7520508811555993
1.7518513916254428
1.7519366650130157
1.7516931302222178
1.7517698174407754
1.7518380053145226
1.7543024172662671
1.7540237064967532
1.753604684887396
1.7527465033144394
1.7531195406941722
1.75280826150383
1.7534834520056464
1.7535721187848303
1.7527438962662991
1.7529239092940938
1.752957027831776
1.7530118877538872
1.7531225453189259
1.7518879453431238
1.75295532233745
1.7526265957347886
1.752666153656556
1.750023199058803
1.7510985160778083
1.7512689978030895
1.7509067925339954
1.7506905172951686
1.7504985230605232
1.751182078695089
1.7507821917895465
1.7505383122946345
1.7510307248265329
1.750661384717319
1.7503480682903005
1.7503975023523193
1.7514375293767794
1.7517213028565095
1.751611710243044
1.7512746552754541
1.7513670035682383
1.7516524076283035
1.7515820288764852
1.7509882140134956
1.7511418598193118
1.7509022258657823
1.7508295399160316
1.7505823642425942
1.750373375079501
1.7539436767043923
1.7539619727567557
1.749392526299733
1.754292320748632
1.7543103682318495
1.7543262015097831
1.7538781472923999
1.7541058685489304
1.7544573241156447
1.7545623700533095
1.7539010558703665
1.753778003872833
1.7537648278039262
1.75363823297118
1.754233000728783
1.7543978666889686
1.7500050011371204
1.7498643454780054
1.7523267003047949
1.7519150320519086
1.7517569111355924
1.751696016205922
1.7514963839739153
1.7515816957542047
1.7513380207145322
1.7514147980423764
1.7514830369459629
1.7539494976959593
1.7536704130766754
1.7532510366435372
1.7523921575018653
1.7527656301318764
1.7524540694110047
1.7531298445837573
1.7532185632856117
1.7523897788494447
1.7525699838962459
1.7526031949516119
1.7526579578483206
1.7527684992930355
1.7515330591946323
1.7526014344970933
1.7522724539220575
1.7523120923765712
1.7496670589942716
1.7507428971061711
1.7509135508638007
1.7505510716766595
1.7503346428918438
1.750142546692787
1.7508266094715854
1.7504264410270507
1.750182421276441
1.7506752156928993
1.7503056353220845
1.749992031130513
1.7500414254243661
1.7510823915764706
1.751366366830456
1.7512566844061985
1.7509194989017756
1.7510118562977786
1.7512975348145028
1.7512271467149947
1.7506328952597918
1.7507866325266415
1.7505467728365287
1.7504741193065911
1.7502266316579518
1.750017551490719
1.7535905395411198
1.7536089164052555
1.7490357353056711
1.7523279111208356
1.7523458521694988
1.752361807721925
1.751913898931516
1.7521413827016536
1.7524926221980879
1.7525976195814204
1.751936480964387
1.7518134985331162
1.7518002092905443
1.751673541185078
1.7522680924229148
1.7524329564942376
1.748040531092749
1.747899734206797
1.7503625758432884
1.7499509830554847
1.749792830123142
1.74973181146155
1.7495321704977667
1.7496175363570994
1.7493737750251948
1.7494504771993935
1.7495187140706927
1.7519846459210513
1.751705937683033
1.7512866655843586
1.7504279352464467
1.7508010491527204
1.750489605897758
1.7511651841645206
1.7512539323674632
1.7504250436661661
1.7506051157294693
1.7506381749501243
1.7506932437321179
1.7508042249232774
1.7495686349534847
1.7506365341058074
1.7503075810623103
1.750347104914375
1.747702374958811
1.748778812724222
1.7489493624089316
1.7485869003733283
1.7483704595313019
1.7481782761430715
1.7488623283685372
1.7484621323673069
1.7482180257754167
1.748710775723488
1.748341125868919
1.7480276496923168
1.7480772134722309
1.7491177905061353
1.7494017808955764
1.7492921190975368
1.7489546725885485
1.749047160875145
1.7493326953253359
1.7492622128415114
1.7486679617092955
1.7488217467850844
1.7485819975777817
1.7485091528664305
1.74826195541774
1.7480527358327989
1.7516255851474454
1.7516438119842828
1.7470714686116333
1.7535011833565033
1.7535191249667392
1.7535350658620186
1.7530873185453373
1.7533147317386133
1.7536658517398311
1.7537708122815585
1.7531099147401785
1.7529869745741467
1.7529736983311557
1.7528470838831798
1.7534414224224093
1.7536062234513246
1.7492154504337878
1.7490747173671914
1.751536581253036
1.751125140911134
1.750967050818434
1.750906064183582
1.7507065003304347
1.7507918296999456
1.7505481678042198
1.7506248458377265
1.7506930567032846
1.7531580805848794
1.7528794528480955
1.7524603341209046
1.7516019224437864
1.7519749184397482
1.7516635863197851
1.752338919468752
1.7524276316030136
1.7515990678090012
1.7517790801617132
1.7518121373228368
1.7518671636312573
1.7519780715710598
1.7507429655391342
1.7518104887502974
1.7514816598349623
1.751521176548949
1.748877438829359
1.7499534222169737
1.750123913820043
1.7497615894781693
1.7495452324166794
1.7493531287631081
1.7500369196034666
1.7496368788789656
1.7493928718939165
1.7498854361317264
1.7495159327782657
1.7492025677786138
1.7492521007244213
1.7502923062059634
1.7505761867154372
1.7504665654976577
1.7501292665310149
1.7502217102318385
1.750507145333587
1.7504366964524798
1.749842673009205
1.7499963958156466
1.7497567307587498
1.7496839273183618
1.7494368043176176
1.7492276746445736
1.7527991645698364
1.7528173949044923
1.7482467450806336
1.7535889282236774
1.7536068313606725
1.7536228911855674
1.7531743311513281
1.7534020415924043
1.7537537268780143
1.7538588677235272
1.7531967429672939
1.7530736005754135
1.7530602172767662
1.7529332922312675
1.7535286929898168
1.753693829615283
1.7492943906001237
1.7491532700880164
1.7516205109138792
1.7512082826821973
1.7510498467727267
1.7509886480846222
1.750788670064155
1.7508742120723966
1.7506299910863043
1.7507067728189538
1.7507751217043714
1.7532448117861599
1.752965880169882
1.7525459782396011
1.7516859166395002
1.752059421915882
1.7517475362312243
1.7524241110397716
1.7525130253740286
1.7516826939861223
1.7518629804674868
1.7518959980012105
1.7519513527971107
1.7520627979929688
1.750825061001956
1.7518944305159199
1.7515649487609013
1.7516044653438234
1.748955536841283
1.7500341434616487
1.7502049101424952
1.749841857151239
1.749625049241151
1.7494324912730095
1.7501176726494942
1.7497167945968697
1.7494722274282435
1.749965767297986
1.7495954594440286
1.7492815441723004
1.7493312980620253
1.7503733554501013
1.7506578270312192
1.7505479962607933
1.750209823400119
1.750302548521928
1.7505884654598591
1.7505178059028217
1.7499225682261872
1.750076639072126
1.74983656204067
1.7497634747613424
1.7495160514382004
1.7493063957624693
1.7528850895191945
1.7529032511897178
1.7483238483479524
1.753085797953436
1.7531036849424624
1.753119723617856
1.752671645330342
1.7528991162225767
1.7532504269266942
1.7533554552952695
1.752694042847708
1.752571031801713
1.7525576664729354
1.752430881244873
1.7530256432707394
1.7531906009612415
1.748795917059005
1.7486549538306004
1.7511195054979134
1.7507077217737999
1.750549458573979
1.7504883300063165
1.7502885690106897
1.7503740166442772
1.7501300630119876
1.7502067638204015
1.7502750386841703
1.7527420680378551
1.7524634272386184
1.7520439772499512
1.7511848433227275
1.7515579547326012
1.7512464035080937
1.751922250998555
1.7520110680550636
1.7511816398602749
1.751361734997715
1.7513947213903132
1.7514500068253065
1.7515613177667255
1.7503249269544376
1.751393151943428
1.751064026473458
1.7511035037314164
1.7484574371352584
1.7495348562941202
1.7497054410648316
1.7493427810644009
1.7491262085229637
1.7489338619381596
1.7496183009646193
1.7492178582699462
1.7489735588471553
1.7494665651264256
1.7490966607783167
1.7487830818437746
1.7488327766178768
1.7498737164212252
1.750157879198345
1.7500481668430252
1.7497103685182358
1.749802989128788
1.7500886005683758
1.750018020488318
1.7494234279841823
1.7495773303684614
1.7493375101769562
1.749264507968454
1.749017343947818
1.748807919786177
1.7523827388170228
1.752400885393482
1.7478264205611136
1.7538895787405246
1.7539074473352905
1.7539235234897703
1.7534752810540697
1.7537027947049113
1.754054208808401
1.7541592720664607
1.7534976076249544
1.7533745588638918
1.7533611595066587
1.7532342994660703
1.7538292735536847
1.7539943044788517
1.7495977661537312
1.749456704931605
1.751922478442957
1.7515105294428046
1.7513521875940632
1.7512910010398846
1.7510911486265526
1.7511766478447726
1.7509325638215676
1.7510092802685155
1.7510775851336011
1.7535455856342375
1.753266913647105
1.7528473021141182
1.7519878212165947
1.75236101040121
1.7520493490968545
1.7527254497404117
1.7528143137938967
1.7519844891630878
1.752164631798968
1.752197595288568
1.7522529812569432
1.7523644509493534
1.7511274705643227
1.7521960547929751
1.7518667890954063
1.7519062555807143
1.749259081947043
1.7503371311555855
1.7505077663427238
1.750144948558198
1.7499282762632664
1.749735822123165
1.750420564340027
1.7500199358963868
1.7497755057920685
1.7502687213219128
1.749898634475218
1.749584947170063
1.7496347061649649
1.750676014593037
1.7509603080860277
1.7508505518247743
1.7505125378664874
1.7506052323088732
1.750890935643889
1.7508203006299417
1.7502254425425383
1.7503794255425453
1.7501395255893686
1.750066443367841
1.7498192408579263
1.749609688562787
1.7531860704252882
1.7532041879164095
1.7486278868982739
1.75411506662816
1.7541329093162539
1.7541489977179232
1.753700993481126
1.753928359539292
1.754279570256191
1.7543845753236607
1.7537232561181997
1.7536002775802504
1.7535868661790774
1.7534600548921726
1.7540547089765857
1.754219660626528
1.7498252978189368
1.7496842810642963
1.7521489540897648
1.7517372145132604
1.7515789432100655
1.7515177657563312
1.7513180075483508
1.751403474674054
1.7511594933730157
1.7512361608556868
1.7513044327055232
1.7537711660202961
1.7534926887550226
1.7530732950200063
1.7522142496494146
1.7525872017652055
1.752275708746077
1.7529514537658923
1.7530402801087979
1.752210835545812
1.752390870297579
1.7524237932540867
1.7524792026018174
1.752590690666642
1.7513542777360969
1.7524222730007666
1.752093169346285
1.7521325982583829
1.7494867407763628
1.750564371926038
1.7507349084928954
1.750372267113417
1.7501556965298533
1.7499633202607818
1.7506477331079267
1.7502472918710246
1.750002964564937
1.7504959368398578
1.7501260157486105
1.7498124994183852
1.7498622622421693
1.7509030089502382
1.7511871688771339
1.7510774684977597
1.7507395737162639
1.7508322451490816
1.7511177882819113
1.751047171675281
1.7504525982798012
1.7506065153953598
1.7503667482508922
1.7502936698227145
1.7500466329227204
1.7498371581630254
1.753411806104858
1.7534298904614278
1.7488559158110148
1.7532194979320959
1.7532372876836986
1.7532534298940403
1.7528055791075943
1.7530327911341332
1.7533838340682846
1.753488796437785
1.7528276855531055
1.7527047629309074
1.752691301442692
1.752564480348172
1.7531589198233988
1.7533238390077057
1.7489305224672704
1.7487894670088893
1.751253894563885
1.750842268942873
1.750684013051486
1.7506227897451607
1.7504230657266104
1.7505085416469248
1.7502645669178594
1.7503411847533619
1.7504094425841836
1.7528754574647558
1.7525972086407324
1.75217794375869
1.7513191321203754
1.7516918459191413
1.7513804672004671
1.7520559912083895
1.7521448142674987
1.7513154800255901
1.7514954184303124
1.7515282644396988
1.7515838054932857
1.751695476805654
1.7504592309083475
1.7515268001273685
1.7511977723027363
1.7512371403445715
1.7485919306939064
1.7496696344814389
1.7498400899710163
1.7494775260141715
1.7492609912922705
1.749068611295942
1.7497528881738669
1.7493525107969818
1.7491081898736747
1.7496010470592713
1.7492311644767005
1.7489177677424352
1.7489675998921965
1.7500079662649841
1.7502920788196241
1.7501824090434892
1.7498444575308834
1.749937172116112
1.7502225935414533
1.7501519465440234
1.7495574871545079
1.7497113970398621
1.749471727212003
1.7493985738285995
1.7491517192525536
1.7489422197399522
1.7525161186192164
1.7525341297110462
1.747961420698496
1.7545534601654689
1.754571280877901
1.75458727892673
1.754140643204932
1.7543673676323877
1.754717538496185
1.7548222274818253
1.7541629410419903
1.7540403285838202
1.7540269961357777
1.75390060920499
1.7544934543959467
1.7546578854738135
1.750277264871414
1.7501367393197511
1.7525934676048058
1.75218300457326
1.7520252436931114
1.751964299527
1.7517651752988268
1.7518503549032611
1.7516071723776425
1.7516836219111924
1.7517516787055873
1.754210789053152
1.7539330700183762
1.7535149676817143
1.7526585884636146
1.7530304781383947
1.7527199313494908
1.7533936049209933
1.7534821410725518
1.7526553509283802
1.7528348598218977
1.7528677278285894
1.7529228632406706
1.753033856918406
1.7518013990074155
1.7528661737199913
1.7525381010057284
1.7525774423780671
1.7499398466995186
1.7510138791457521
1.7511839105208422
1.750822409402524
1.7506065269940843
1.7504147867386528
1.7510970405203314
1.750697873427275
1.750454346167303
1.7509457752154702
1.7505770453874279
1.7502644782707826
1.7503140290847088
1.7513516132062368
1.7516348704072675
1.7515255099715903
1.7511887671633046
1.7512811034861466
1.7515657909776907
1.7514954279973982
1.7509027331164329
1.7510561484621134
1.7508171031791941
1.7507443174411057
1.750497967286658
1.7502891994456862
1.753852597741163
1.753870673447912
1.749310880006758
1.7539228904570503
1.7539408245548755
1.7539567402182568
1.7535093952486658
1.7537366180906588
1.754087431305915
1.7541922987675673
1.7535319984561784
1.7534091662283264
1.7533959119698521
1.7532694210880853
1.7538632275623647
1.754027876081391
1.7496411330042676
1.7495005423988783
1.7519600839548004
1.7515490183125844
1.751391077414352
1.7513301578664613
1.7511307796363706
1.7512160253287326
1.7509725965460874
1.7510492099767843
1.7511173578257753
1.7535801433745553
1.7533017415475258
1.7528830021626256
1.75202537298274
1.7523980541351358
1.7520870003802476
1.7527617247523752
1.7528503521790815
1.752022564888912
1.7522024218590717
1.7522354613901006
1.7522904105444954
1.7524011781057207
1.7511672291010238
1.7522338041085423
1.7519052774638932
1.7519447673773194
1.7493034528468947
1.7503783881259611
1.7505487306923218
1.7501867405395914
1.749970584942964
1.7497786667157196
1.7504618249959585
1.7500621572271626
1.7498183837218722
1.7503104954541846
1.749941340354756
1.7496282547006479
1.7496777272545376
1.7507170023913534
1.7510006186188616
1.7508910971888945
1.7505541330325398
1.750646479891962
1.750931662896097
1.7508612873561964
1.7502678141881125
1.7504213904943773
1.7501819380078611
1.7501092183738485
1.7498622994723045
1.7496533754682027
1.7532215686411414
1.7532397949265837
1.7486733076562144
1.754200593996654
1.7542184757195614
1.7542344305344681
1.7537874004889564
1.7540143987224597
1.7543649246597517
1.7544697125818298
1.753809861666877
1.7536871276200137
1.7536738362740782
1.7535473892421873
1.7541407684086725
1.754305321419656
1.7499212769936396
1.7497807115038662
1.7522390298386687
1.7518282305978463
1.7516703679510648
1.751609434577323
1.751410167647299
1.7514953856444497
1.7512520628699573
1.7513286025127928
1.7513967103370276
1.753857869482844
1.7535797765982981
1.7531613194378555
1.7523042426510407
1.7526765675760996
1.7523657392566656
1.7530399974991044
1.7531285855733332
1.7523012335115256
1.7524809344240495
1.7525138949484251
1.752568933335104
1.7526798108925152
1.7514465128589243
1.752512285879635
1.7521839591929977
1.7522233810980818
1.7495837066349864
1.7506582601741145
1.7508284635815534
1.750466688545188
1.7502506525907595
1.750058810370917
1.7507415712968282
1.750342122664779
1.7500984551491097
1.7505902660818367
1.7502212959921937
1.749908441110995
1.7499579521567559
1.7509964754059284
1.7512799343812138
1.7511704841347446
1.7508336107896263
1.750925956215686
1.7512109181638904
1.7511405458359075
1.7505474143627286
1.750700921169443
1.7504616501499406
1.750388896831665
1.750142234702016
1.7499333758569042
1.7534994605778906
1.7535176170964113
1.748954089012696
1.7542528096486218
1.7542706649032833
1.754286646622527
1.7538396933021907
1.7540666145198807
1.7544170565657982
1.7545218231388922
1.75386207638433
1.7537393702953419
1.7537260539058857
1.7535996019701874
1.7541928738320787
1.754357410610245
1.7499738893178067
1.7498333044761625
1.7522915000757289
1.7518807578126525
1.751722902871775
1.7516619465717376
1.7514626967364288
1.7515479191308851
1.751304599642379
1.7513811144616307
1.751449215276358
1.7539100152050742
1.7536320365411535
1.7532136438071975
1.752356683886521
1.7527288896530673
1.7524181184838608
1.7530922662203527
1.7531808526526838
1.7523535557514147
1.7525332084904162
1.7525661305412317
1.752621234780838
1.7527322039620215
1.7514989894450492
1.7525645494429363
1.752236260671224
1.752275652141176
1.7496363015937586
1.750710891451815
1.750881054320614
1.7505193179955656
1.7503032999719683
1.7501114558884971
1.7507941488297987
1.7503947321277578
1.7501510678034784
1.7506428211915432
1.750273870356239
1.7499610752730201
1.7500106209817696
1.7510489540633014
1.751332389352459
1.7512229544076099
1.7508860526969359
1.750978419699201
1.7512633207936612
1.7511929332702787
1.7505998588000817
1.7507533619916946
1.750514139630496
1.7504413488346076
1.7501947778669322
1.7499859066453678
1.7535516168350695
1.7535697367212204
1.7490068414564364
1.7538730146177581
1.7538907088166564
1.753906910590506
1.7534597717263116
1.7536865131565675
1.7540369298351048
1.754141715680714
1.7534816295858797
1.753358922183192
1.7533454035342833
1.7532187075457784
1.753812186374541
1.7539768779254314
1.749589885898653
1.7494489296683626
1.7519102998590994
1.7514992896788946
1.7513412296148694
1.7512800076501003
1.7510805519405357
1.7511659466781122
1.7509222491608085
1.7509987116013228
1.7510668743819733
1.753529150883142
1.7532515355380338
1.7528329158770664
1.751975382510043
1.7523473449667646
1.752036472158923
1.752710937330919
1.752799658186585
1.7519713926194103
1.7521509951596421
1.7521836946072211
1.7522393638586846
1.7523511757879293
1.7511165266192057
1.7521823122447804
1.7518537544499726
1.7518929918614476
1.7492516158641984
1.7503282411470136
1.7504983931105333
1.7501363382784663
1.7499200927177108
1.749727918513834
1.750411249087903
1.7500114028589948
1.7497673592556933
1.7502595102168321
1.7498900889031248
1.7495772078999856
1.7496270849230897
1.750665763208228
1.750949495900487
1.7508399904443157
1.7505023283709302
1.7505950031735173
1.7508799365392833
1.750809323432634
1.7502156802245628
1.7503694108029517
1.7501301437899548
1.750056963044539
1.749810641256922
1.7496013361290517
1.7531702366885822
1.753188122789238
1.7486222502428796
1.7535953110781548
1.7536130576519704
1.7536292202742945
1.7531817664860212
1.7534087325247671
1.7537594364812683
1.753864301866452
1.7532037663751812
1.753080960791505
1.753067479230057
1.7529407393916758
1.7535346455282335
1.753699432587166
1.74930974190928
1.7491687605633748
1.7516313539752317
1.7512200773936326
1.7510619390781565
1.7510007309392386
1.7508011639296073
1.7508865863623948
1.750642782836939
1.7507193190653139
1.7507875218707207
1.7532514247748532
1.7529735004872613
1.752554598601836
1.7516965128417428
1.752068831525801
1.7517577332825047
1.7524326645841901
1.7525214247923335
1.751692723996797
1.7518724825946643
1.7519052610488963
1.7519608410680758
1.752072543001135
1.7508372428613057
1.7519038304736876
1.7515750727208677
1.7516143781406852
1.7489713620761063
1.7500483690988602
1.7502186602213017
1.7498563902728697
1.749640025069915
1.7494477748586366
1.7501315027870332
1.7497314374213782
1.7494872878284555
1.7499797395891799
1.7496101332656875
1.7492970214896382
1.7493468600208713
1.7503862901936533
1.7506701801381352
1.750560603498465
1.7502228506138435
1.7503155268497932
1.75060068127149
1.750530064952923
1.7499360800499466
1.750089880127886
1.7498504316478758
1.7497772845867228
1.7495307060272107
1.7493213357403492
1.7528923447518325
1.75291030061941
1.7483414688863976
1.755286121365148
1.7553040421228687
1.7553198633510132
1.7548738074967876
1.7551004379056279
1.755450279063312
1.7555548498399987
1.7548964672155547
1.754773977659777
1.754760806369079
1.7546347235922024
1.7552268278407595
1.7553909822127851
1.7510172561683428
1.7508771419434355
1.7533291055875726
1.7529192466824322
1.7527617926920642
1.7527011033983144
1.7525023277462475
1.7525872966148457
1.752344632366899
1.7524210441699
1.7524889879685321
1.7549445729453919
1.7546668644415744
1.7542493438557047
1.7533942356526664
1.7537659333869933
1.7534557697672544
1.7541285412323164
1.7542168910378693
1.7533916314772393
1.7535709985505201
1.753603996642764
1.753658664068391
1.7537689311183888
1.7525387479817507
1.7536022987585036
1.7532747490397118
1.753314163937781
1.7506806724936106
1.7517521484221916
1.7519220186702116
1.7515611099769592
1.7513456086516659
1.7511543004810526
1.75183540948573
1.751436953458534
1.7511939457332821
1.7516845953238158
1.751316576235777
1.7510043828036053
1.751053642071343
1.7520899418616185
1.7523726998852938
1.7522634997717297
1.7519276478629888
1.7520196672822905
1.7523040480458694
1.7522339199965338
1.7516422304456563
1.7517953269435267
1.7515565520489889
1.7514841238406151
1.7512378364813113
1.751029593550784
1.7545871150509231
1.7546053437313947
1.7500522622143775
1.7554364466235715
1.7554543501101776
1.7554701795031147
1.755024282448158
1.7552508144618815
1.7556005200285054
1.7557050520114654
1.755046899544385
1.7549244568040163
1.7549112774840252
1.754785227209604
1.755377118122693
1.755541219644569
1.7511689439451463
1.75102885936523
1.753480089352111
1.7530703700627357
1.7529129631027323
1.752852279875946
1.7526535670274461
1.7527385145010337
1.752495918734531
1.7525722978946807
1.7526402196831468
1.7550949598694308
1.7548173811801853
1.7544000057929632
1.7535451879412134
1.7539167276296572
1.7536066762000695
1.7542792105826364
1.754367535247803
1.7535425290657218
1.7537218242162609
1.7537547952864427
1.753809478298307
1.753919757596581
1.752689952762934
1.753753110897031
1.7534256692069639
1.7534650590562264
1.7508324450464907
1.7519036422691603
1.7520734467703258
1.7517126556804383
1.7514972221627239
1.7513059659061303
1.7519868553309965
1.7515885241082922
1.7513455849151944
1.7518360723357793
1.7514681637513718
1.7511560843024863
1.7512053461228128
1.7522412714330864
1.7525239404126975
1.75241477755372
1.7520790050961728
1.752171009175763
1.7524552831378841
1.7523851673600934
1.7517936676038315
1.7519467201787362
1.7517080338233382
1.7516356081438642
1.751389431191174
1.751181239950943
1.75473760550397
1.7547558120947406
1.750204281489538
1.7546516309289228
1.7546693664089266
1.7546853759674255
1.7542398571894289
1.7544659484875738
1.7548152024056385
1.7549196237394344
1.7542619702377271
1.7541396763870765
1.7541263297917307
1.7540002126882024
1.7545915658046045
1.7547556065469088
1.7503855424375108
1.7502452927495116
1.752696397246994
1.7522869371860772
1.7521295371370367
1.7520686873592195
1.7518700313701574
1.751955031019894
1.7517123897738531
1.7517886278117643
1.751856522543845
1.754309593001003
1.754032684041559
1.7536156144410988
1.7527613243010292
1.7531321879257693
1.7528224243576216
1.7534944222810571
1.753582760593323
1.752757887156464
1.7529369170150886
1.7529696457924082
1.7530247741885319
1.7531356826049327
1.751906084084629
1.7529681437016116
1.7526408593872955
1.7526800612394422
1.7500488372050147
1.7511205673660977
1.7512901538436345
1.7509295161296023
1.7507141403201285
1.750522819104115
1.751203452216522
1.7508052196993855
1.7505622343138645
1.751052481091764
1.750684596784095
1.7503728219377819
1.7504223238464396
1.7514572924632315
1.7517398846840115
1.7516307916817837
1.7512947412141582
1.7513869116668965
1.751670866454267
1.7516006320371338
1.7510093415071293
1.7511624126992869
1.7509239784128765
1.750851287861214
1.750605638635728
1.7503973090700296
1.753952208851178
1.753970181105059
1.7494215293205626
1.755056651592708
1.75507439402355
1.7550904434710939
1.7546443608722786
1.7548707130985686
1.7552203932978123
1.7553249445532877
1.7546664527459348
1.7545440086918662
1.754530627112423
1.7544043327851948
1.754996430665155
1.7551606869597551
1.7507849405259925
1.7506444845574303
1.7530988891354817
1.7526889019289775
1.752531289845827
1.7524703409543085
1.7522714222315532
1.7523565420482605
1.7521135682529605
1.7521898950343726
1.752257878788762
1.7547140955474991
1.7544368801770662
1.7540192778628318
1.7531638865647357
1.7535351829433545
1.7532250298751317
1.7538978816932027
1.753986340781705
1.7531603659337178
1.7533396108854866
1.7533723593524324
1.7534276073761537
1.7535387294224893
1.7523074899370903
1.7533708736988756
1.7530431629857124
1.7530823987764983
1.7504477593169303
1.751520991964358
1.7516907855602455
1.7513296759633392
1.7511140149084665
1.7509224285314666
1.751603955589101
1.751205194839529
1.750961876367409
1.751452761361068
1.7510843822982578
1.7507722169294515
1.750821810064132
1.7518580805780128
1.7521410469607261
1.7520318135904263
1.7516952807701671
1.7517875926500794
1.7520718988835067
1.752001557522449
1.7514094890283123
1.7515627689899935
1.751324037982797
1.7512512223537962
1.7510052945811634
1.750796669434626
1.7543562253574823
1.7543741981627579
1.749819690275981
1.7559292733115284
1.7559470508461734
1.7559630693069845
1.7555168305833588
1.7557433090230214
1.7560931409091685
1.7561977329104923
1.7555390218640667
1.7554165264444184
1.7554031739231426
1.755276868248495
1.7558691801007815
1.7560334790532741
1.751656484313424
1.7515160328742367
1.7539709270161523
1.7535608130240192
1.7534031697197823
1.7533422407210784
1.7531432735018238
1.7532283996187314
1.7529853882967223
1.753061756223145
1.7531297579921243
1.7555867563632495
1.7553093618649052
1.754891622524861
1.7540359691849823
1.7544074637450549
1.7540971974315294
1.7547702782967938
1.754858751597387
1.7540325948995872
1.7542119239862495
1.7542447244377868
1.7542998988154617
1.7544109231138876
1.7531794109603736
1.7542432040663112
1.7539154014238603
1.7539546801741814
1.7513192780817188
1.7523926137631733
1.7525624807711273
1.752201273661222
1.7519855607717292
1.7517939503013475
1.7524756551334975
1.7520768000516713
1.7518334441220844
1.7523244677453793
1.7519560141764152
1.7516437320179856
1.7516932892133834
1.7527299371349059
1.7530129717257785
1.752903704426566
1.7525671602462651
1.7526594582198278
1.7529438787077283
1.7528735464062974
1.7522813260118715
1.7524346315501373
1.752195807615067
1.752123028199229
1.7518769540613162
1.7516683154460833
1.75522882387378
1.7552468443562763
1.7506909281946603
1.7551840298738877
1.7552017372009274
1.7552178176352038
1.754771891161199
1.7549981171741167
1.7553476456864556
1.7554521561960836
1.754793883627803
1.7546714909393142
1.7546580803017036
1.754531797321896
1.7551236812295286
1.7552878948662365
1.750913396738561
1.7507729362406237
1.7532268512548115
1.7528169908339357
1.7526594099718713
1.752598441187539
1.7523995709612825
1.7524846844777897
1.7522417482091983
1.7523180338456006
1.7523859995853996
1.7548414347317487
1.7545643984892272
1.7541469332008033
1.7532918039444894
1.7536629021416545
1.7533528623187344
1.7540254850896118
1.7541139299660222
1.7532881369678486
1.753467297784724
1.7534999942670781
1.753555315936846
1.7536665357310919
1.7524355689138074
1.7534985433314407
1.7531709245475646
1.7532101173788153
1.7505762405521428
1.7516493701655431
1.751819090349363
1.7514580782654565
1.751242469045204
1.751050906761586
1.7517322560447046
1.7513335896273872
1.7510903086127343
1.7515810549767565
1.7512127504201003
1.7509007018409173
1.7509503309148808
1.7519862240211201
1.7522691221956734
1.7521599227542866
1.7518234012940694
1.7519157270803305
1.752199919059285
1.7521295686386003
1.7515376520447534
1.7516909064298494
1.751452268350527
1.7513794165083634
1.7511336351010118
1.750925023423169
1.7544836268411852
1.7545015519692404
1.749948452357302
1.754357302109555
1.754375009998168
1.7543910757752972
1.75394531077502
1.7541714662110757
1.7545208752281987
1.754625348896221
1.7539673174035955
1.7538449669803444
1.7538315693423152
1.7537053400199978
1.754297011229023
1.7544611618233235
1.7500883160796
1.7499479194010186
1.7524008566645592
1.751991148689585
1.7518336306671636
1.7517726939095708
1.7515739007939506
1.7516589778206364
1.7514161409882238
1.751492402483935
1.7515603422179917
1.7540148693955768
1.7537379136542894
1.7533206017373495
1.7524657911418295
1.7528367714286823
1.7525268427407619
1.7531992203938427
1.7532876292015722
1.7524621611106836
1.752641262216968
1.7526739566397904
1.7527292358359865
1.7528403823788745
1.7516098994994562
1.7526724979759316
1.752345003320217
1.7523841890133889
1.7497513044226907
1.7508239796582943
1.7509936417604737
1.7506327673702977
1.7504172419305821
1.7502257593816224
1.7509068472796336
1.7505083361390463
1.750265154731234
1.7507557153849942
1.7503875573294472
1.7500756199272143
1.7501252181670717
1.751160739720948
1.7514435280155347
1.7513343691544068
1.7509979952365353
1.7510902764370244
1.7513743690675359
1.751304052249568
1.7507123633446628
1.7508655554604127
1.7506270015314955
1.7505541909602944
1.7503084840008891
1.750099962234944
1.7536572062635754
1.7536751348894497
1.7491237288263022
1.754797913145544
1.754815521550441
1.7548317494911077
1.7543855660969865
1.7546117449747947
1.754961364202815
1.7550659192381854
1.7544072250058236
1.7542847939454178
1.7542712481496252
1.7541447683308882
1.7547369677837048
1.754901332041439
1.7505232441237104
1.7503824999377287
1.75283922409154
1.7524290644360623
1.7522713023635024
1.7522101427602883
1.7520110781791984
1.7520963294518979
1.7518530737779932
1.7519293488635603
1.7519973755876386
1.7544545201671649
1.7541776343961542
1.7537598940999048
1.7529041311501175
1.7532751854671114
1.7529649847450257
1.7536380193867518
1.7537265784718061
1.752899904704659
1.7530790879205893
1.7531116501983275
1.7531673549074052
1.7532791548266737
1.7520468811107701
1.7531103275819095
1.752782434058887
1.7528215390882491
1.7501855424991462
1.7512603198746068
1.751430085022215
1.7510687559007034
1.7508529331583773
1.750661098259259
1.7513430695491643
1.7509440026194463
1.7507004012837548
1.7511915556848872
1.7508228333904448
1.7505106334806881
1.7505604924326288
1.7515969267653946
1.7518801043573697
1.7517708257543882
1.7514337084793175
1.7515262619975736
1.7518105620076088
1.7517400438614008
1.7511475773153495
1.7513010260095623
1.751062285842669
1.7509891590127162
1.7507434637061141
1.7505345069416203
1.7540962683762065
1.7541140475261758
1.749557623087683
1.7557394369530939
1.7557570395302988
1.7557731982676266
1.7553279016417795
1.7555536784377184
1.755902632394129
1.756006983824608
1.7553496100491999
1.7552274137226889
1.755213928910156
1.7550877336301003
1.7556787629221435
1.755842785542767
1.7514736847173062
1.7513332744505994
1.7537847430225475
1.7533754154044594
1.7532179910452965
1.7531569946092624
1.752958346983139
1.7530434051092247
1.7528006808569376
1.7528768189176187
1.7529447046079047
1.7553968869483259
1.7551204685907718
1.7547035677512632
1.7538495432810908
1.754219929023582
1.7539103400715703
1.7545820305830695
1.7546703967545252
1.7538454742130751
1.7540243229146795
1.7540568613837273
1.7541123615180632
1.7542238013046811
1.7529941364296076
1.7540555068736259
1.7537282880057743
1.7537673448203408
1.7511367481283262
1.7522091142618494
1.7523785561278264
1.7520179742766495
1.7518026043407955
1.75161119407198
1.7522917486464442
1.7518935205026203
1.751650451467209
1.75214059623206
1.751772661694975
1.7514610746616117
1.7515107807193175
1.7525451700502694
1.7528277537203771
1.7527186966459871
1.7523823568082417
1.7524746797277784
1.752758429594872
1.7526880855980222
1.7520968523939857
1.7522499677799814
1.7520116926346851
1.7519387734239962
1.7516935055604337
1.7514850242005733
1.7550394107146832
1.755057196308896
1.7505100150702653
1.7552884611778234
1.7553061155683722
1.7553222498113215
1.7548764767876677
1.7551025487689578
1.7554519094985486
1.755556377310208
1.7548983130627092
1.7547759762899708
1.7547625155653184
1.7546362227778953
1.7552278920763418
1.7553920732474144
1.7510186213868948
1.7508781221852168
1.753331791728932
1.7529220452635486
1.7527644798132922
1.7527034651763693
1.7525046291395423
1.7525897514506608
1.7523468217540425
1.752423057743276
1.7524910094640604
1.7549457261762091
1.7546689183749369
1.7542515819394875
1.7533966864154502
1.7537675462955906
1.753457620773125
1.7541300225321084
1.7542184641247232
1.753392781447627
1.7535718459174576
1.753604465452691
1.7536599188283144
1.7537713218701043
1.7525405220860582
1.7536030704580428
1.7532755275040175
1.7533146594650044
1.7506814304696863
1.7517546327209446
1.751924271827484
1.7515633371662114
1.751347763807622
1.7511561977967467
1.751837411110645
1.7514388085533448
1.751195533921472
1.75168616519617
1.7513178991481908
1.7510059701649678
1.7510556685649084
1.7520911813358666
1.7523740321381642
1.752264863300016
1.7519282851086888
1.752020654047361
1.7523047243188272
1.752234343507343
1.75164254091946
1.7517957880743524
1.7515572473116379
1.7514843205142487
1.7512387214308454
1.7510300850000966
1.7545879393555437
1.7546057912188584
1.7500539572447833
1.7555368960427027
1.7555545423592671
1.7555706660274657
1.7551251338771745
1.755351086084044
1.7557002595228883
1.7558046710960789
1.7551469630029168
1.7550246919031207
1.7550112401634028
1.754885017284699
1.7554763672168028
1.7556404589203936
1.7512693846163354
1.7511289640565086
1.753581289020949
1.7531717648093497
1.7530142857139182
1.7529533061372164
1.75275457861281
1.752839653736601
1.752596857716884
1.7526730532440002
1.7527409679539596
1.7551943543020563
1.754917691909305
1.7545005814446624
1.7536461497570637
1.7540168127039502
1.7537070544115598
1.7543790925115006
1.7544674854652407
1.753642254384703
1.7538212231825716
1.7538538271472424
1.7539092458424126
1.7540205817569827
1.7527904550622986
1.753852431171797
1.7535250663602957
1.7535641786588008
1.7509323806166741
1.7520049891371805
1.7521745372886517
1.7518137991227927
1.7515983434485287
1.7514068831293217
1.7520877252682077
1.751689340389883
1.7514461996309276
1.75193656411039
1.7515684998153347
1.751256739000705
1.7513064078428338
1.7523413618214285
1.7526240582217278
1.7525149485911322
1.752178557667747
1.7522708743507907
1.7525547918730857
1.752484450800091
1.7518929707984572
1.7520461337225202
1.7518077213797805
1.7517348371178045
1.7514893676856542
1.7512808470119505
1.7548367640044573
1.7548546083207408
1.750305243351364
1.755889762211518
1.7559073475176077
1.7559235144197278
1.75547837659315
1.7557040549939715
1.7560528733593224
1.7561571859960747
1.7555000423780305
1.7553778928669277
1.7553644000251019
1.7552382372475017
1.7558290532040775
1.755993022974551
1.7516253724941102
1.7514849918723938
1.7539357267870863
1.7535265387847638
1.7533691614559648
1.7533081710868936
1.7531095862643373
1.7531946229954123
1.7529519672245697
1.7530280726423995
1.7530959363225194
1.7555472738723648
1.7552709853293833
1.7548542296885217
1.7540004955696378
1.754370723266246
1.7540612465043854
1.7547326999333899
1.7548210409644591
1.7539963718015577
1.7541751485804198
1.7542076600274066
1.7542631757479792
1.7543746277828736
1.7531453412107907
1.7542063190121533
1.7538792081730263
1.753918239938786
1.7512885206812059
1.7523606081088179
1.7525299842279405
1.7521695199801286
1.7519542178518535
1.751762859497058
1.752443194491711
1.7520450911523788
1.7518020906491216
1.7522920732440235
1.7519242492105698
1.7516127761604932
1.7516624847707871
1.752696499621737
1.7529789942477816
1.7528699744279777
1.7525337140414257
1.752626021621251
1.7529096646868867
1.7528393329615823
1.7522482895521614
1.7524013610151905
1.7521631744090347
1.7520902577272455
1.751845100270297
1.7516366706007322
1.7551899011677299
1.7552076646722417
1.750662034345426
1.7524971403147014
1.7525149721209452
1.7525311232335994
1.7520825525015244
1.7523101516695807
1.7526617725718139
1.7527669056088426
1.7521047371794456
1.7519816129882488
1.751968145574104
1.751841135908464
1.7524365341195753
1.7526017115140713
1.7482014643431834
1.7480602071336144
1.7505284243330432
1.7501161447808156
1.7499576456342314
1.7498963431070196
1.7496963078582766
1.7497819102457621
1.7495375654407284
1.7496143131647426
1.7496826780324635
1.7521526208270024
1.7518738864640793
1.751453951842452
1.750593777004328
1.7509671217384266
1.750655240274375
1.7513318472241257
1.7514208052715625
1.7505901877687131
1.7507704254014733
1.7508033430850776
1.7508589301202153
1.7509707173146087
1.7497325577840919
1.750801860492068
1.7504723143393013
1.7505117592793102
1.7478623715706105
1.748941680878515
1.7491124168985093
1.748749283545791
1.7485324117438708
1.7483397424931746
1.7490250910908425
1.7486240911492683
1.7483793996818944
1.7488730337128862
1.7485025818690207
1.7481886778226392
1.7482385652591412
1.749280610936659
1.7495651658613913
1.7494553217882722
1.7491168765629899
1.7492097186690432
1.7494956057949138
1.7494248609131877
1.7488294716592494
1.748983615890713
1.7487435564141933
1.7486703141666151
1.7484230346781413
1.7482132261160057
1.7517927336418182
1.751810792962263
1.7472308195725936
1.7535619993616287
1.753579680432386
1.7535960035458082
1.7531476522914249
1.7533749091390198
1.753726213983754
1.7538312751653453
1.7531693755439572
1.7530463534270704
1.7530327267668635
1.7529056177696611
1.7535006915195535
1.7536658609846265
1.749266375058744
1.7491249230961017
1.7515937484633877
1.751181588523853
1.7510230492578676
1.7509615741126623
1.7507615329197892
1.7508472088784344
1.7506027501124193
1.750679389357045
1.7507477491785468
1.7532168670345358
1.7529386725868406
1.7525188985533293
1.7516589610755968
1.752031787791875
1.7517200819991117
1.7523963895722263
1.7524853864071483
1.7516546482709727
1.7518346925345603
1.7518673949473638
1.7519234117805238
1.7520358158447675
1.7507974843246044
1.7518660811581206
1.7515365843523807
1.7515758663440806
1.7489269911762544
1.750007112128484
1.7501776958717041
1.7498145982914763
1.7495977163902174
1.749404930266082
1.7500902421311018
1.7496892160906026
1.749444409898652
1.7499379654569078
1.7495674273861497
1.7492537139590536
1.7493038389312983
1.7503453023953361
1.7506298696053009
1.7505200581343452
1.7501812554477916
1.750274279266704
1.7505599540192822
1.7504890782266678
1.7498937084043718
1.7500479151760537
1.749808019229383
1.749734509580715
1.7494876474128327
1.749277648834934
1.75285684653598
1.7528746936092365
1.748296048128457
1.7539148655304437
1.7539324855907261
1.7539488519380704
1.753500895007401
1.7537278780489471
1.7540788278201878
1.754183790065341
1.7535224549190704
1.753399554390877
1.753385886628563
1.7532588377324643
1.7538533775068277
1.7540184250387838
1.7496223629365186
1.7494809509119866
1.7519481862295252
1.751536362499267
1.7513779249999146
1.7513164390623395
1.751116540571317
1.7512021781372455
1.7509578596201048
1.7510344087554444
1.7511027175471063
1.753569786604844
1.7532919660069186
1.7528725467971884
1.7520133068881711
1.7523856983541712
1.7520742740919373
1.7527499969941158
1.7528389419063672
1.7520087656878272
1.7521886179324087
1.7522212278275282
1.7522773416860904
1.7523898618706586
1.7511523704730958
1.7522199689984772
1.7518907261651118
1.751929927624066
1.7492831312407864
1.7503627311001217
1.7505331428109925
1.7501703191488123
1.7499535907935424
1.749760906633818
1.7504457113546048
1.7500449668530984
1.7498003009168457
1.750293474590542
1.7499231767813843
1.7496097511188413
1.7496599158592516
1.7507004401956452
1.7509848056313548
1.7508750839711904
1.7505364118214701
1.7506294265371642
1.7509148268330825
1.7508439603881591
1.750249027158076
1.7504031424687247
1.7501634722586363
1.7500899301901565
1.7498433799974755
1.7496334724237155
1.7532099836992523
1.7532277499607372
1.7486528391225191
1.7537123246200523
1.7537299884196949
1.75374631969791
1.7532981272427954
1.7535252856952732
1.7538764549489476
1.753981477336812
1.7533198078727874
1.7531968325713094
1.7531831978818095
1.7530561213870626
1.7536509818014874
1.753816098416411
1.7494180628355478
1.7492766405178959
1.7517447322279263
1.7513327119041568
1.7511742196685358
1.7511127505902937
1.750912772200988
1.7509984267646226
1.7507540364800511
1.7508306430818255
1.750898980893161
1.753367253958575
1.7530891893254519
1.7526695604905875
1.751809913364144
1.752182582034539
1.751870988431927
1.7525470589225467
1.7526360306170825
1.7518055458594555
1.7519855182003012
1.7520181935910428
1.7520742260104398
1.7521866423229602
1.7509486891057873
1.7520168932966482
1.7516875045196334
1.751726761462526
1.7490787637291345
1.7501586059754524
1.7503291239718182
1.7499661439949554
1.7497493299012754
1.74955659569116
1.7502416879763683
1.7498407867403611
1.7495960490805647
1.7500894424688713
1.749719014901744
1.7494054154579348
1.7494555429827683
1.750496631966804
1.7507811101327053
1.7506713359163353
1.7503326126809757
1.7504256211601767
1.750711189111297
1.7506403255902279
1.7500451455625472
1.7501993084112637
1.749959501003732
1.7498859938839644
1.7496392421226956
1.7494292952350932
1.7530073369890264
1.7530251619725818
1.7484480674036178
1.7552488277638174
1.7552664787849288
1.7552827009707606
1.7548359591047387
1.7550624545472018
1.7554125322480882
1.755517221109381
1.7548577104079561
1.7547351200437904
1.7547215813216488
1.7545949665892824
1.7551879120793756
1.755352471504892
1.7509691053406624
1.7508282232228483
1.7532877592704463
1.7528770981296538
1.7527191556415398
1.752657948844179
1.7524586501435333
1.752543991393582
1.7523004650798883
1.7523768459132751
1.75244495366851
1.7549051181932396
1.754627827384563
1.7542095707202128
1.7533527632314105
1.753724330573425
1.7534137382409614
1.7540876107067196
1.7541762687114204
1.753348636590618
1.753528059323994
1.7535606912164183
1.7536163994334757
1.7537282419834113
1.7524945385721633
1.7535593425911
1.753231054868104
1.753270229657562
1.7506310472463984
1.7517069757644346
1.7518769633608184
1.7515152025371645
1.7512991264953557
1.7511070820765287
1.7517898637010691
1.751390329483391
1.7511464572104745
1.7516382027467408
1.751269057692112
1.7509564616471887
1.7510063450517643
1.7520440871368974
1.7523275972189982
1.7522181848992917
1.7518807214538914
1.7519733579071985
1.7522580242693209
1.7521874418415333
1.751594273120001
1.7517478938909756
1.751508848225828
1.7514356738026624
1.7511896280315797
1.7509804521294494
1.7545464628211993
1.7545642936976027
1.7500022984307813
1.754307365113265
1.7543249275325101
1.7543412491708938
1.7538946554063055
1.7541209411806313
1.7544708189070817
1.7545754611661633
1.7539161369489378
1.7537936116008646
1.753779980733932
1.7536533138838806
1.754246043491068
1.7544105908354641
1.7500278668605258
1.7498868776902405
1.7523466564541483
1.7519360836085758
1.7517781249137134
1.751716820344207
1.7515175272188541
1.7516029074531354
1.7513593258019446
1.7514356399838444
1.7515037417112171
1.753963314158121
1.7536863504173712
1.753268206260322
1.752411575884785
1.7527828246386332
1.752472348716927
1.7531460162413943
1.7532346928188884
1.7524070279616912
1.752586329923721
1.7526188349439646
1.7526747909864964
1.7527869877832432
1.7515532401354823
1.7526175847057766
1.752289340613756
1.752328418711494
1.749689654528606
1.750766007028269
1.7509358982169467
1.7505741746351957
1.7503581025091335
1.7501659987217715
1.7508487279876839
1.7504491966855478
1.7502052686460376
1.7506969461736048
1.7503277676326985
1.7500152967964084
1.7500653163003492
1.7511026721949225
1.7513861765765752
1.7512767882087608
1.7509391318499463
1.7510318699477865
1.75131639969639
1.7512457442154592
1.7506526137112388
1.750806263944772
1.7505673243737
1.7504939975111837
1.750248205981383
1.7500389288831446
1.7536045973968695
1.7536223038334935
1.7490612889305832
1.7539481772469698
1.7539658628103105
1.7539820686665566
1.753535009201997
1.7537617014346947
1.7541120503177015
1.754216816766448
1.753556845750295
1.753434161755312
1.7534206390917562
1.753293959354479
1.7538873315155077
1.7540519966413233
1.7496657297870546
1.7495247883792595
1.7519857917413688
1.7515748513690463
1.7514168148202034
1.7513555958889162
1.751156171581135
1.7512415556212055
1.7509978923446246
1.7510743384637133
1.7511424902392805
1.7536043443451614
1.7533267939073396
1.7529082468456954
1.7520508586543166
1.7524227420880965
1.7521119253753303
1.752786272006079
1.7528749802915524
1.7520468414136519
1.7522264079925125
1.7522590939290605
1.7523147709736429
1.7524265890270259
1.7511921290097974
1.7522577183140442
1.7519292145335985
1.7519684394206707
1.7493275021406383
1.7504039880704971
1.7505741071605907
1.750212111130206
1.7499958994732399
1.7498037512263727
1.750486972010536
1.7500871881838742
1.7498431788466493
1.7503352487228137
1.7499658826609221
1.7496530586494259
1.7497029369488242
1.750741427993962
1.7510251161641892
1.750915629335311
1.7505780069875223
1.7506706741202533
1.7509555540852904
1.7508849471144137
1.7502913988036501
1.7504451074205563
1.7502058846771298
1.7501327051961637
1.7498864386118536
1.7496771593291307
1.7532454819151058
1.7532633569709108
1.7486982598804597
1.7541863085295653
1.754203843918992
1.7542202071188588
1.7537735286057186
1.7539998079410928
1.7543497212713846
1.754454379023088
1.753794917890599
1.7536723782351629
1.7536587093251277
1.7535319839137782
1.75412481891498
1.754289413068966
1.749905559843654
1.7497644875021419
1.752225121281461
1.751814452967733
1.7516564391391316
1.75159507961659
1.7513957264753155
1.7514811475967245
1.7512374697953408
1.7513137832943488
1.751381904017955
1.753842025216523
1.7535650951951642
1.753146862093118
1.7522900299229252
1.752661277428573
1.7523507475220947
1.7530245496584111
1.7531132606626887
1.7522853260587457
1.7524646395578438
1.7524971081640586
1.7525531725330907
1.752665534204967
1.7514313861359583
1.752495893624587
1.7521675633193303
1.7522066181200149
1.7495671856168298
1.7506440288132181
1.7508139375448961
1.7504521149807317
1.7502359770049642
1.7500437916193157
1.7507267142857248
1.7503270596368679
1.7500830351819066
1.7505748408750734
1.750205535087397
1.749893012872137
1.7499430978731727
1.7509806351524675
1.7512642257279598
1.7511548120815044
1.75081697981479
1.750909784074608
1.7511943523179099
1.7511236480388621
1.7505303468486826
1.7506840557364605
1.7504450806732872
1.7503716750621954
1.7501259002464222
1.7499165208598337
1.7534831742316577
1.7535008405380934
1.7489387649053234
1.7544932195868947
1.7545107527300297
1.7545271745584854
1.7540798501504324
1.7543064117932552
1.754656803104411
1.754761608222537
1.75410118278743
1.7539784740710425
1.7539647531626816
1.7538378131213699
1.7544314989170033
1.7545963452406175
1.7502058824794986
1.7500645548605633
1.7525290996424707
1.752117821545136
1.7519595563579637
1.7518980687284635
1.7516984071446426
1.751783974225339
1.7515398986792385
1.7516163087410153
1.7516845334875883
1.7541482865612104
1.7538710345349147
1.7534521879469354
1.7525940811335656
1.7529658002804624
1.7526548258339858
1.753329608441485
1.7534184637204868
1.7525892294874061
1.7527687818288678
1.7528012586732105
1.7528574929365315
1.7529701476138384
1.7517340637933623
1.752800075046625
1.7524712482287215
1.7525103315817199
1.7498669301346381
1.7509455908422114
1.7511157319004527
1.7507533585613673
1.750536885463453
1.7503443811391703
1.7510283493460073
1.7506280735902318
1.750383650707908
1.7508761992421205
1.7505063074500111
1.750193340526951
1.7502435488644095
1.7512825723531549
1.7515666024485155
1.7514570264810219
1.751118604044925
1.7512115866478335
1.7514965522849057
1.7514257135949893
1.7508315016490432
1.7509854596142091
1.750746147949414
1.750672577254471
1.7504265046469119
1.7502167656127356
1.7537888565420952
1.7538065088572563
1.7492376590293222
1.754267731699259
1.7542852907490665
1.7543017003303327
1.753854137723377
1.7540808469588751
1.7544314416566211
1.7545363049653369
1.7538755342941843
1.753752755354684
1.7537390464902625
1.7536120576952672
1.7542060634941021
1.7543709890929415
1.749978350814293
1.7498369787278718
1.7523026239956627
1.751891136474681
1.7517328007419612
1.751671304012017
1.751471548222845
1.7515571473960567
1.7513129691277907
1.7513894281538436
1.751457685915666
1.7539227061751521
1.753645259426997
1.7532261950410477
1.752367652700745
1.7527396089164669
1.7524284661847627
1.7531036044160049
1.7531924974055861
1.7523628831046822
1.7525425433302568
1.7525750607076926
1.752631271591657
1.7527439078965497
1.7515072566215875
1.752573856838834
1.7522448679778428
1.7522839889040513
1.7496392713053186
1.7507183500717594
1.7508885897502815
1.7505260400061486
1.7503094651968667
1.7501168830015539
1.7508011805781083
1.7504007176155942
1.7501561919350392
1.7506489837241759
1.7502789261766194
1.749965788278629
1.7500159927872048
1.7510555779959536
1.7513397416574095
1.7512301098080365
1.7508915681951482
1.7509845738076244
1.7512696996468835
1.75119884254965
1.7506043459117802
1.7507583697613953
1.75051892528789
1.7504453507995974
1.750199112582118
1.7499892960124974
1.753563120862525
1.7535808063122378
1.7490096301165814
1.753620597868074
1.753638095907406
1.7536545487225947
1.753207380439352
1.7534338158688023
1.7537840554930546
1.753888819865332
1.7532286136692978
1.7531059563184903
1.7530922063519616
1.7529652776580695
1.7535587494813762
1.7537235531470985
1.7493343386920674
1.7491930065437566
1.7516570617617997
1.7512459104500948
1.751087676484008
1.7510261689616942
1.7508265558743716
1.7509121166548678
1.750668078635476
1.7507444475522427
1.750812654284226
1.7532756257454598
1.7529985528470753
1.752579843284906
1.7517219985133192
1.752093519478762
1.7517826582775875
1.7524572118378938
1.7525460529048043
1.7517170005215366
1.7518964687281047
1.7519288935878563
1.7519852014972235
1.7520979539224404
1.7508621427700788
1.7519277446791899
1.7515990097905734
1.7516380501840367
1.7489954113698498
1.7500739690433962
1.7502440366895706
1.7498817608634845
1.7496653396001915
1.7494728593692894
1.750156649801611
1.7497564683780895
1.749512082953233
1.750004492857809
1.7496346755718537
1.7493218254384164
1.7493720697151576
1.750410715796262
1.7506946776834627
1.7505851356448818
1.7502467245688265
1.7503397210780847
1.7506245724606841
1.7505537247111405
1.749959664665484
1.7501135970540653
1.749874378317144
1.749800771409038
1.7495548451667595
1.749345119601278
1.7529162580257973
1.7529338626637379
1.7483664211106429
1.7533784847006744
1.75339592868037
1.7534124646185254
1.752965126838178
1.7531915493897252
1.753541860221661
1.7536466555791808
1.7529861755526195
1.752863489587087
1.7528496635343531
1.7527226177178654
1.7533163003292005
1.7534811976141027
1.7490897246583235
1.7489482261675602
1.751413991416425
1.7510026491684092
1.750844304934845
1.7507826875064603
1.7505829543872955
1.7506685969420457
1.7504243666222685
1.750500734173251
1.7505689788977028
1.7530330478622635
1.7527560424026605
1.7523371549504987
1.7514789065896
1.751850425058643
1.7515394558879236
1.7522142786719281
1.7523031885924045
1.751473596715645
1.751653087996351
1.7516854400280444
1.751741964590412
1.7518550467658882
1.7506184347710316
1.751684362516811
1.7513554552017212
1.751394449001078
1.7487504735462978
1.7498300126132944
1.7500001153454698
1.7496376415545567
1.7494210885918535
1.7492284451643776
1.7499126223976926
1.7495121942807292
1.7492676160249714
1.7497602822607465
1.749390210481251
1.749077257589874
1.7491276328608039
1.750166641711352
1.7504507759862316
1.7503411833903697
1.7500024204985132
1.7500955493317274
1.750380477703724
1.7503095323579465
1.7497151309403713
1.7498691806374425
1.7496298909163182
1.749556126511061
1.7493102336968378
1.7491003035546562
1.7526734116953744
1.7526909360729377
1.7481213730601237
1.7527646014290177
1.752782144330856
1.752798532762621
1.7523514519023902
1.752577921589047
1.7529281417053009
1.753032892537079
1.7523728341745988
1.7522501865809832
1.7522364956864316
1.7521096467088733
1.7527030137750244
1.7528677604388994
1.748479877273174
1.748338662470455
1.7508016185796962
1.7503905755662827
1.7502324125432134
1.750170985933711
1.7499714471693797
1.7500569519679379
1.7498130410534734
1.7498894191552916
1.7499576028954644
1.752419962426847
1.7521428064957334
1.7517241940513977
1.750866579383972
1.751238141733186
1.7509273334616324
1.7516017443747878
1.7516905400866205
1.7508618289788347
1.7510412978604852
1.751073784096795
1.7511299256198534
1.7512424276703062
1.7500071225740688
1.751072578266342
1.7507439456903995
1.7507830272916443
1.7481411715992943
1.7492190629042303
1.749389120672617
1.7490269639193097
1.7488106244786799
1.7486182536667043
1.7493018088932328
1.7489017812886705
1.7486575233539507
1.749149781552615
1.7487801275109067
1.748467325950103
1.7485174713430558
1.7495559389670774
1.7498397938245354
1.749730280390268
1.7493921133132648
1.7494850144144845
1.7497698347554003
1.7496990571351456
1.7491052056697747
1.74925906105773
1.7490198734241758
1.7489463840067085
1.7487004050917354
1.7484908200362048
1.7520607701603528
1.752078440516002
1.7475122023297427
1.7538753544304335
1.7538927822621602
1.753909297050814
1.7534624410171922
1.7536886240198974
1.7540385602703412
1.7541432431509236
1.7534834754330344
1.7533609208133862
1.7533471127305222
1.7532202067314717
1.7538132506101238
1.7539779689600612
1.7495912511172047
1.7494499099101437
1.751912986000459
1.7515020882600114
1.7513439167360974
1.7512823694281552
1.751082853333831
1.7511684015139266
1.750924438547952
1.751000725174699
1.7510688958775011
1.753530304113959
1.753253589471397
1.752835153960849
1.7519778332728269
1.7523489578753622
1.752038323164794
1.7527124186307113
1.7528012312734398
1.7519725425897978
1.7521518425265796
1.7521841634171478
1.7522406186186081
1.752353566539645
1.751118300723513
1.75218308394432
1.751854532914278
1.7518934873886711
1.7492523738402737
1.7503307254457663
1.7505006462678057
1.7501385654677186
1.7499222478736667
1.749729815829528
1.7504132507128178
1.750013257953806
1.7497689474438833
1.7502610800891862
1.7498914118155393
1.749578795261348
1.749629111416655
1.750667002682476
1.750950828153358
1.750841353972602
1.7505029656166302
1.7505959899385874
1.7508806128122412
1.750809746943443
1.750215990698366
1.7503698719337777
1.7501308390526038
1.7500571597181724
1.7498115262064562
1.7496018275783645
1.7531710609932023
1.7531885702767018
1.748623945273285
1.7541760049472808
1.754193398236778
1.7542099293550173
1.7537633909199335
1.7539893771324047
1.7543390422007281
1.754443647493857
1.753784340090695
1.7536618791018646
1.7536480549604145
1.753521213966275
1.7541138311739917
1.7542784438236292
1.7498946266708126
1.7497533447537326
1.7522149535295362
1.7518043350206187
1.7516462575574336
1.7515847223834173
1.7513853318962285
1.7514708372863028
1.7512270112832158
1.7513032326242606
1.7513713593067308
1.7538310779620372
1.75355462294862
1.7531364778353657
1.7522797378499206
1.75265054636069
1.752340136030424
1.7530137573313518
1.7531025196933079
1.7522743377667636
1.7524534938580607
1.752485760704506
1.7525422470784406
1.7526552194960299
1.7514207102858792
1.752484708221375
1.752156373248783
1.752195277625562
1.7495559189460337
1.750633713139703
1.7508035024680344
1.750441656874677
1.7502254748957828
1.7500331466796837
1.7507161424033508
1.7503163992533228
1.750072225807708
1.7505640341131135
1.7501945868467286
1.7498821982591106
1.7499325195195945
1.7509696618254114
1.7512533092081668
1.7511439095365828
1.750805680082999
1.7508986737255328
1.751183082996271
1.7511122416705622
1.750518865014717
1.7506726584041963
1.7504338026013022
1.7503601283246712
1.7501147156261818
1.7499051203786822
1.7534720418992957
1.7534895070033938
1.7489279838236063
1.7529338306228832
1.7529512642823024
1.7529678482742952
1.7525201054723984
1.752746690556974
1.7530972920790278
1.7532021785645011
1.7525410903896577
1.7524183010361158
1.752404431969991
1.7522772414322594
1.752871455471685
1.753036515458733
1.748640810523609
1.748499135397273
1.7509674670694515
1.7505557372916136
1.750397228054303
1.7503355175791806
1.75013558452989
1.7502213258566004
1.7499768314690076
1.7500532551206405
1.7501215668572352
1.7525879373327984
1.7523107552767792
1.7518914803094903
1.751032421141853
1.7514042143188917
1.7510929678382492
1.7517684074343935
1.7518574129907205
1.751026973081382
1.7512066075324892
1.751238952231748
1.7512956120079504
1.7514089200616376
1.7501710454046755
1.7512379046526032
1.7509086789673904
1.7509476816565794
1.7483011682110936
1.749381931058523
1.7495521751621945
1.7491893470917725
1.7489725766912494
1.748779720016807
1.7494645716155381
1.7490637400706315
1.7488188972604288
1.7493120395420132
1.7489415835110085
1.7486283540804248
1.7486788231299666
1.749718759397601
1.7500031787903505
1.749893483081003
1.7495543172877062
1.7496475722083829
1.749932745224978
1.749861705206822
1.7492667156197297
1.7494209301633585
1.7491814322605874
1.7491075453068927
1.7488614843521364
1.7486513103194117
1.7522279186547254
1.7522454214939827
1.747671553290703
1.75349555939957
1.753512826175533
1.753529561018793
1.7530825194413129
1.7533085226565848
1.753658433539648
1.7537631356927457
1.7531030286345841
1.7529804727012366
1.75296646235892
1.7528393123070625
1.7534325631525858
1.7535974362752471
1.749207247698051
1.7490655351023436
1.75153178578383
1.7511206201262532
1.7509622434791912
1.750900430506518
1.7507007085379376
1.7507864290611532
1.7505420880663813
1.7506183223143905
1.750686554983116
1.753149439792027
1.752873088468277
1.7524544260307175
1.7515965318963491
1.7519674131890595
1.751656676839856
1.7523310897412776
1.752420036807341
1.7515903794577934
1.7517696291958051
1.7518017274831368
1.7518587476964547
1.751972538365553
1.750735837897669
1.751800846746164
1.7514720266930264
1.751510827108943
1.7488676881107132
1.7499480751409642
1.7501179850577253
1.7497555857506195
1.7495390406194091
1.7493462784548641
1.7500303509709223
1.749629928685042
1.749385238896098
1.749877769114475
1.749507630362425
1.7491949278883137
1.7492455753579752
1.7502838118274024
1.7505679347013863
1.750458390009308
1.7501192412906244
1.7502125734129033
1.7504972285578628
1.7504261371057979
1.7498318121228467
1.7499859207450346
1.7497468432120629
1.7496727739281044
1.7494273895964456
1.749217257062048
1.7527896808467147
1.7528069563447197
1.7482393540597274
1.7530319402293388
1.7530493830858886
1.753065948338338
1.7526182876105352
1.7528448513158064
1.7531954011381743
1.7533002701789053
1.752639308001035
1.7525165375050265
1.7525026854531298
1.7523755323216608
1.7529696403302122
1.753134663699928
1.7487398859762457
1.7485982598467706
1.7510659805969297
1.750654333457111
1.7504958635442607
1.7504341820623968
1.750234294721959
1.7503200102563528
1.7500755810642172
1.7501519968965837
1.7502202936325195
1.752686178534607
1.7524090120725355
1.7519898178774065
1.7511309321949202
1.7515026864845873
1.7511914950438692
1.751866808063465
1.7519557901213034
1.7511255484299753
1.751305159131863
1.7513375152826205
1.7513941247921323
1.7515073534703236
1.7502697735997332
1.75133645322783
1.7510072976564164
1.7510463057319305
1.7484003458052015
1.749480793627791
1.749651012523248
1.7492882633448743
1.749071542821098
1.7488787399243044
1.7495634399278341
1.7491627012574114
1.7489179237879722
1.7494109614442697
1.7490405966625577
1.7487274214172805
1.7487778583564222
1.7498176103116956
1.7501019643465094
1.7499922905901288
1.7496532326135805
1.74974645061834
1.7500315776872217
1.74996056513601
1.7493657083405514
1.749519882576317
1.7492804245543814
1.7492065776071988
1.7489605358970826
1.7487504259311066
1.7523262528505927
1.752343770232519
1.7477708201221227
1.7528649896911512
1.752882369852507
1.7528990223103196
1.7524512714850464
1.752677773114856
1.7530283263493776
1.7531332069784875
1.752472086048772
1.7523493103457422
1.7523353781929945
1.7522081241901568
1.7528023363190037
1.7529674268828241
1.748571115830904
1.748429338181471
1.7508984021338245
1.7504866338655771
1.7503280772004317
1.750266288845979
1.7500663128754819
1.7501520994866249
1.749907512234826
1.7499839103799824
1.7500522341033038
1.7525187941134306
1.7522417599974267
1.7518224605116288
1.7509633164154739
1.7513349891858
1.7510237458706124
1.7516992095726593
1.7517882479138709
1.7509575934183255
1.751137191232979
1.7511694610446484
1.7512262950002793
1.7513398595528675
1.7501016679912775
1.7511684771347147
1.750839203151191
1.7508781521081949
1.7482312942580893
1.7493125841211732
1.7494828052292046
1.7491199168876868
1.7489030985682892
1.7487101584319313
1.7493951354465491
1.74899421248493
1.748749276450667
1.7492424893531893
1.7488719253297529
1.7485587043181787
1.7486092735278036
1.7496492010125195
1.74993368291298
1.749823977226612
1.74948460715986
1.7495779498187192
1.749863100476269
1.7497919964645963
1.7491968931945263
1.7493511627772986
1.7491116780407303
1.749037674860847
1.748791721782092
1.7485814330845644
1.7521586517466932
1.7521760778233912
1.7476017817091838
1.754188587185243
1.7542059506370569
1.7542225966025151
1.7537751660502385
1.754001498708069
1.7543517968563143
1.7544566018500922
1.7537959521533948
1.7536732655310119
1.7536593383485524
1.7535321705056612
1.754125956600432
1.7542909312716957
1.7498977229487465
1.7497560387636601
1.7522233913081107
1.7518119151015301
1.751653468306392
1.7515917180456422
1.7513918819893493
1.7514776107156593
1.7512331913814838
1.7513095327430972
1.7513778084505107
1.7538426157012976
1.7535657919011007
1.7531467909854332
1.752288255901361
1.7526596527154916
1.7523486327254554
1.753023614227211
1.7531125913593555
1.752282515149643
1.7524619813309636
1.7524942220610393
1.7525510291293356
1.7526645326788424
1.75142720335811
1.7524932439177334
1.752164202091096
1.752203118861214
1.7495581306815178
1.7506386874608935
1.7508087847404292
1.7504461516960075
1.7502294849647246
1.750036676477046
1.7507211725267449
1.750320529646348
1.7500757617510792
1.7505686267733909
1.7501983197546944
1.7498853239033567
1.7499358648314638
1.7509750462838156
1.751259329260246
1.751149701408723
1.7508105583355105
1.7509038410688857
1.7511887855765353
1.7511177274391247
1.7505230416526116
1.7506772050430714
1.7504378929960476
1.750363933616027
1.750118165391833
1.749908018296498
1.7534827216221307
1.7535001291069467
1.7489290774533452
1.7532178558599667
1.7532351750108472
1.7532518707025817
1.7528045142010222
1.7530307420247837
1.753380940185811
1.7534857218784834
1.7528251654238856
1.752702511309549
1.752688538054694
1.7525613441529604
1.753155022306278
1.7533199909369814
1.7489271037086784
1.7487853659973562
1.7512528398999614
1.750841407840991
1.7506829529424788
1.7506211537956562
1.7504213205270094
1.750507068745436
1.7502626217425117
1.7503389297783818
1.750407202471864
1.7528717136837384
1.7525950534175052
1.7521761087554877
1.7513176622280482
1.751688899748096
1.751377937963438
1.7520528169945486
1.7521418034130896
1.75131171083518
1.7514911166308271
1.7515232939248124
1.7515802249058459
1.7516939055787586
1.750456554139769
1.7515223649750713
1.7511933449639219
1.75123221338818
1.7485874343226213
1.749668203092811
1.7498382521684936
1.7494756377450231
1.7492589729716135
1.7490661347996677
1.7497506046700526
1.749349963247426
1.7491051674688605
1.749597998486823
1.7492276747249875
1.7489147414779662
1.7489653504557563
1.7500043388128281
1.7502886189390343
1.7501790030634576
1.749839763533538
1.7499330970891795
1.7502179732900696
1.7501468786260872
1.7495522119482303
1.7497063900699692
1.749467131069984
1.749393095470288
1.7491474543667351
1.7489372566733457
1.7525117889099653
1.7525291341748919
1.747958572703246
1.75560807678711
1.7556255102345668
1.7556418784517498
1.755196637155407
1.7554221143894917
1.7557708556877756
1.7558751701523012
1.755217813190957
1.755095681223688
1.7550820031366385
1.754955633712494
1.7555465506050671
1.755710638530932
1.751340444527593
1.7511997415140916
1.7536530400979355
1.7532436668165026
1.7530861236890167
1.7530248966484727
1.7528261516605135
1.752911334942391
1.752668366338209
1.7527444115580342
1.7528123222034189
1.7552646507522411
1.7549887411220204
1.7545718393263068
1.7537177052462265
1.7540876507456389
1.7537781273850672
1.7544497716730272
1.7545382236289446
1.7537127840181475
1.7538914868490194
1.7539237871442683
1.7539798176100074
1.754092033017468
1.752861606580004
1.7539226303892248
1.753595320640801
1.7536342037344088
1.7510030125457536
1.7520768203732833
1.752246160378914
1.7518854565161308
1.7516699767274446
1.7514783420298918
1.7521591630621114
1.7517607230703955
1.7515174086288798
1.7520076841715688
1.751639480909005
1.7513279761243143
1.7513779839385628
1.7524121596807583
1.752694886351969
1.7525858179738094
1.7522489050412944
1.7523414835055247
1.7526251128947528
1.752554583053126
1.7519631036974643
1.7521163622394058
1.7518781708622873
1.7518049042374837
1.7515600152052324
1.751351215696111
1.7549068552171099
1.7549243994787957
1.7503767099632888
1.7554577515286864
1.755475202247258
1.7554915622996483
1.7550461622040365
1.7552717378332379
1.7556206147225826
1.7557249679808349
1.7550673808621269
1.7549452020794496
1.7549315320216923
1.7548051300950926
1.755396260323133
1.755560401099148
1.751188756750789
1.7510480240922972
1.753502056333397
1.753092543436199
1.7529349532783485
1.7528737201708418
1.7526749123793144
1.7527601170562035
1.752517079970577
1.7525931578332534
1.7526610904888038
1.7551142638282025
1.7548382243834089
1.7544211773890481
1.7535667529576793
1.7539368565029754
1.7536272209522523
1.7542991023227066
1.7543875794190102
1.7535618864296643
1.7537406611832789
1.7537729885005897
1.7538290033800914
1.7539412065392754
1.7527104017988215
1.753771818250697
1.753444400473549
1.7534833086159634
1.7508512399928737
1.7519253265263148
1.7520947322787996
1.7517339108126515
1.7515183632163867
1.751326676604814
1.752007717216845
1.751609152420637
1.7513657694469673
1.7518562071596053
1.7514878933934104
1.7511762746254331
1.751226279887093
1.7522608301092906
1.7525436458245645
1.7524345401918187
1.7520975478081098
1.752190141612052
1.7524738778027376
1.7524033356895656
1.7518116665392889
1.7519649690041963
1.7517266890879382
1.7516534199342344
1.7514084204953697
1.751199569295952
1.7547563647640632
1.7547739311154502
1.750224690688128
1.7548793974722356
1.7548969351079546
1.7549132396792335
1.7544672070610046
1.75469320408893
1.7550426394383583
1.755147149823639
1.7544886529937676
1.7543662823992838
1.754352665487574
1.7542261547061875
1.7548181389129573
1.7549824808973142
1.7506052372078091
1.7504644201437207
1.7529211429204519
1.7525110843903298
1.7523533219202996
1.7522920905047172
1.7520930458059887
1.75217832096811
1.7519350409114434
1.7520112578476832
1.752079274548322
1.7545357638718362
1.7542591558554133
1.7538415362393014
1.752985978712285
1.753356754576684
1.7530466692102042
1.7537194908753375
1.7538080576048907
1.7529814226300853
1.7531604972868193
1.7531929576549068
1.7532488521296503
1.7533609207960958
1.752128708478555
1.7531917122025489
1.752863878409939
1.7529029046583096
1.750267441099022
1.751342466784225
1.7515121431893395
1.7511508714000967
1.7509350685464755
1.750743202099461
1.751425079225442
1.7510260456835034
1.750782419655905
1.7512734825080265
1.7509047627247836
1.750592685217323
1.7506426468819352
1.7516786979517804
1.7519618490074036
1.7518525976819876
1.7515153555846552
1.7516079815013827
1.7518921523509143
1.7518215824827355
1.7512291920483212
1.7513826518587114
1.7511440133971607
1.7510707728699197
1.7508252958459327
1.7506162761069322
1.7541774919212205
1.7541951722189308
1.7496398707813248
1.7545787469553884
1.7545963191333367
1.75461260737503
1.7541662571582632
1.754392450976423
1.7547421575079718
1.7548467454807057
1.7541877883361074
1.7540653241108057
1.754051723257682
1.7539251474713844
1.7545175583490897
1.754682006033746
1.7503018616542014
1.7501609853001328
1.7526191753913745
1.752208837629722
1.7520509810989628
1.7519897375494549
1.7517905672435912
1.7518758851957343
1.75163246817618
1.7517087503981215
1.7517768111190926
1.7542349900237582
1.7539581223781902
1.7535402123647843
1.7526840741351912
1.7530551660913563
1.752744856344574
1.7534181521746968
1.7535067691850224
1.7526796274531198
1.7528588459553385
1.7528913603675493
1.7529472236698178
1.7530592678397117
1.7518262989161888
1.7528900879254934
1.7525620380754345
1.7526011144214189
1.7499638959932622
1.7510394790902881
1.7512092869891112
1.750847779993138
1.75063184152436
1.7504398712493057
1.7511221875349092
1.7507229043839863
1.7504791412920806
1.7509705284840993
1.750601587693594
1.7502892822195613
1.750339238778996
1.751376038808845
1.7516593679525951
1.7515500421180068
1.7512126411182867
1.7513052977144379
1.7515896821668848
1.7515190877556155
1.7509263177319707
1.7510798653882926
1.7508410498484626
1.7507678042634212
1.7505221064262073
1.7503129833066147
1.7538765110151275
1.7538942354922393
1.749335832231003
1.7557520191910565
1.7557695919305778
1.7557858655151242
1.7553396767720852
1.755565800013383
1.755915387049715
1.756019938180844
1.7553612221119
1.755238800151836
1.7552252122982945
1.7550986901694872
1.7556908883485842
1.7558552729908332
1.7514767809952403
1.7513359684605279
1.753793180801122
1.7533829954853712
1.7532252017942551
1.7531639902714873
1.7529648970762597
1.7530501785385812
1.7528068609552059
1.7528831190364553
1.7529511537516846
1.755408424687587
1.7551316375432524
1.7547138809013303
1.7538580613325314
1.754229035378384
1.753918836766602
1.7545918874789288
1.7546804684205732
1.7538536515959555
1.7540328103875824
1.7540653227402616
1.7541211435689585
1.7542331144874936
1.753000629501838
1.7540640425699845
1.7537361168480874
1.7537751860559927
1.75113895986381
1.7522140885830404
1.7523838384002217
1.7520224690979798
1.7518066144097382
1.7516147238693425
1.752296778769839
1.7518976508956456
1.7516539874105805
1.7521451888923378
1.751776394602941
1.7514642003058578
1.751514126031187
1.7525505545086735
1.7528337737724566
1.7527244885181275
1.7523872350607537
1.7524798470711316
1.7527641321751366
1.7526935713665843
1.7521010290318806
1.752254514418856
1.7520157830294307
1.7519425787153526
1.7516969553260853
1.7514879221183892
1.7550500904375188
1.755067818412449
1.7505111087000043
1.7551571010118392
1.7551745862726402
1.755190929995445
1.7547452123012954
1.7549709847207309
1.7553201327921952
1.7554245636379013
1.7547665162044659
1.7546442437909706
1.7546305897918006
1.7545041228602896
1.7550956797592652
1.7552599262355797
1.7508853811971816
1.750744589248709
1.7532000888043198
1.752790296675592
1.7526326124570124
1.7525713672155792
1.7523724338169169
1.7524576812838277
1.7522145072353132
1.752290650383692
1.7523586270595743
1.7548134899801247
1.7545371909061858
1.754119853514531
1.7532648483805857
1.7536352680176477
1.753325408086622
1.7539977636220665
1.7540862909991422
1.753260091252699
1.7534390098517978
1.753471391213232
1.753527374920259
1.7536395535828908
1.752407992236455
1.753470193973642
1.7531425601390442
1.7531815183790724
1.7505476948871137
1.7516223388323782
1.7517918760785713
1.7514308194056933
1.7512151361942712
1.7510233457546585
1.751704825526312
1.7513060111211196
1.751062491083143
1.7515532531356783
1.7511847183622211
1.7508728716276705
1.7509228717841536
1.7519581709663554
1.7522411647697558
1.7521319846278378
1.7517948333417417
1.7518874578251065
1.752171407618708
1.7521008409624463
1.7515087922229382
1.7516621825337775
1.7514237255392398
1.7513504513277358
1.7511052310756439
1.7508962764956342
1.75445538385797
1.7544729943887585
1.7499206521378066
1.7543263302057044
1.7543437062240868
1.754360245507119
1.753913865871304
1.754139753688658
1.7544892831659216
1.7545938496653235
1.7539347724195253
1.7538123582461034
1.7537985260753604
1.7536717175836765
1.7542641214559254
1.7544286812554133
1.7500463144476162
1.7499050621755265
1.7523659372940747
1.7519554584009225
1.7517974279681017
1.7517358988610485
1.7515365711774271
1.7516220551724906
1.7513782976508474
1.7514544863490413
1.7515225910213454
1.753981464886076
1.7537051396872316
1.7532871397726244
1.7524306901384674
1.7528013406033536
1.7524910424632392
1.7531644266816722
1.7532531639032416
1.7524252353552463
1.7526043195238015
1.7526365593481845
1.752693061308357
1.752806045974222
1.7515719150670623
1.7526355203599029
1.752307293416035
1.7523461727440075
1.7497076914989134
1.7507852069866712
1.7509549305681487
1.7505932025781563
1.7503770884068404
1.7501848121047612
1.7508675882486173
1.7504679699030812
1.7502238649896202
1.7507155111250767
1.7503461743623232
1.750033899757992
1.7500842235710643
1.7511209913968788
1.751404549735571
1.751295187318573
1.7509570373161831
1.751050015619005
1.7513343180882857
1.7512634890341223
1.7506703021728922
1.7508240516394062
1.7505852843756515
1.7505116126279203
1.750266310336045
1.7500567667788407
1.7536225323523427
1.7536399753667393
1.7490800030987668
1.7544766554641282
1.7544940142113952
1.7545105616592207
1.7540643408226746
1.7542901302449119
1.754639524131115
1.7547440518367905
1.7540852047483555
1.7539628373903429
1.7539489971903064
1.7538222212010777
1.7544144117378593
1.7545789186871974
1.7501980022244201
1.750056779597321
1.7525169210586133
1.752106581781226
1.7519485983787701
1.75188707533868
1.7516878104586262
1.7517732730586786
1.751529584018479
1.7516057400738223
1.75167382273596
1.7541318518101148
1.7538556564258434
1.7534378017098826
1.7525816424270142
1.752952134846018
1.7526419488960543
1.753315096031992
1.7534038081131758
1.7525761329437293
1.752755145189542
1.7527873579918636
1.752843875538273
1.7529568724524143
1.7517231198482452
1.7527863324984307
1.7524582135832876
1.7524970678624532
1.7498594640517935
1.7509367008336394
1.7511063586682625
1.7507447482816354
1.750528701917898
1.7503364775298391
1.7510190340938838
1.7506195405528397
1.750375504171533
1.7508669881370402
1.7504977618779178
1.7501856012568735
1.7502359276225337
1.7512723209683467
1.7515557902629755
1.7514464651005635
1.751108394549367
1.7512013575124776
1.7514855531803004
1.751414736397682
1.7508217393310679
1.7509754448746155
1.7507367661500004
1.7506630969311694
1.7504179050459079
1.750208413179
1.7537730228053892
1.753790443730085
1.7492320223739275
1.7548295216329433
1.754846819369736
1.7548634100514826
1.7544175835386506
1.7546430991548392
1.7549921379675486
1.7550965667367857
1.7544382841234691
1.7543160383541494
1.7543021570520057
1.7541754411638804
1.7547670977251335
1.7549314827413547
1.7505539901021943
1.7504128074132055
1.7528713588247506
1.75246135575664
1.7523034741208163
1.7522419402883571
1.7520428181101535
1.7521282423174898
1.7518846935261647
1.7519607594722215
1.7520287911045198
1.7544847713804226
1.7542089498459212
1.7537914499537424
1.7529359882395885
1.753306045408313
1.7529961409888797
1.7536687034538812
1.7537573636123942
1.7529302503605835
1.75310907058739
1.7531411908720276
1.7531978054438395
1.7533109184783051
1.752078005996737
1.7531402203387871
1.7528123553960184
1.7528511291424387
1.7502156041163253
1.7512923198052768
1.7514618056075513
1.7511004691389715
1.7508845763212224
1.750692453897575
1.7513745033173869
1.7509752913153354
1.7507313951897263
1.751222497270674
1.7508535112731523
1.7505416384166608
1.7505920045504875
1.7516274587686549
1.7519107262890292
1.7518014909374093
1.7514635509230456
1.7515565047829378
1.751840425994101
1.7517696185591731
1.7511770580847714
1.751330672167286
1.7510922191792544
1.7510185175406103
1.75077363763055
1.7505642367677814
1.7541261599686615
1.7541435000815853
1.7495888133679895
1.7550320625433349
1.7550493165407675
1.7550659422916437
1.7546203513032557
1.7548456915085135
1.7551945108387887
1.755298879465315
1.7546409311697524
1.754518760173717
1.754504845798759
1.7543781575092823
1.754969493430474
1.7551338093637279
1.7507582902031653
1.7506171178072965
1.75307481282635
1.7526650063517497
1.7525071794521954
1.7524456287604033
1.7522465864804828
1.7523319936901127
1.7520885166662186
1.7521645251458402
1.7522325277584652
1.7546873040266917
1.7544117265273877
1.7539944362603426
1.7531393817636154
1.753509161727945
1.7531994266488897
1.75387164152545
1.753960274901679
1.7531334701889556
1.7533121703194976
1.753344225108513
1.7534009211194899
1.7535141380260038
1.7522816873640454
1.7533432960406161
1.7530155770414975
1.7530542953039783
1.7504199716279771
1.751496444929946
1.751665824446726
1.7513046442928282
1.751088837213489
1.7508967648402334
1.7515785266956232
1.7511794714280728
1.7509356470260078
1.7514265293923441
1.7510576731527923
1.750745974077568
1.7507963774269706
1.7518312669974956
1.7521144217876787
1.752005238992264
1.7516673500635398
1.7517603101599255
1.7520440637158872
1.751973253357104
1.7513809396803004
1.7515345062247467
1.7512961904341586
1.7512224538468024
1.7509777755053297
1.7507684139564037
1.7543288066788876
1.7543460880697406
1.7497935850868913
1.753888058982391
1.7539052681173175
1.753921958251617
1.753476279840218
1.753701585788269
1.7540504246265418
1.7541548067935682
1.7534967106644517
1.7533745299112244
1.7533605564642893
1.7532337884584797
1.753825229136826
1.7539896020719272
1.749612751622058
1.7494714618805978
1.7519302560084535
1.7515203412355618
1.75136244339299
1.7513008117883857
1.7511016951854752
1.7511871583770433
1.7509435542482215
1.751019553542792
1.7510875791472271
1.7535429673453045
1.7532674728787299
1.7528500854938516
1.751994800892963
1.7523645394735219
1.752054751464846
1.7527271089885557
1.7528157877198625
1.751988641731658
1.7521673411871175
1.752199334599574
1.752256196996861
1.7523696642781377
1.7511367075600557
1.752198462453464
1.7518706411416718
1.7519093181963712
1.7492742113985336
1.7503513510691118
1.7505207404636787
1.7501594412370027
1.7499435523350004
1.7497513705428192
1.7504333676040016
1.7500341585174926
1.7497902066252897
1.7502812406975379
1.7499122212137397
1.7496004735658808
1.749650975799073
1.75068604382668
1.750969305646607
1.750860094246878
1.750521961319101
1.750615016823526
1.7508988014211708
1.7508279209330986
1.75023539867601
1.7503890422210824
1.7501506953271266
1.750076841249132
1.7498322155803543
1.7496227135214772
1.7531842945443317
1.7532015102174772
1.748647803867792
